100.63
100.63
100.63
100.63
100.63
100.64
100.64
100.64
100.64
100.64
100.64
100.64
100.64
100.64
100.64
100.64
100.65
100.65
100.65
100.65
100.65
100.64
100.64
100.63
100.61
100.61
100.61
100.63
100.61
100.61
100.61
100.6
100.6
100.6
100.59
100.59
100.59
100.58
100.58
100.58
100.58
100.58
100.58
100.58
100.58
100.58
100.59
100.58
100.58
100.58
100.58
100.58
100.58
100.58
100.58
100.58
100.58
100.58
100.58
100.58
100.58
100.58
100.58
100.58
100.58
100.58
100.58
100.58
100.58
100.58
100.58
100.58
100.57
100.55
100.55
100.57
100.57
100.58
100.59
100.59
100.59
100.6
100.6
100.6
100.61
100.61
100.61
100.63
100.63
100.63
100.61
100.61
100.6
100.6
100.6
100.6
100.6
100.6
100.61
100.6
100.6
100.6
100.6
100.6
100.6
100.6
100.6
100.61
100.61
100.61
100.61
100.61
100.61
100.61
100.61
100.61
100.61
100.63
100.63
100.64
100.64
100.64
100.65
100.64
100.65
100.64
100.65
100.65
100.65
100.66
100.66
100.66
100.68
100.68
100.68
100.66
100.68
100.66
100.66
100.66
100.66
100.66
100.66
100.68
100.68
100.69
100.69
100.68
100.68
100.68
100.68
100.66
100.68
100.69
100.69
100.7
100.7
100.7
100.7
100.71
100.71
100.71
100.71
100.71
100.71
100.7
100.7
100.69
100.69
100.68
100.68
100.66
100.68
100.69
100.69
100.7
100.7
100.71
100.71
100.71
100.7
100.7
100.69
100.69
100.69
100.69
100.68
100.66
100.66
100.65
100.65
100.66
100.66
100.65
100.65
100.65
100.64
100.64
100.64
100.64
100.64
100.64
100.64
100.64
100.65
100.66
100.66
100.66
100.66
100.66
100.66
100.66
100.66
100.66
100.65
100.65
100.65
100.66
100.66
100.66
100.66
100.66
100.65
100.64
100.64
100.64
100.63
100.63
100.64
100.64
100.64
100.64
100.64
100.63
100.63
100.61
100.6
100.6
100.6
100.59
100.59
100.58
100.58
100.58
100.58
100.58
100.58
100.58
100.58
100.58
100.58
100.58
100.58
100.58
100.58
100.58
100.58
100.58
100.58
100.58
100.57
100.55
100.55
100.55
100.55
100.55
100.57
100.55
100.57
100.58
100.57
100.55
100.55
100.55
100.54
100.54
100.53
100.54
100.53
100.53
100.54
100.53
100.53
100.53
100.53
100.52
100.52
100.52
100.52
100.53
100.55
100.57
100.58
100.59
100.59
100.59
100.58
100.58
100.55
100.55
100.55
100.55
100.57
100.58
100.58
100.57
100.55
100.55
100.55
100.55
100.54
100.54
100.54
100.54
100.55
100.55
100.55
100.54
100.53
100.54
100.53
100.53
100.53
100.53
100.54
100.54
100.54
100.55
100.57
100.58
100.58
100.58
100.59
100.58
100.58
100.57
100.55
100.55
100.55
100.55
100.55
100.55
100.57
100.58
100.58
100.58
100.58
100.58
100.58
100.58
100.58
100.58
100.58
100.58
100.55
100.55
100.53
100.53
100.52
100.52
100.52
100.52
100.52
100.5
100.5
100.5
100.5
100.5
100.5
100.5
100.5
100.5
100.52
100.52
100.53
100.53
100.54
100.54
100.54
100.54
100.54
100.54
100.55
100.55
100.55
100.57
100.58
100.58
100.57
100.55
100.55
100.55
100.55
100.55
100.54
100.54
100.54
100.54
100.54
100.54
100.54
100.53
100.53
100.5
100.49
100.49
100.48
100.47
100.47
100.47
100.47
100.47
100.45
100.47
100.47
100.47
100.45
100.44
100.44
100.44
100.44
100.44
100.44
100.43
100.43
100.44
100.44
100.44
100.45
100.45
100.47
100.47
100.47
100.47
100.47
100.45
100.44
100.44
100.44
100.44
100.44
100.44
100.44
100.44
100.44
100.44
100.44
100.44
100.44
100.43
100.43
100.43
100.43
100.43
100.44
100.44
100.44
100.44
100.44
100.44
100.44
100.43
100.42
100.42
100.42
100.41
100.41
100.42
100.42
100.42
100.41
100.41
100.42
100.42
100.43
100.44
100.44
100.44
100.44
100.44
100.44
100.44
100.44
100.44
100.44
100.44
100.44
100.43
100.43
100.43
100.44
100.44
100.43
100.43
100.42
100.41
100.41
100.39
100.38
100.38
100.37
100.37
100.37
100.37
100.36
100.36
100.36
100.36
100.36
100.36
100.36
100.36
100.37
100.37
100.37
100.38
100.38
100.38
100.38
100.38
100.37
100.36
100.36
100.36
100.36
100.36
100.36
100.36
100.36
100.36
100.36
100.37
100.38
100.38
100.39
100.39
100.41
100.41
100.41
100.41
100.41
100.41
100.39
100.38
100.39
100.39
100.41
100.41
100.41
100.41
100.41
100.41
100.41
100.41
100.41
100.39
100.39
100.38
100.38
100.37
100.37
100.38
100.38
100.38
100.38
100.37
100.37
100.36
100.36
100.34
100.34
100.33
100.33
100.33
100.33
100.32
100.32
100.31
100.31
100.29
100.29
100.29
100.29
100.31
100.31
100.31
100.31
100.31
100.31
100.31
100.29
100.29
100.29
100.29
100.29
100.29
100.29
100.31
100.29
100.29
100.29
100.29
100.29
100.28
100.28
100.28
100.27
100.27
100.27
100.26
100.26
100.26
100.26
100.25
100.25
100.25
100.23
100.23
100.23
100.23
100.22
100.22
100.21
100.21
100.2
100.21
100.2
100.2
100.2
100.2
100.2
100.2
100.21
100.22
100.22
100.22
100.22
100.22
100.22
100.22
100.22
100.22
100.21
100.21
100.21
100.21
100.2
100.2
100.2
100.2
100.21
100.21
100.21
100.21
100.2
100.2
100.2
100.18
100.18
100.18
100.17
100.16
100.16
100.16
100.16
100.16
100.16
100.16
100.16
100.16
100.15
100.15
100.15
100.16
100.16
100.17
100.17
100.18
100.18
100.18
100.18
100.18
100.17
100.17
100.17
100.18
100.18
100.18
100.18
100.2
100.2
100.2
100.2
100.2
100.2
100.2
100.18
100.18
100.2
100.21
100.21
100.21
100.2
100.2
100.18
100.2
100.2
100.2
100.2
100.2
100.18
100.18
100.17
100.16
100.15
100.13
100.13
100.12
100.12
100.12
100.11
100.1
100.11
100.11
100.11
100.11
100.11
100.1
100.09
100.07
100.06
100.06
100.05
100.05
100.04
100.04
100.04
100.04
100.04
100.04
100.04
100.04
100.02
100.04
100.05
100.05
100.06
100.07
100.07
100.07
100.07
100.09
100.07
100.07
100.06
100.05
100.05
100.05
100.05
100.05
100.05
100.05
100.05
100.06
100.06
100.06
100.07
100.07
100.07
100.07
100.09
100.09
100.09
100.09
100.09
100.1
100.1
100.1
100.11
100.1
100.11
100.1
100.1
100.11
100.12
100.12
100.12
100.13
100.13
100.15
100.15
100.15
100.13
100.13
100.13
100.13
100.13
100.13
100.13
100.15
100.16
100.16
100.17
100.18
100.18
100.18
100.2
100.2
100.2
100.2
100.2
100.2
100.21
100.21
100.21
100.21
100.22
100.23
100.23
100.23
100.23
100.23
100.26
100.26
100.26
100.26
100.27
100.27
100.27
100.27
100.28
100.28
100.29
100.29
100.29
100.29
100.29
100.27
100.27
100.27
100.27
100.26
100.25
100.25
100.25
100.25
100.23
100.23
100.23
100.23
100.23
100.23
100.25
100.25
100.23
100.22
100.22
100.22
100.22
100.22
100.22
100.23
100.23
100.22
100.21
100.21
100.21
100.21
100.21
100.21
100.2
100.2
100.18
100.18
100.16
100.16
100.16
100.16
100.16
100.17
100.17
100.17
100.18
100.16
100.16
100.16
100.16
100.17
100.17
100.17
100.18
100.18
100.18
100.18
100.17
100.17
100.16
100.16
100.16
100.16
100.16
100.16
100.15
100.15
100.15
100.15
100.15
100.15
100.15
100.15
100.15
100.15
100.15
100.15
100.15
100.13
100.13
100.13
100.12
100.13
100.13
100.15
100.15
100.16
100.16
100.17
100.17
100.16
100.16
100.16
100.16
100.16
100.17
100.17
100.17
100.17
100.17
100.17
100.17
100.17
100.17
100.18
100.18
100.18
100.17
100.18
100.18
100.2
100.21
100.21
100.21
100.21
100.21
100.21
100.21
100.21
100.22
100.23
100.23
100.25
100.25
100.25
100.25
100.23
100.25
100.25
100.26
100.26
100.27
100.26
100.26
100.26
100.26
100.26
100.25
100.26
100.26
100.27
100.27
100.27
100.27
100.27
100.27
100.27
100.27
100.27
100.27
100.28
100.28
100.28
100.29
100.29
100.29
100.29
100.29
100.29
100.29
100.29
100.31
100.31
100.31
100.32
100.32
100.32
100.32
100.32
100.32
100.32
100.32
100.32
100.32
100.32
100.32
100.32
100.33
100.33
100.33
100.32
100.32
100.32
100.32
100.32
100.32
100.32
100.33
100.33
100.33
100.33
100.33
100.33
100.33
100.33
100.33
100.33
100.33
100.33
100.33
100.33
100.33
100.33
100.33
100.33
100.34
100.34
100.36
100.36
100.36
100.37
100.38
100.38
100.38
100.39
100.39
100.38
100.38
100.39
100.39
100.39
100.39
100.41
100.42
100.42
100.43
100.44
100.44
100.45
100.47
100.47
100.48
100.48
100.49
100.5
100.5
100.5
100.52
100.52
100.53
100.53
100.53
100.53
100.53
100.52
100.52
100.5
100.49
100.49
100.48
100.48
100.48
100.47
100.48
100.48
100.48
100.49
100.49
100.52
100.52
100.53
100.53
100.53
100.54
100.54
100.55
100.54
100.55
100.55
100.57
100.58
100.58
100.58
100.58
100.58
100.57
100.55
100.55
100.55
100.55
100.54
100.54
100.54
100.54
100.55
100.55
100.57
100.58
100.58
100.58
100.58
100.58
100.55
100.55
100.57
100.57
100.58
100.58
100.58
100.58
100.58
100.58
100.58
100.58
100.58
100.58
100.58
100.58
100.58
100.59
100.59
100.59
100.6
100.61
100.61
100.63
100.64
100.64
100.64
100.65
100.65
100.65
100.65
100.65
100.65
100.65
100.65
100.65
100.65
100.64
100.64
100.64
100.64
100.65
100.66
100.68
100.68
100.69
100.69
100.68
100.68
100.68
100.68
100.69
100.69
100.7
100.7
100.7
100.7
100.7
100.71
100.71
100.73
100.73
100.73
100.71
100.7
100.7
100.7
100.7
100.7
100.71
100.71
100.71
100.7
100.7
100.69
100.7
100.7
100.7
100.69
100.69
100.7
100.7
100.7
100.7
100.7
100.71
100.71
100.7
100.7
100.7
100.69
100.68
100.68
100.66
100.66
100.66
100.66
100.66
100.66
100.66
100.66
100.66
100.66
100.66
100.66
100.66
100.66
100.66
100.65
100.65
100.65
100.65
100.65
100.65
100.65
100.65
100.65
100.65
100.66
100.66
100.68
100.68
100.68
100.66
100.66
100.66
100.66
100.65
100.66
100.66
100.66
100.65
100.65
100.64
100.63
100.63
100.61
100.6
100.6
100.6
100.6
100.6
100.61
100.63
100.63
100.64
100.64
100.64
100.64
100.64
100.65
100.65
100.65
100.64
100.64
100.64
100.63
100.63
100.61
100.61
100.6
100.6
100.6
100.61
100.61
100.61
100.6
100.6
100.6
100.6
100.6
100.6
100.6
100.6
100.6
100.61
100.61
100.61
100.61
100.61
100.61
100.61
100.61
100.61
100.61
100.61
100.61
100.61
100.61
100.61
100.63
100.63
100.64
100.64
100.65
100.65
100.64
100.64
100.64
100.64
100.64
100.64
100.63
100.63
100.63
100.61
100.61
100.61
100.61
100.61
100.61
100.61
100.61
100.61
100.61
100.61
100.63
100.63
100.63
100.63
100.61
100.61
100.6
100.6
100.59
100.59
100.58
100.58
100.58
100.58
100.58
100.58
100.59
100.59
100.59
100.6
100.6
100.6
100.59
100.59
100.58
100.58
100.58
100.58
100.57
100.58
100.58
100.58
100.59
100.59
100.59
100.59
100.59
100.58
100.58
100.58
100.57
100.55
100.57
100.58
100.58
100.58
100.58
100.58
100.58
100.58
100.58
100.58
100.58
100.58
100.58
100.58
100.58
100.58
100.58
100.57
100.55
100.55
100.55
100.55
100.55
100.55
100.55
100.57
100.57
100.58
100.58
100.58
100.57
100.55
100.55
100.55
100.57
100.57
100.58
100.58
100.58
100.57
100.57
100.57
100.58
100.58
100.55
100.55
100.55
100.55
100.55
100.54
100.54
100.53
100.53
100.53
100.53
100.53
100.53
100.53
100.53
100.54
100.55
100.55
100.57
100.58
100.58
100.58
100.58
100.57
100.55
100.55
100.54
100.54
100.54
100.54
100.54
100.55
100.55
100.55
100.57
100.58
100.58
100.58
100.58
100.58
100.58
100.58
100.58
100.58
100.57
100.57
100.58
100.58
100.58
100.59
100.59
100.59
100.6
100.6
100.6
100.6
100.61
100.63
100.63
100.64
100.64
100.65
100.65
100.66
100.66
100.66
100.66
100.66
100.66
100.66
100.66
100.66
100.66
100.66
100.66
100.68
100.69
100.7
100.7
100.71
100.73
100.74
100.75
100.75
100.75
100.74
100.73
100.73
100.73
100.74
100.74
100.75
100.75
100.75
100.74
100.75
100.75
100.74
100.74
100.75
100.76
100.76
100.77
100.77
100.77
100.77
100.77
100.76
100.76
100.76
100.76
100.76
100.76
100.77
100.77
100.77
100.77
100.77
100.77
100.76
100.76
100.76
100.76
100.76
100.76
100.76
100.75
100.75
100.75
100.75
100.75
100.75
100.75
100.75
100.75
100.75
100.75
100.74
100.75
100.75
100.75
100.75
100.75
100.75
100.75
100.75
100.75
100.76
100.76
100.76
100.76
100.76
100.76
100.77
100.77
100.77
100.77
100.77
100.77
100.79
100.79
100.79
100.79
100.79
100.77
100.77
100.76
100.75
100.75
100.75
100.76
100.77
100.77
100.79
100.79
100.79
100.79
100.8
100.8
100.81
100.81
100.82
100.82
100.81
100.81
100.81
100.81
100.81
100.84
100.84
100.85
100.86
100.86
100.86
100.86
100.86
100.86
100.86
100.86
100.86
100.86
100.87
100.89
100.89
100.9
100.91
100.91
100.91
100.91
100.91
100.91
100.91
100.91
100.91
100.92
100.92
100.92
100.93
100.93
100.95
100.95
100.95
100.96
100.96
100.97
100.98
100.98
101
101
101
101.01
101.01
101.02
101.03
101.03
101.03
101.03
101.03
101.02
101.03
101.03
101.02
101.02
101.02
101.03
101.03
101.03
101.03
101.05
101.05
101.05
101.06
101.06
101.06
101.06
101.06
101.06
101.05
101.03
101.03
101.03
101.03
101.03
101.03
101.03
101.03
101.03
101.03
101.03
101.03
101.03
101.03
101.03
101.03
101.03
101.03
101.03
101.03
101.02
101.01
101.01
101
100.98
100.98
100.97
100.97
100.97
100.97
100.98
100.98
101
101
101
101.01
101.01
101.01
101.02
101.03
101.03
101.03
101.03
101.05
101.05
101.05
101.05
101.05
101.05
101.06
101.06
101.07
101.07
101.07
101.08
101.08
101.09
101.09
101.09
101.11
101.11
101.12
101.12
101.12
101.11
101.11
101.11
101.09
101.11
101.11
101.11
101.11
101.11
101.11
101.11
101.11
101.11
101.12
101.12
101.12
101.12
101.12
101.11
101.11
101.11
101.11
101.11
101.11
101.11
101.12
101.12
101.12
101.12
101.12
101.12
101.11
101.11
101.09
101.09
101.09
101.09
101.12
101.12
101.12
101.11
101.11
101.11
101.11
101.11
101.11
101.11
101.12
101.11
101.11
101.12
101.12
101.12
101.12
101.12
101.11
101.12
101.12
101.12
101.12
101.13
101.12
101.12
101.12
101.12
101.12
101.13
101.12
101.12
101.12
101.12
101.12
101.12
101.12
101.12
101.13
101.13
101.13
101.13
101.13
101.14
101.14
101.16
101.16
101.16
101.16
101.16
101.16
101.14
101.13
101.12
101.11
101.11
101.09
101.09
101.09
101.09
101.09
101.09
101.09
101.09
101.09
101.11
101.11
101.11
101.11
101.09
101.09
101.09
101.09
101.09
101.11
101.09
101.11
101.11
101.11
101.12
101.12
101.12
101.11
101.12
101.12
101.12
101.13
101.13
101.13
101.13
101.14
101.13
101.13
101.12
101.11
101.11
101.11
101.11
101.11
101.09
101.09
101.09
101.09
101.09
101.09
101.09
101.09
101.09
101.08
101.08
101.08
101.08
101.08
101.08
101.08
101.08
101.07
101.07
101.07
101.06
101.06
101.05
101.05
101.03
101.03
101.03
101.03
101.03
101.03
101.03
101.03
101.05
101.06
101.07
101.07
101.07
101.07
101.07
101.08
101.08
101.08
101.08
101.08
101.08
101.08
101.08
101.07
101.07
101.07
101.07
101.08
101.08
101.08
101.08
101.07
101.07
101.06
101.06
101.06
101.06
101.06
101.06
101.06
101.06
101.06
101.06
101.06
101.05
101.06
101.06
101.05
101.05
101.05
101.05
101.03
101.03
101.03
101.03
101.03
101.05
101.05
101.03
101.03
101.03
101.05
101.05
101.06
101.06
101.06
101.06
101.06
101.06
101.06
101.05
101.05
101.05
101.03
101.03
101.02
101.01
101.01
101
100.98
100.98
100.98
101
101.01
101.01
101.02
101.02
101.02
101.03
101.03
101.05
101.06
101.07
101.06
101.05
101.03
101.03
101.02
101.01
101.01
101.01
101.01
101.01
101.01
101.01
101
101
101
101
101.01
101
101.01
101.01
101.01
101
101
100.98
100.98
100.97
100.97
100.96
100.96
100.96
100.96
100.96
100.96
100.96
100.95
100.93
100.93
100.92
100.92
100.9
100.9
100.89
100.89
100.87
100.86
100.86
100.85
100.84
100.84
100.84
100.84
100.84
100.84
100.84
100.84
100.84
100.82
100.82
100.81
100.81
100.81
100.81
100.81
100.81
100.82
100.82
100.82
100.82
100.82
100.84
100.84
100.82
100.82
100.82
100.81
100.82
100.82
100.82
100.81
100.82
100.81
100.81
100.81
100.81
100.81
100.8
100.8
100.79
100.79
100.79
100.8
100.8
100.8
100.8
100.8
100.8
100.8
100.8
100.8
100.8
100.8
100.8
100.8
100.81
100.82
100.84
100.84
100.82
100.82
100.82
100.81
100.81
100.8
100.79
100.79
100.79
100.79
100.79
100.8
100.8
100.8
100.81
100.84
100.84
100.85
100.86
100.86
100.86
100.86
100.85
100.84
100.84
100.82
100.82
100.81
100.8
100.8
100.8
100.8
100.8
100.8
100.8
100.8
100.8
100.8
100.8
100.8
100.8
100.8
100.81
100.81
100.84
100.84
100.85
100.85
100.86
100.86
100.86
100.86
100.87
100.87
100.87
100.87
100.86
100.86
100.86
100.86
100.86
100.85
100.84
100.84
100.84
100.84
100.84
100.84
100.84
100.84
100.82
100.82
100.82
100.81
100.8
100.8
100.79
100.77
100.77
100.76
100.76
100.75
100.74
100.73
100.71
100.7
100.7
100.69
100.7
100.69
100.7
100.7
100.7
100.69
100.68
100.68
100.66
100.66
100.66
100.66
100.65
100.65
100.65
100.64
100.64
100.63
100.63
100.63
100.63
100.61
100.6
100.6
100.6
100.59
100.59
100.58
100.57
100.55
100.54
100.54
100.53
100.53
100.53
100.53
100.53
100.53
100.54
100.55
100.54
100.54
100.53
100.53
100.53
100.53
100.53
100.53
100.53
100.53
100.53
100.53
100.52
100.52
100.52
100.52
100.5
100.5
100.5
100.49
100.48
100.48
100.48
100.48
100.48
100.48
100.48
100.48
100.48
100.48
100.49
100.49
100.48
100.47
100.47
100.47
100.45
100.45
100.45
100.47
100.45
100.45
100.44
100.44
100.44
100.44
100.43
100.42
100.41
100.41
100.41
100.41
100.41
100.41
100.41
100.41
100.42
100.42
100.42
100.41
100.41
100.41
100.41
100.39
100.39
100.38
100.38
100.38
100.39
100.39
100.41
100.41
100.41
100.41
100.41
100.41
100.41
100.41
100.41
100.41
100.41
100.41
100.41
100.41
100.41
100.41
100.41
100.41
100.41
100.41
100.41
100.41
100.41
100.41
100.41
100.41
100.42
100.42
100.43
100.43
100.43
100.43
100.43
100.43
100.44
100.45
100.45
100.45
100.45
100.44
100.44
100.44
100.45
100.47
100.47
100.48
100.48
100.48
100.48
100.48
100.48
100.48
100.47
100.48
100.48
100.48
100.48
100.47
100.47
100.47
100.45
100.45
100.45
100.47
100.47
100.47
100.48
100.48
100.48
100.48
100.47
100.47
100.45
100.44
100.44
100.44
100.44
100.45
100.45
100.45
100.47
100.45
100.45
100.45
100.45
100.47
100.45
100.45
100.47
100.47
100.47
100.47
100.47
100.47
100.47
100.47
100.47
100.48
100.49
100.49
100.49
100.49
100.48
100.48
100.48
100.48
100.49
100.49
100.49
100.49
100.49
100.5
100.52
100.52
100.52
100.53
100.53
100.53
100.53
100.53
100.53
100.53
100.53
100.53
100.53
100.53
100.53
100.53
100.53
100.53
100.53
100.53
100.53
100.53
100.53
100.53
100.53
100.54
100.55
100.55
100.55
100.55
100.55
100.55
100.54
100.55
100.54
100.54
100.54
100.54
100.54
100.55
100.55
100.55
100.55
100.55
100.54
100.54
100.55
100.55
100.55
100.55
100.55
100.57
100.57
100.58
100.58
100.58
100.58
100.58
100.58
100.58
100.58
100.58
100.59
100.59
100.59
100.59
100.6
100.6
100.6
100.6
100.6
100.6
100.6
100.6
100.6
100.6
100.61
100.61
100.63
100.63
100.63
100.64
100.64
100.65
100.64
100.65
100.65
100.65
100.65
100.65
100.65
100.65
100.64
100.64
100.64
100.64
100.64
100.64
100.64
100.64
100.63
100.61
100.61
100.61
100.61
100.61
100.61
100.61
100.61
100.61
100.61
100.61
100.61
100.6
100.6
100.6
100.6
100.6
100.6
100.6
100.6
100.6
100.6
100.59
100.58
100.58
100.55
100.55
100.55
100.55
100.55
100.55
100.55
100.55
100.55
100.55
100.55
100.54
100.54
100.53
100.53
100.53
100.53
100.53
100.53
100.53
100.53
100.53
100.53
100.53
100.53
100.53
100.53
100.53
100.53
100.53
100.53
100.53
100.53
100.53
100.53
100.53
100.52
100.5
100.49
100.48
100.49
100.49
100.5
100.52
100.53
100.53
100.55
100.55
100.57
100.57
100.57
100.55
100.55
100.55
100.55
100.55
100.57
100.57
100.58
100.58
100.59
100.59
100.59
100.58
100.58
100.55
100.55
100.55
100.55
100.57
100.57
100.57
100.58
100.58
100.58
100.58
100.57
100.55
100.55
100.54
100.54
100.53
100.54
100.54
100.54
100.55
100.54
100.55
100.55
100.57
100.57
100.58
100.58
100.58
100.58
100.58
100.58
100.58
100.58
100.58
100.58
100.58
100.57
100.55
100.54
100.53
100.53
100.53
100.53
100.54
100.55
100.55
100.55
100.55
100.53
100.53
100.53
100.53
100.53
100.53
100.53
100.53
100.53
100.52
100.5
100.49
100.49
100.49
100.48
100.48
100.48
100.48
100.48
100.48
100.48
100.48
100.48
100.48
100.48
100.48
100.48
100.48
100.48
100.48
100.49
100.49
100.49
100.5
100.52
100.52
100.52
100.52
100.5
100.5
100.49
100.49
100.48
100.48
100.48
100.48
100.47
100.47
100.47
100.47
100.48
100.49
100.49
100.48
100.47
100.47
100.45
100.44
100.44
100.44
100.43
100.43
100.42
100.42
100.41
100.41
100.41
100.41
100.42
100.42
100.42
100.42
100.42
100.42
100.43
100.44
100.44
100.44
100.44
100.44
100.44
100.44
100.44
100.44
100.44
100.43
100.43
100.43
100.43
100.43
100.42
100.42
100.42
100.42
100.42
100.42
100.42
100.42
100.41
100.41
100.41
100.41
100.41
100.41
100.41
100.39
100.41
100.41
100.42
100.42
100.42
100.42
100.41
100.41
100.41
100.41
100.41
100.41
100.41
100.41
100.41
100.41
100.42
100.42
100.42
100.43
100.44
100.44
100.45
100.45
100.45
100.45
100.45
100.44
100.44
100.43
100.43
100.43
100.43
100.42
100.42
100.41
100.41
100.41
100.41
100.41
100.41
100.39
100.38
100.38
100.37
100.37
100.37
100.37
100.38
100.38
100.38
100.38
100.37
100.37
100.37
100.37
100.37
100.37
100.37
100.36
100.34
100.34
100.33
100.32
100.32
100.31
100.31
100.32
100.32
100.31
100.31
100.32
100.32
100.32
100.33
100.33
100.33
100.32
100.32
100.32
100.32
100.32
100.32
100.32
100.31
100.32
100.32
100.33
100.33
100.33
100.33
100.33
100.32
100.32
100.32
100.31
100.31
100.31
100.31
100.31
100.31
100.31
100.31
100.31
100.31
100.32
100.32
100.33
100.33
100.33
100.33
100.33
100.33
100.33
100.34
100.34
100.34
100.34
100.34
100.34
100.34
100.34
100.33
100.33
100.33
100.33
100.33
100.33
100.33
100.34
100.34
100.36
100.36
100.36
100.36
100.36
100.37
100.37
100.37
100.38
100.38
100.38
100.39
100.41
100.41
100.41
100.41
100.41
100.41
100.39
100.41
100.41
100.41
100.41
100.41
100.42
100.42
100.42
100.41
100.42
100.42
100.43
100.44
100.44
100.47
100.47
100.48
100.48
100.48
100.48
100.48
100.48
100.49
100.5
100.5
100.5
100.49
100.49
100.48
100.48
100.48
100.47
100.47
100.47
100.47
100.45
100.45
100.45
100.47
100.47
100.48
100.48
100.48
100.48
100.48
100.48
100.48
100.48
100.48
100.48
100.48
100.48
100.49
100.5
100.52
100.53
100.53
100.53
100.53
100.53
100.53
100.52
100.5
100.49
100.49
100.49
100.49
100.49
100.5
100.52
100.52
100.53
100.54
100.55
100.55
100.57
100.57
100.58
100.58
100.58
100.55
100.55
100.57
100.57
100.57
100.58
100.58
100.59
100.6
100.61
100.63
100.63
100.64
100.64
100.64
100.64
100.64
100.63
100.63
100.63
100.63
100.63
100.64
100.64
100.65
100.66
100.66
100.66
100.66
100.66
100.66
100.68
100.69
100.69
100.68
100.68
100.66
100.66
100.66
100.66
100.68
100.68
100.69
100.7
100.69
100.69
100.68
100.66
100.66
100.66
100.66
100.66
100.66
100.65
100.65
100.64
100.64
100.64
100.63
100.63
100.63
100.64
100.66
100.66
100.66
100.66
100.66
100.66
100.66
100.65
100.65
100.65
100.65
100.65
100.65
100.65
100.65
100.66
100.66
100.66
100.66
100.66
100.66
100.66
100.66
100.66
100.66
100.66
100.68
100.68
100.68
100.68
100.68
100.68
100.68
100.69
100.69
100.69
100.69
100.69
100.69
100.7
100.7
100.7
100.71
100.71
100.73
100.71
100.71
100.71
100.71
100.71
100.73
100.73
100.73
100.73
100.73
100.73
100.73
100.71
100.71
100.71
100.71
100.71
100.71
100.73
100.73
100.73
100.74
100.74
100.75
100.75
100.75
100.75
100.76
100.76
100.77
100.77
100.77
100.77
100.77
100.77
100.77
100.77
100.77
100.76
100.76
100.79
100.79
100.79
100.79
100.8
100.8
100.81
100.8
100.8
100.8
100.8
100.8
100.8
100.81
100.81
100.81
100.81
100.82
100.84
100.84
100.84
100.86
100.86
100.86
100.86
100.89
100.89
100.89
100.9
100.9
100.91
100.91
100.91
100.9
100.9
100.9
100.9
100.9
100.9
100.9
100.9
100.9
100.91
100.91
100.91
100.91
100.91
100.92
100.93
100.93
100.93
100.93
100.93
100.93
100.95
100.96
100.97
100.98
100.98
100.98
100.98
100.98
101
101
101
101
101.01
101.01
101.01
101.02
101.02
101.02
101.03
101.03
101.03
101.03
101.05
101.05
101.05
101.05
101.05
101.05
101.05
101.05
101.05
101.05
101.05
101.05
101.05
101.05
101.05
101.05
101.05
101.05
101.06
101.07
101.07
101.08
101.08
101.07
101.07
101.06
101.06
101.06
101.06
101.06
101.07
101.07
101.07
101.07
101.08
101.07
101.07
101.06
101.06
101.05
101.03
101.03
101.02
101.01
101
101.01
101.01
101.01
101.01
101.02
101.02
101.03
101.03
101.05
101.05
101.05
101.05
101.05
101.05
101.05
101.05
101.03
101.03
101.03
101.03
101.05
101.03
101.05
101.05
101.05
101.05
101.05
101.06
101.07
101.07
101.07
101.07
101.07
101.07
101.07
101.06
101.06
101.06
101.05
101.05
101.03
101.03
101.02
101.01
101.01
101.01
101.01
101.01
101.01
101.01
101.01
101.01
101.01
101.01
101.01
101.01
101.01
101.01
101.01
101.01
101
100.98
100.98
100.98
100.98
100.98
100.98
100.98
100.98
100.98
100.97
100.97
100.96
100.95
100.93
100.93
100.91
100.91
100.91
100.91
100.91
100.91
100.9
100.9
100.89
100.89
100.89
100.87
100.86
100.86
100.86
100.85
100.85
100.84
100.84
100.84
100.84
100.84
100.82
100.82
100.82
100.81
100.8
100.8
100.8
100.8
100.8
100.8
100.81
100.81
100.81
100.81
100.81
100.81
100.81
100.81
100.81
100.81
100.81
100.81
100.81
100.81
100.81
100.81
100.81
100.81
100.81
100.81
100.84
100.84
100.82
100.82
100.81
100.81
100.82
100.82
100.81
100.82
100.82
100.84
100.84
100.85
100.86
100.86
100.87
100.87
100.89
100.9
100.9
100.91
100.91
100.92
100.92
100.92
100.93
100.93
100.95
100.95
100.95
100.95
100.93
100.93
100.93
100.92
100.92
100.91
100.91
100.91
100.92
100.92
100.91
100.91
100.91
100.91
100.91
100.91
100.92
100.92
100.92
100.92
100.92
100.92
100.92
100.92
100.92
100.91
100.89
100.89
100.89
100.87
100.87
100.89
100.89
100.9
100.91
100.91
100.91
100.91
100.9
100.9
100.9
100.91
100.91
100.91
100.91
100.91
100.91
100.91
100.91
100.91
100.9
100.9
100.89
100.89
100.89
100.9
100.9
100.91
100.91
100.92
100.92
100.92
100.93
100.93
100.93
100.93
100.93
100.92
100.92
100.93
100.93
100.93
100.93
100.93
100.93
100.93
100.93
100.93
100.92
100.92
100.91
100.91
100.91
100.91
100.91
100.91
100.92
100.92
100.92
100.93
100.93
100.93
100.93
100.93
100.93
100.93
100.93
100.93
100.93
100.93
100.93
100.93
100.95
100.95
100.95
100.95
100.96
100.96
100.96
100.96
100.96
100.97
100.97
100.98
100.98
100.98
100.98
100.98
100.98
101
101
101.01
101.01
101.01
101.01
101.01
101.01
101.01
101.01
101.01
101.02
101.02
101.03
101.02
101.01
101.01
101.01
101.01
100.98
100.98
100.98
100.97
100.96
100.96
100.95
100.93
100.93
100.95
100.95
100.95
100.96
100.96
100.97
100.98
100.98
100.97
100.97
100.97
100.97
100.97
100.98
100.98
100.98
100.98
100.98
100.98
100.98
100.97
100.96
100.96
100.95
100.93
100.93
100.92
100.92
100.91
100.91
100.92
100.92
100.92
100.92
100.93
100.93
100.95
100.95
100.95
100.95
100.95
100.95
100.95
100.95
100.96
100.97
100.98
100.98
100.98
101
101
101
100.98
100.97
100.97
100.96
100.96
100.96
100.96
100.96
87.18
87.18
87.2
87.2
87.2
87.21
87.21
87.22
87.23
87.25
87.27
87.27
87.28
87.29
87.29
87.31
87.31
87.33
87.36
87.38
87.39
87.42
87.43
87.44
87.45
87.47
87.48
87.49
87.49
87.49
87.49
87.5
87.52
87.53
87.53
87.54
87.55
87.57
87.58
87.59
87.6
87.6
87.61
87.63
87.64
87.66
87.68
87.69
87.7
87.71
87.74
87.75
87.76
87.76
87.77
87.77
87.77
87.79
87.8
87.81
87.82
87.84
87.85
87.86
87.87
87.89
87.9
87.91
87.92
87.95
87.97
87.97
88
88.01
88.02
88.03
88.05
88.06
88.06
88.07
88.08
88.08
88.09
88.11
88.12
88.12
88.14
88.14
88.16
88.17
88.17
88.18
88.19
88.19
88.21
88.22
88.23
88.23
88.24
88.25
88.27
88.28
88.29
88.29
88.3
88.3
88.32
88.33
88.33
88.34
88.34
88.35
88.35
88.35
88.34
88.34
88.34
88.35
88.37
88.37
88.38
88.38
88.38
88.38
88.38
88.38
88.38
88.38
88.39
88.4
88.41
88.43
88.44
88.44
88.44
88.45
88.45
88.46
88.49
88.5
88.51
88.53
88.54
88.55
88.55
88.56
88.57
88.59
88.6
88.6
88.61
88.62
88.64
88.64
88.65
88.66
88.66
88.67
88.69
88.69
88.7
88.7
88.71
88.71
88.71
88.72
88.72
88.72
88.73
88.73
88.73
88.73
88.73
88.75
88.73
88.75
88.76
88.77
88.78
88.78
88.8
88.8
88.81
88.82
88.85
88.86
88.87
88.88
88.89
88.91
88.92
88.94
88.97
88.97
88.98
88.98
88.99
89.01
89.01
89.02
89.03
89.03
89.04
89.05
89.07
89.07
89.08
89.1
89.12
89.13
89.14
89.15
89.15
89.15
89.17
89.18
89.18
89.19
89.2
89.2
89.23
89.24
89.24
89.25
89.28
89.29
89.3
89.31
89.33
89.33
89.34
89.35
89.35
89.36
89.38
89.39
89.4
89.4
89.41
89.41
89.42
89.44
89.45
89.45
89.46
89.47
89.47
89.47
89.47
89.47
89.49
89.49
89.5
89.51
89.52
89.52
89.54
89.55
89.55
89.56
89.56
89.56
89.57
89.57
89.58
89.61
89.62
89.63
89.66
89.68
89.7
89.71
89.72
89.74
89.76
89.78
89.79
89.81
89.82
89.83
89.86
89.86
89.87
89.88
89.89
89.89
89.9
89.92
89.93
89.94
89.95
89.97
89.98
89.99
90
90
90
90.02
90
90.02
90
90.02
90.02
90.02
90.03
90.03
90.03
90.03
90.03
90.04
90.04
90.04
90.05
90.06
90.06
90.09
90.1
90.11
90.13
90.15
90.16
90.18
90.2
90.21
90.22
90.24
90.25
90.27
90.29
90.31
90.32
90.34
90.35
90.37
90.4
90.41
90.43
90.45
90.46
90.48
90.5
90.52
90.53
90.54
90.56
90.57
90.58
90.59
90.59
90.59
90.61
90.62
90.63
90.64
90.66
90.67
90.68
90.69
90.69
90.7
90.72
90.72
90.72
90.73
90.74
90.74
90.75
90.77
90.77
90.78
90.78
90.79
90.79
90.79
90.79
90.79
90.8
90.8
90.8
90.8
90.82
90.82
90.82
90.82
90.82
90.82
90.83
90.83
90.84
90.84
90.85
90.85
90.86
90.88
90.89
90.9
90.91
90.93
90.94
90.95
90.95
90.96
90.98
90.98
90.98
90.98
90.98
90.98
90.99
90.99
90.99
90.99
91
91
91
91.01
91.01
91.01
91.02
91.02
91.04
91.05
91.06
91.07
91.09
91.09
91.1
91.1
91.1
91.1
91.1
91.1
91.1
91.1
91.1
91.1
91.1
91.1
91.1
91.1
91.1
91.1
91.1
91.1
91.1
91.11
91.12
91.12
91.14
91.14
91.16
91.17
91.18
91.2
91.2
91.21
91.21
91.22
91.22
91.23
91.23
91.23
91.23
91.23
91.23
91.23
91.23
91.23
91.23
91.23
91.23
91.23
91.23
91.25
91.26
91.26
91.27
91.27
91.27
91.28
91.28
91.28
91.28
91.28
91.3
91.3
91.3
91.3
91.28
91.28
91.28
91.28
91.27
91.27
91.26
91.26
91.26
91.26
91.26
91.26
91.26
91.27
91.27
91.27
91.28
91.28
91.3
91.3
91.31
91.32
91.32
91.32
91.32
91.33
91.33
91.34
91.34
91.36
91.36
91.36
91.37
91.38
91.39
91.41
91.41
91.41
91.41
91.42
91.42
91.43
91.43
91.43
91.44
91.44
91.46
91.46
91.47
91.47
91.47
91.47
91.47
91.48
91.48
91.48
91.49
91.49
91.49
91.5
91.5
91.5
91.5
91.5
91.5
91.52
91.52
91.5
91.52
91.52
91.5
91.52
91.52
91.53
91.53
91.53
91.53
91.53
91.53
91.53
91.53
91.52
91.53
91.52
91.52
91.52
91.53
91.53
91.54
91.54
91.54
91.54
91.55
91.54
91.54
91.54
91.53
91.53
91.53
91.53
91.53
91.53
91.53
91.54
91.53
91.54
91.54
91.54
91.54
91.54
91.54
91.53
91.53
91.54
91.54
91.54
91.54
91.54
91.53
91.53
91.53
91.52
91.52
91.53
91.52
91.52
91.52
91.52
91.52
91.52
91.52
91.52
91.52
91.52
91.53
91.53
91.53
91.53
91.53
91.53
91.52
91.52
91.5
91.49
91.49
91.49
91.49
91.48
91.48
91.47
91.47
91.46
91.46
91.46
91.44
91.44
91.44
91.43
91.43
91.43
91.43
91.43
91.41
91.42
91.41
91.42
91.42
91.41
91.42
91.41
91.42
91.42
91.43
91.43
91.44
91.43
91.43
91.43
91.43
91.41
91.42
91.42
91.42
91.42
91.42
91.41
91.42
91.42
91.41
91.42
91.42
91.43
91.43
91.43
91.43
91.43
91.43
91.43
91.44
91.46
91.46
91.47
91.47
91.47
91.47
91.47
91.46
91.46
91.46
91.46
91.46
91.44
91.44
91.44
91.43
91.42
91.41
91.39
91.39
91.39
91.39
91.38
91.38
91.38
91.38
91.38
91.38
91.38
91.38
91.38
91.38
91.38
91.38
91.38
91.38
91.38
91.38
91.38
91.38
91.38
91.38
91.37
91.36
91.36
91.34
91.34
91.33
91.32
91.31
91.3
91.28
91.28
91.27
91.27
91.26
91.25
91.25
91.25
91.25
91.25
91.25
91.25
91.23
91.23
91.22
91.23
91.22
91.22
91.22
91.22
91.22
91.21
91.21
91.21
91.21
91.21
91.21
91.2
91.21
91.21
91.21
91.2
91.21
91.21
91.23
91.23
91.23
91.23
91.23
91.23
91.23
91.23
91.22
91.21
91.2
91.18
91.17
91.16
91.15
91.12
91.11
91.11
91.1
91.09
91.09
91.09
91.09
91.07
91.07
91.07
91.06
91.06
91.06
91.06
91.05
91.05
91.05
91.04
91.04
91.04
91.01
91.01
91.01
91.01
91.01
91.01
91
90.99
90.99
90.99
90.98
90.96
90.96
90.95
90.96
90.95
90.95
90.95
90.95
90.94
90.94
90.94
90.94
90.94
90.94
90.94
90.93
90.93
90.93
90.91
90.9
90.89
90.88
90.88
90.89
90.89
90.88
90.86
90.86
90.86
90.85
90.84
90.84
90.83
90.83
90.83
90.83
90.82
90.82
90.82
90.8
90.8
90.8
90.8
90.79
90.78
90.78
90.77
90.77
90.75
90.75
90.74
90.73
90.72
90.7
90.68
90.67
90.64
90.64
90.63
90.63
90.63
90.62
90.61
90.61
90.59
90.59
90.59
90.59
90.58
90.58
90.58
90.58
90.58
90.57
90.57
90.57
90.56
90.56
90.54
90.54
90.53
90.53
90.52
90.51
90.5
90.5
90.48
90.47
90.46
90.43
90.42
90.4
90.38
90.37
90.36
90.35
90.34
90.32
90.31
90.3
90.29
90.29
90.29
90.29
90.29
90.29
90.29
90.29
90.29
90.29
90.29
90.29
90.29
90.3
90.3
90.31
90.31
90.3
90.3
90.3
90.3
90.29
90.29
90.3
90.3
90.3
90.3
90.3
90.3
90.29
90.29
90.29
90.29
90.29
90.29
90.29
90.27
90.26
90.26
90.26
90.26
90.25
90.25
90.25
90.24
90.24
90.24
90.24
90.24
90.24
90.24
90.24
90.24
90.25
90.24
90.24
90.24
90.22
90.21
90.21
90.21
90.2
90.2
90.19
90.18
90.15
90.15
90.14
90.13
90.13
90.11
90.11
90.11
90.1
90.11
90.11
90.11
90.11
90.11
90.1
90.09
90.08
90.08
90.06
90.06
90.06
90.06
90.06
90.06
90.05
90.05
90.06
90.05
90.06
90.05
90.05
90.05
90.04
90.04
90.04
90.03
90.03
90.02
90.02
90
90
90
89.99
89.99
89.98
89.97
89.95
89.95
89.94
89.93
89.92
89.92
89.9
89.89
89.89
89.88
89.87
89.87
89.87
89.87
89.87
89.87
89.87
89.87
89.87
89.87
89.86
89.84
89.84
89.83
89.82
89.81
89.81
89.79
89.78
89.78
89.77
89.74
89.74
89.72
89.72
89.7
89.68
89.68
89.67
89.67
89.66
89.66
89.65
89.65
89.65
89.63
89.63
89.63
89.63
89.65
89.65
89.66
89.66
89.66
89.67
89.68
89.68
89.68
89.67
89.67
89.66
89.65
89.63
89.63
89.62
89.61
89.61
89.58
89.58
89.57
89.56
89.54
89.52
89.51
89.51
89.5
89.47
89.45
89.44
89.42
89.41
89.41
89.41
89.41
89.4
89.39
89.38
89.36
89.35
89.35
89.34
89.33
89.33
89.33
89.31
89.31
89.31
89.3
89.29
89.29
89.26
89.26
89.26
89.25
89.24
89.23
89.23
89.21
89.2
89.19
89.18
89.17
89.14
89.13
89.1
89.09
89.07
89.05
89.04
89.03
89.02
89.01
88.99
88.98
88.97
88.94
88.94
88.94
88.93
88.93
88.92
88.91
88.89
88.89
88.88
88.87
88.87
88.86
88.86
88.86
88.86
88.85
88.83
88.83
88.82
88.82
88.81
88.82
88.82
88.81
88.8
88.8
88.8
88.8
88.78
88.77
88.76
88.76
88.75
88.75
88.73
88.72
88.7
88.69
88.69
88.67
88.66
88.66
88.66
88.66
88.66
88.66
88.66
88.66
88.65
88.65
88.64
88.62
88.61
88.61
88.6
88.59
88.57
88.57
88.57
88.57
88.57
88.57
88.57
88.57
88.57
88.57
88.56
88.55
88.54
88.53
88.51
88.51
88.51
88.51
88.51
88.51
88.51
88.51
88.51
88.5
88.5
88.5
88.5
88.5
88.5
88.5
88.5
88.5
88.5
88.49
88.49
88.48
88.48
88.46
88.46
88.46
88.46
88.45
88.44
88.44
88.44
88.44
88.44
88.43
88.43
88.41
88.4
88.4
88.4
88.4
88.4
88.4
88.38
88.38
88.39
88.39
88.4
88.4
88.4
88.39
88.38
88.38
88.37
88.37
88.37
88.37
88.37
88.35
88.35
88.35
88.35
88.35
88.34
88.34
88.34
88.33
88.32
88.3
88.29
88.29
88.27
88.25
88.24
88.23
88.22
88.21
88.19
88.18
88.17
88.16
88.16
88.14
88.13
88.13
88.12
88.12
88.12
88.12
88.11
88.11
88.11
88.09
88.09
88.08
88.08
88.07
88.07
88.07
88.07
88.07
88.07
88.07
88.07
88.07
88.07
88.07
88.06
88.06
88.06
88.06
88.06
88.05
88.03
88.03
88.02
88.01
88.01
88
87.98
87.97
87.97
87.95
87.93
87.92
87.92
87.92
87.91
87.9
87.9
87.89
87.87
87.86
87.85
87.84
87.84
87.84
87.82
87.82
87.81
87.8
87.8
87.79
87.77
87.77
87.76
87.75
87.75
87.74
87.73
87.71
87.71
87.7
87.69
87.68
87.68
87.66
87.66
87.65
87.65
87.65
87.64
87.64
87.64
87.64
87.63
87.63
87.61
87.6
87.59
87.58
87.58
87.57
87.55
87.54
87.53
87.52
87.5
87.49
87.48
87.47
87.45
87.44
87.44
87.44
87.44
87.44
87.44
87.44
87.44
87.43
87.43
87.42
87.41
87.41
87.41
87.41
87.41
87.41
87.41
87.41
87.41
87.41
87.41
87.41
87.41
87.41
87.41
87.41
87.41
87.41
87.42
87.42
87.43
87.43
87.43
87.43
87.43
87.43
87.43
87.43
87.43
87.43
87.43
87.43
87.43
87.44
87.44
87.44
87.45
87.45
87.45
87.45
87.45
87.45
87.47
87.47
87.47
87.47
87.45
87.44
87.44
87.43
87.43
87.42
87.41
87.41
87.42
87.42
87.42
87.43
87.43
87.43
87.43
87.43
87.43
87.44
87.44
87.44
87.44
87.45
87.47
87.47
87.47
87.48
87.48
87.49
87.49
87.49
87.49
87.49
87.48
87.48
87.48
87.48
87.48
87.48
87.48
87.49
87.49
87.49
87.49
87.5
87.52
87.52
87.53
87.53
87.53
87.54
87.54
87.54
87.54
87.54
87.55
87.55
87.55
87.55
87.54
87.55
87.55
87.55
87.55
87.55
87.55
87.57
87.58
87.58
87.59
87.59
87.59
87.59
87.59
87.6
87.6
87.6
87.6
87.61
87.61
87.61
87.61
87.63
87.63
87.63
87.64
87.64
87.64
87.64
87.64
87.64
87.65
87.66
87.66
87.68
87.69
87.7
87.71
87.71
87.73
87.73
87.73
87.73
87.73
87.73
87.73
87.73
87.71
87.73
87.71
87.71
87.7
87.71
87.71
87.73
87.73
87.73
87.73
87.73
87.73
87.73
87.73
87.73
87.73
87.71
87.7
87.69
87.69
87.69
87.68
87.68
87.68
87.68
87.69
87.69
87.69
87.69
87.69
87.69
87.69
87.69
87.7
87.7
87.71
87.71
87.69
87.69
87.69
87.68
87.66
87.66
87.66
87.66
87.65
87.65
87.65
87.65
87.66
87.66
87.66
87.68
87.69
87.68
87.69
87.69
87.69
87.69
87.69
87.69
87.69
87.69
87.69
87.68
87.66
87.66
87.66
87.65
87.65
87.65
87.65
87.65
87.65
87.65
87.65
87.64
87.64
87.63
87.63
87.63
87.63
87.63
87.61
87.61
87.61
87.63
87.64
87.64
87.64
87.65
87.65
87.64
87.65
87.64
87.64
87.64
87.64
87.63
87.63
87.63
87.63
87.63
87.63
87.63
87.63
87.63
87.63
87.61
87.61
87.61
87.61
87.6
87.59
87.59
87.58
87.58
87.58
87.57
87.57
87.57
87.57
87.57
87.57
87.57
87.57
87.57
87.57
87.55
87.55
87.55
87.55
87.55
87.55
87.55
87.55
87.55
87.55
87.57
87.57
87.57
87.58
87.57
87.57
87.57
87.57
87.55
87.55
87.55
87.55
87.55
87.55
87.54
87.54
87.55
87.55
87.55
87.55
87.54
87.54
87.53
87.53
87.52
87.52
87.53
87.53
87.53
87.53
87.54
87.54
87.54
87.54
87.54
87.54
87.54
87.54
87.54
87.54
87.54
87.54
87.54
87.53
87.52
87.53
87.52
87.52
87.5
87.5
87.49
87.48
87.48
87.48
87.48
87.48
87.47
87.47
87.45
87.45
87.45
87.44
87.45
87.44
87.44
87.44
87.44
87.44
87.44
87.44
87.44
87.43
87.43
87.43
87.43
87.43
87.43
87.43
87.44
87.44
87.44
87.44
87.44
87.44
87.44
87.43
87.43
87.43
87.43
87.43
87.43
87.43
87.43
87.43
87.43
87.43
87.44
87.44
87.44
87.44
87.45
87.47
87.47
87.48
87.48
87.48
87.48
87.48
87.48
87.48
87.47
87.47
87.45
87.45
87.45
87.45
87.45
87.45
87.45
87.45
87.45
87.45
87.47
87.48
87.48
87.49
87.49
87.49
87.5
87.49
87.5
87.5
87.5
87.5
87.5
87.52
87.53
87.52
87.52
87.52
87.53
87.53
87.53
87.52
87.53
87.54
87.54
87.54
87.53
87.53
87.52
87.52
87.5
87.5
87.5
87.5
87.5
87.5
87.49
87.5
87.5
87.49
87.5
87.49
87.5
87.5
87.5
87.5
87.5
87.5
87.5
87.5
87.5
87.5
87.5
87.49
87.49
87.49
87.49
87.49
87.48
87.48
87.48
87.48
87.48
87.48
87.47
87.47
87.47
87.47
87.47
87.47
87.45
87.45
87.45
87.45
87.45
87.45
87.44
87.44
87.44
87.45
87.45
87.44
87.45
87.45
87.44
87.44
87.45
87.45
87.45
87.45
87.45
87.45
87.45
87.45
87.45
87.47
87.47
87.47
87.47
87.48
87.48
87.48
87.49
87.49
87.49
87.49
87.5
87.5
87.5
87.52
87.52
87.52
87.52
87.52
87.53
87.53
87.53
87.54
87.54
87.54
87.55
87.55
87.55
87.55
87.55
87.54
87.55
87.55
87.55
87.55
87.55
87.55
87.55
87.55
87.55
87.55
87.55
87.55
87.55
87.57
87.57
87.57
87.58
87.58
87.58
87.58
87.58
87.57
87.57
87.57
87.55
87.55
87.55
87.55
87.54
87.54
87.53
87.53
87.52
87.52
87.5
87.5
87.5
87.5
87.5
87.5
87.5
87.5
87.5
87.5
87.5
87.5
87.5
87.5
87.5
87.52
87.52
87.52
87.52
87.52
87.52
87.52
87.52
87.52
87.5
87.5
87.49
87.49
87.48
87.48
87.48
87.48
87.49
87.49
87.49
87.49
87.49
87.49
87.49
87.49
87.49
87.49
87.49
87.49
87.5
87.49
87.49
87.49
87.49
87.49
87.49
87.49
87.48
87.48
87.48
87.48
87.49
87.49
87.49
87.49
87.49
87.49
87.5
87.49
87.49
87.49
87.49
87.49
87.49
87.49
87.49
87.49
87.49
87.5
87.5
87.49
87.5
87.5
87.52
87.52
87.52
87.52
87.5
87.5
87.5
87.5
87.5
87.5
87.5
87.5
87.5
87.49
87.5
87.5
87.5
87.5
87.5
87.5
87.5
87.49
87.49
87.49
87.49
87.49
87.49
87.49
87.5
87.5
87.5
87.52
87.53
87.53
87.54
87.54
87.55
87.57
87.58
87.6
87.6
87.63
87.64
87.65
87.66
87.69
87.7
87.71
87.73
87.75
87.75
87.76
87.77
87.79
87.81
87.81
87.82
87.84
87.85
87.85
87.86
87.87
87.87
87.89
87.9
87.91
87.92
87.92
87.93
87.93
87.95
87.96
87.97
87.98
87.98
88
88
88.01
88.02
88.03
88.03
88.05
88.06
88.07
88.08
88.09
88.09
88.11
88.12
88.13
88.14
88.16
88.17
88.18
88.19
88.21
88.22
88.23
88.24
88.25
88.27
88.28
88.28
88.29
88.32
88.33
88.34
88.35
88.37
88.38
88.39
88.4
88.41
88.43
88.44
88.45
88.46
88.48
88.49
88.49
88.5
88.51
88.54
88.55
88.56
88.57
88.59
88.6
88.61
88.62
88.64
88.66
88.67
88.69
88.69
88.71
88.72
88.75
88.76
88.77
88.78
88.8
88.81
88.81
88.81
88.82
88.83
88.85
88.87
88.88
88.88
88.89
88.91
88.92
88.93
88.94
88.96
88.96
88.97
88.97
88.98
88.98
88.98
88.98
88.99
88.99
89.01
89.02
89.03
89.03
89.05
89.07
89.08
89.09
89.09
89.12
89.12
89.13
89.14
89.15
89.15
89.17
89.18
89.18
89.19
89.2
89.2
89.21
89.21
89.23
89.23
89.23
89.25
89.26
89.28
89.29
89.29
89.31
89.31
89.31
89.31
89.33
89.34
89.35
89.36
89.38
89.4
89.41
89.42
89.44
89.44
89.44
89.45
89.45
89.46
89.46
89.47
89.47
89.5
89.52
89.55
89.57
89.58
89.6
89.61
89.63
89.65
89.67
89.7
89.71
89.72
89.73
89.74
89.76
89.76
89.76
89.76
89.76
89.77
89.77
89.78
89.79
89.81
89.83
89.84
89.86
89.87
89.87
89.88
89.88
89.89
89.89
89.89
89.89
89.9
89.92
89.92
89.93
89.93
89.94
89.94
89.94
89.94
89.94
89.94
89.95
89.95
89.95
89.95
89.95
89.97
89.97
89.98
89.99
89.99
90
90
90
90
90.02
90.03
90.03
90.04
90.05
90.05
90.06
90.09
90.1
90.11
90.14
90.16
90.18
90.2
90.24
90.27
90.3
90.34
90.36
90.41
90.43
90.48
90.51
90.54
90.58
90.62
90.67
90.7
90.74
90.78
90.82
90.84
90.88
90.91
90.96
91
91.05
91.1
91.12
91.17
91.21
91.25
91.28
91.32
91.36
91.39
91.43
91.47
91.52
91.54
91.58
91.62
91.65
91.68
91.71
91.76
91.79
91.82
91.86
91.9
91.94
91.97
92.01
92.05
92.07
92.11
92.14
92.18
92.22
92.24
92.28
92.32
92.34
92.38
92.4
92.44
92.46
92.49
92.51
92.54
92.58
92.6
92.64
92.67
92.71
92.74
92.77
92.8
92.82
92.85
92.87
92.91
92.93
92.96
92.97
92.99
93.01
93.04
93.08
93.11
93.13
93.17
93.19
93.23
93.27
93.29
93.31
93.34
93.38
93.4
93.43
93.46
93.49
93.51
93.55
93.57
93.61
93.65
93.67
93.7
93.72
93.76
93.78
93.82
93.84
93.88
93.91
93.92
93.95
93.98
94
94.03
94.05
94.08
94.1
94.13
94.16
94.19
94.2
94.23
94.25
94.27
94.3
94.32
94.35
94.39
94.42
94.45
94.47
94.51
94.53
94.56
94.58
94.59
94.63
94.66
94.68
94.71
94.73
94.75
94.78
94.8
94.82
94.84
94.88
94.9
94.94
94.96
94.99
95.01
95.04
95.06
95.09
95.11
95.14
95.17
95.2
95.22
95.26
95.28
95.33
95.36
95.39
95.42
95.46
95.48
95.51
95.52
95.54
95.57
95.59
95.62
95.64
95.65
95.68
95.69
95.71
95.73
95.73
95.74
95.74
95.74
95.75
95.75
95.76
95.78
95.78
95.79
95.8
95.83
95.84
95.86
95.88
95.89
95.89
95.9
95.91
95.92
95.92
95.92
95.92
95.92
95.92
95.92
95.92
95.92
95.92
95.94
95.95
95.95
95.95
95.95
95.94
95.95
95.95
95.95
95.95
95.96
95.97
95.97
95.99
95.99
95.99
95.99
95.99
96
96
96.01
96.01
96.02
96.02
96.02
96.02
96.02
96.04
96.04
96.04
96.05
96.05
96.05
96.06
96.06
96.07
96.07
96.07
96.06
96.07
96.06
96.06
96.05
96.05
96.04
96.04
96.04
96.04
96.04
96.04
96.04
96.04
96.04
96.05
96.06
96.07
96.07
96.08
96.1
96.11
96.12
96.12
96.13
96.15
96.15
96.15
96.15
96.16
96.16
96.16
96.17
96.17
96.18
96.18
96.18
96.18
96.18
96.18
96.18
96.18
96.2
96.21
96.21
96.22
96.23
96.23
96.24
96.26
96.27
96.27
96.28
96.28
96.29
96.31
96.32
96.32
96.33
96.34
96.34
96.36
96.37
96.38
96.38
96.38
96.38
96.38
96.38
96.39
96.39
96.4
96.42
96.43
96.45
96.47
96.48
96.5
96.52
96.53
96.54
96.54
96.55
96.56
96.58
96.59
96.6
96.6
96.63
96.64
96.64
96.65
96.66
96.66
96.68
96.69
96.7
96.7
96.71
96.71
96.72
96.74
96.75
96.76
96.79
96.79
96.8
96.81
96.82
96.84
96.85
96.85
96.85
96.85
96.86
96.87
96.87
96.88
96.9
96.92
96.92
96.92
96.93
96.95
96.96
96.97
96.98
97
97.02
97.03
97.06
97.07
97.08
97.08
97.09
97.11
97.12
97.12
97.13
97.13
97.13
97.13
97.14
97.14
97.14
97.16
97.17
97.17
97.18
97.18
97.18
97.19
97.2
97.2
97.22
97.23
97.23
97.22
97.22
97.22
97.23
97.23
97.23
97.23
97.25
97.27
97.28
97.29
97.3
97.3
97.32
97.32
97.33
97.33
97.33
97.34
97.34
97.35
97.35
97.35
97.35
97.34
97.34
97.34
97.34
97.33
97.33
97.33
97.33
97.33
97.33
97.33
97.34
97.35
97.35
97.35
97.36
97.36
97.38
97.38
97.39
97.39
97.39
97.4
97.4
97.4
97.41
97.41
97.43
97.44
97.44
97.44
97.45
97.45
97.46
97.46
97.46
97.48
97.48
97.49
97.49
97.49
97.49
97.48
97.48
97.48
97.48
97.49
97.49
97.49
97.49
97.49
97.49
97.49
97.5
97.5
97.49
97.5
97.51
97.52
97.52
97.54
97.54
97.55
97.56
97.56
97.56
97.57
97.59
97.59
97.59
97.59
97.59
97.59
97.59
97.59
97.59
97.59
97.59
97.6
97.6
97.6
97.6
97.6
97.6
97.6
97.61
97.61
97.62
97.64
97.64
97.65
97.66
97.66
97.67
97.68
97.68
97.7
97.7
97.7
97.7
97.71
97.72
97.72
97.73
97.75
97.76
97.76
97.77
97.77
97.77
97.77
97.78
97.78
97.8
97.81
97.81
97.81
97.81
97.81
97.8
97.78
97.78
97.78
97.78
97.78
97.78
97.78
97.78
97.78
97.78
97.8
97.81
97.82
97.83
97.83
97.84
97.84
97.84
97.86
97.86
97.86
97.86
97.87
97.87
97.87
97.87
97.87
97.87
97.86
97.86
97.86
97.86
97.84
97.84
97.86
97.86
97.86
97.86
97.84
97.84
97.84
97.83
97.83
97.83
97.83
97.83
97.83
97.83
97.83
97.81
97.81
97.8
97.8
97.8
97.78
97.78
97.78
97.78
97.77
97.77
97.77
97.76
97.76
97.76
97.77
97.77
97.77
97.76
97.75
97.73
97.73
97.72
97.72
97.72
97.71
97.71
97.7
97.7
97.7
97.71
97.71
97.72
97.72
97.72
97.72
97.72
97.72
97.71
97.72
97.72
97.73
97.73
97.73
97.72
97.71
97.7
97.7
97.68
97.68
97.67
97.67
97.67
97.67
97.67
97.67
97.67
97.66
97.66
97.66
97.66
97.66
97.66
97.67
97.67
97.67
97.66
97.66
97.65
97.64
97.64
97.64
97.64
97.64
97.64
97.64
97.64
97.64
97.64
97.64
97.64
97.62
97.62
97.62
97.62
97.62
97.62
97.62
97.62
97.62
97.62
97.64
97.64
97.64
97.64
97.64
97.64
97.64
97.64
97.62
97.62
97.62
97.62
97.62
97.62
97.62
97.62
97.61
97.61
97.61
97.59
97.59
97.59
97.59
97.59
97.59
97.59
97.59
97.59
97.59
97.57
97.57
97.57
97.56
97.56
97.55
97.55
97.55
97.55
97.55
97.56
97.56
97.55
97.55
97.55
97.55
97.55
97.55
97.55
97.54
97.52
97.51
97.51
97.49
97.49
97.48
97.48
97.46
97.46
97.45
97.45
97.45
97.44
97.44
97.43
97.43
97.43
97.43
97.43
97.43
97.43
97.43
97.41
97.4
97.39
97.39
97.39
97.39
97.38
97.38
97.38
97.38
97.39
97.39
97.4
97.4
97.39
97.39
97.38
97.38
97.38
97.35
97.35
97.35
97.35
97.35
97.35
97.35
97.35
97.35
97.35
97.35
97.35
97.35
97.35
97.35
97.36
97.36
97.38
97.38
97.38
97.38
97.39
97.38
97.38
97.36
97.35
97.35
97.34
97.34
97.35
97.35
97.35
97.35
97.35
97.35
97.35
97.35
97.36
97.36
97.35
97.35
97.35
97.35
97.35
97.35
97.35
97.35
97.35
97.34
97.34
97.34
97.34
97.34
97.34
97.34
97.34
97.33
97.33
97.33
97.33
97.33
97.33
97.33
97.33
97.33
97.33
97.33
97.33
97.33
97.33
97.33
97.33
97.32
97.3
97.3
97.29
97.28
97.27
97.25
97.25
97.24
97.23
97.23
97.22
97.2
97.22
97.2
97.22
97.2
97.19
97.19
97.18
97.17
97.17
97.16
97.14
97.13
97.12
97.11
97.11
97.09
97.07
97.07
97.04
97.03
97.02
97.01
97
96.98
96.98
96.97
96.96
96.95
96.95
96.93
96.92
96.92
96.92
96.91
96.9
96.9
96.88
96.88
96.87
96.87
96.87
96.86
96.86
96.85
96.85
96.84
96.84
96.82
96.81
96.81
96.81
96.81
96.79
96.79
96.77
96.77
96.77
96.79
96.77
96.77
96.76
96.75
96.75
96.74
96.72
96.72
96.72
96.74
96.74
96.74
96.75
96.75
96.74
96.74
96.74
96.72
96.74
96.74
96.74
96.74
96.74
96.74
96.74
96.74
96.74
96.74
96.74
96.74
96.74
96.72
96.72
96.72
96.72
96.72
96.72
96.74
96.74
96.75
96.75
96.75
96.75
96.72
96.72
96.71
96.71
96.71
96.71
96.71
96.72
96.72
96.72
96.72
96.74
96.72
96.71
96.71
96.71
96.71
96.71
96.71
96.71
96.72
96.72
96.72
96.74
96.74
96.74
96.74
96.75
96.75
96.75
96.75
96.76
96.75
96.76
96.76
96.76
96.76
96.77
96.77
96.77
96.77
96.77
96.79
96.77
96.77
96.76
96.77
96.77
96.77
96.76
96.77
96.76
96.76
96.75
96.75
96.74
96.74
96.72
96.72
96.72
96.72
96.71
96.7
96.69
96.69
96.68
96.68
96.68
96.68
96.68
96.68
96.68
96.68
96.66
96.66
96.66
96.66
96.66
96.66
96.66
96.66
96.66
96.66
96.66
96.66
96.66
96.66
96.66
96.66
96.66
96.66
96.66
96.66
96.66
96.66
96.66
96.66
96.66
96.66
96.65
96.65
96.66
96.66
96.66
96.66
96.66
96.66
96.66
96.66
96.66
96.66
96.66
96.66
96.66
96.65
96.65
96.65
96.65
96.65
96.65
96.65
96.65
96.64
96.64
96.64
96.64
96.64
96.64
96.64
96.65
96.65
96.65
96.64
96.64
96.64
96.64
96.64
96.64
96.65
96.65
96.65
96.64
96.64
96.64
96.63
96.63
96.61
96.61
96.61
96.6
96.6
96.6
96.6
96.6
96.6
96.6
96.6
96.6
96.6
96.6
96.61
96.61
96.61
96.61
96.61
96.61
96.63
96.63
96.64
96.65
96.66
96.68
96.68
96.68
96.68
96.68
96.68
96.68
96.68
96.68
96.68
96.68
96.68
96.68
96.68
96.66
96.68
96.66
96.66
96.66
96.66
96.66
96.66
96.68
96.66
96.68
96.68
96.68
96.69
96.69
96.7
96.7
96.7
96.7
96.71
96.72
96.72
96.74
96.74
96.74
96.72
96.72
96.72
96.71
96.72
96.72
96.72
96.72
96.72
96.72
96.74
96.74
96.74
96.74
96.74
96.75
96.75
96.75
96.76
96.76
96.76
96.77
96.77
96.79
96.79
96.79
96.79
96.79
96.79
96.79
96.79
96.79
96.79
96.79
96.8
96.8
96.81
96.81
96.81
96.81
96.81
96.8
96.8
96.79
96.79
96.8
96.81
96.81
96.82
96.82
96.82
96.82
96.82
96.82
96.81
96.81
96.82
96.82
96.82
96.82
96.82
96.82
96.82
96.82
96.82
96.82
96.82
96.82
96.84
96.85
96.85
96.85
96.85
96.85
96.86
96.86
96.87
96.87
96.87
96.86
96.86
96.86
96.85
96.85
96.86
96.86
96.87
96.87
96.87
96.87
96.88
96.88
96.88
96.9
96.91
96.92
96.92
96.93
96.95
96.95
96.95
96.95
96.95
96.95
96.95
96.95
96.95
96.95
96.95
96.95
96.96
96.96
96.97
96.97
96.97
96.97
96.98
96.97
96.98
96.98
97
97.01
97.01
97.01
97.02
97.02
97.02
97.02
97.02
97.03
97.03
97.04
97.04
97.04
97.04
97.04
97.03
97.04
97.04
97.06
97.06
97.07
97.07
97.08
97.08
97.09
97.09
97.09
97.09
97.09
97.09
97.09
97.11
97.11
97.12
97.12
97.12
97.13
97.13
97.13
97.13
97.14
97.14
97.14
97.14
97.16
97.16
97.16
97.17
97.17
97.18
97.18
97.19
97.2
97.2
97.22
97.22
97.23
97.23
97.24
97.24
97.24
97.24
97.25
97.27
97.25
97.27
97.27
97.27
97.27
97.28
97.29
97.29
97.3
97.32
97.32
97.33
97.34
97.34
97.35
97.35
97.35
97.35
97.35
97.36
97.36
97.38
97.38
97.39
97.39
97.39
97.39
97.4
97.4
97.41
97.41
97.41
97.41
97.41
97.41
97.41
97.43
97.43
97.44
97.44
97.44
97.45
97.45
97.46
97.46
97.48
97.48
97.48
97.49
97.49
97.49
97.49
97.49
97.49
97.49
97.49
97.49
97.5
97.5
97.52
97.52
97.52
97.52
97.52
97.54
97.54
97.54
97.55
97.55
97.56
97.57
97.59
97.6
97.6
97.6
97.6
97.6
97.6
97.6
97.6
97.6
97.6
97.59
97.59
97.59
97.57
97.57
97.56
97.56
97.56
97.56
97.56
97.56
97.56
97.56
97.56
97.56
97.56
97.56
97.55
97.55
97.55
97.55
97.55
97.55
97.55
97.55
97.55
97.55
97.55
97.55
97.55
97.55
97.54
97.52
97.51
97.51
97.51
97.51
97.51
97.52
97.52
97.52
97.54
97.54
97.54
97.55
97.55
97.55
97.55
97.55
97.55
97.56
97.57
97.59
97.6
97.61
97.62
97.62
97.64
97.64
97.64
97.65
97.65
97.66
97.66
97.66
97.66
97.66
97.66
97.66
97.66
97.66
97.67
97.68
97.7
97.71
97.72
97.73
97.73
97.75
97.75
97.76
97.76
97.76
97.76
97.77
97.78
97.8
97.81
97.82
97.83
97.86
97.87
97.88
97.89
97.91
97.92
97.93
97.93
97.94
97.94
97.94
97.94
97.96
97.96
97.97
97.97
97.97
97.98
97.99
97.99
98
98
98.02
98.02
98.02
98.02
98.03
98.03
98.03
98.02
98.02
98.02
98.03
98.03
98.04
98.04
98.04
98.04
98.04
98.04
98.05
98.05
98.07
98.08
98.09
98.09
98.1
98.1
98.1
98.12
98.12
98.1
98.1
98.12
98.12
98.12
98.12
98.12
98.13
98.13
98.13
98.14
98.14
98.15
98.15
98.15
98.15
98.15
98.15
98.16
98.16
98.16
98.16
98.16
98.16
98.16
98.16
98.16
98.18
98.18
98.19
98.19
98.2
98.2
98.21
98.21
98.21
98.21
98.21
98.23
98.23
98.24
98.23
98.21
98.23
98.23
98.23
98.24
98.23
98.24
98.26
98.26
98.26
98.26
98.28
98.29
98.3
98.31
98.32
98.32
98.34
98.34
98.34
98.35
98.35
98.36
98.36
98.35
98.35
98.35
98.35
98.35
98.35
98.35
98.35
98.36
98.36
98.36
98.37
98.37
98.37
98.37
98.37
98.37
98.39
98.39
98.39
98.39
98.39
98.39
98.41
98.41
98.41
98.42
98.44
98.44
98.45
98.45
98.46
98.46
98.47
98.47
98.47
98.47
98.47
98.47
98.47
98.47
98.47
98.48
98.48
98.5
98.51
98.51
98.52
98.52
98.53
98.56
98.57
98.58
98.6
98.6
98.61
98.62
98.62
98.63
98.64
98.66
98.66
98.66
98.67
98.68
98.69
98.69
98.72
98.72
98.72
98.72
98.73
98.73
98.73
98.74
98.76
98.76
98.76
98.77
98.77
98.77
98.77
98.77
98.77
98.78
98.78
98.78
98.79
98.8
98.8
98.82
98.82
98.83
98.83
98.83
98.83
98.83
98.83
98.83
98.84
98.85
98.85
98.87
98.87
98.87
98.88
98.88
98.88
98.89
98.89
98.89
98.9
98.9
98.9
98.9
98.9
98.92
98.92
98.93
98.93
98.93
98.94
98.95
98.96
98.98
98.96
98.98
98.98
98.98
98.98
98.98
98.98
98.98
98.98
98.98
98.99
98.99
98.99
99
99
99
99.01
99
99
99
99.01
99.01
99.01
99.01
99.03
99.03
99.03
99.04
99.04
99.04
99.04
99.04
99.04
99.04
99.04
99.04
99.04
99.04
99.03
99.03
99.03
99.03
99.04
99.04
99.04
99.04
99.04
99.04
99.05
99.05
99.06
99.06
99.08
99.06
99.06
99.06
99.05
99.05
99.05
99.05
99.05
99.04
99.05
99.06
99.06
99.08
99.09
99.1
99.11
99.13
99.13
99.14
99.14
99.14
99.15
99.15
99.15
99.14
99.15
99.14
99.15
99.15
99.15
99.15
99.15
99.15
99.14
99.15
99.15
99.15
99.15
99.15
99.15
99.16
99.16
99.16
99.16
99.17
99.17
99.17
99.19
99.17
99.17
99.17
99.17
99.17
99.17
99.19
99.19
99.19
99.2
99.21
99.21
99.21
99.21
99.22
99.24
99.26
99.27
99.29
99.29
99.3
99.3
99.31
99.31
99.31
99.31
99.31
99.3
99.3
99.3
99.3
99.3
99.3
99.3
99.3
99.3
99.31
99.31
99.31
99.31
99.32
99.32
99.32
99.33
99.33
99.33
99.35
99.33
99.33
99.33
99.33
99.35
99.35
99.36
99.37
99.37
99.37
99.37
99.36
99.36
99.36
99.37
99.37
99.38
99.38
99.4
99.41
99.41
99.4
99.4
99.38
99.38
99.38
99.38
99.4
99.4
99.38
99.37
99.36
99.36
99.35
99.36
99.35
99.36
99.37
99.38
99.38
99.41
99.41
99.41
99.42
99.42
99.42
99.45
99.46
99.46
99.47
99.48
99.48
99.48
99.48
99.48
99.48
99.48
99.48
99.48
99.48
99.48
99.49
99.49
99.49
99.51
99.52
99.52
99.52
99.52
99.52
99.52
99.52
99.52
99.52
99.52
99.52
99.52
99.52
99.52
99.52
99.53
99.53
99.54
99.54
99.54
99.54
99.53
99.53
99.53
99.54
99.54
99.56
99.56
99.57
99.57
99.57
99.57
99.58
99.59
99.59
99.61
99.62
99.63
99.63
99.63
99.63
99.63
99.63
99.64
99.64
99.65
99.67
99.67
99.69
99.7
99.7
99.72
99.73
99.73
99.73
99.74
99.74
99.75
99.75
99.75
99.75
99.77
99.78
99.78
99.78
99.79
99.8
99.8
99.8
99.81
99.83
99.83
99.84
99.84
99.84
99.84
99.84
99.85
99.85
99.86
99.85
99.85
99.85
99.86
99.86
99.86
99.86
99.86
99.88
99.88
99.88
99.89
99.89
99.89
99.89
99.89
99.88
99.88
99.89
99.9
99.9
99.91
99.91
99.93
99.93
99.93
99.93
99.93
99.94
99.95
99.95
99.96
99.97
99.97
99.99
99.99
100
100.01
100.01
100
100
100
100
100
100
100.01
100.01
100.02
100.02
100.04
100.04
100.04
100.04
100.04
100.05
100.06
100.06
100.06
100.06
100.06
100.06
100.07
100.09
100.09
100.1
100.1
100.11
100.12
100.13
100.13
100.15
100.15
100.13
100.15
100.13
100.15
100.16
100.17
100.18
100.18
100.2
100.21
100.21
100.22
100.23
100.23
100.25
100.25
100.26
100.26
100.26
100.27
100.27
100.27
100.27
100.27
100.28
100.28
100.28
100.29
100.31
100.32
100.32
100.33
100.33
100.34
100.34
100.36
100.37
100.38
100.38
100.39
100.39
100.38
100.39
100.39
100.41
100.41
100.42
100.43
100.44
100.44
100.45
100.45
100.47
100.47
100.48
100.49
100.49
100.5
100.52
100.53
100.53
100.55
100.55
100.57
100.57
100.57
100.58
100.59
100.6
100.6
100.61
100.61
100.63
100.63
100.64
100.64
100.64
100.64
100.64
100.65
100.66
100.66
100.68
100.68
100.69
100.69
100.7
100.71
100.73
100.74
100.75
100.76
100.77
100.77
100.79
100.8
100.81
100.84
100.85
100.85
100.86
100.89
100.9
100.91
100.92
100.95
100.96
100.97
101
101.01
101.02
101.02
101.03
101.03
101.05
101.06
101.06
101.06
101.06
101.07
101.07
101.07
101.08
101.09
101.12
101.13
101.13
101.14
101.14
101.14
101.16
101.16
101.17
101.17
101.18
101.18
101.19
101.19
101.21
101.21
101.22
101.22
101.22
101.23
101.23
101.23
101.24
101.24
101.25
101.27
101.27
101.27
101.27
101.25
101.25
101.25
101.25
101.27
101.27
101.27
101.24
101.24
101.24
101.24
101.25
101.25
101.27
101.27
101.27
101.28
101.29
101.29
101.29
101.3
101.3
101.32
101.32
101.33
101.33
101.33
101.33
101.32
101.32
101.32
101.33
101.34
101.35
101.37
101.38
101.38
101.38
101.38
101.38
101.39
101.39
101.39
101.4
101.4
101.4
101.4
101.4
101.4
101.4
101.4
101.4
101.41
101.41
101.44
101.45
101.46
101.46
101.46
101.46
101.46
101.46
101.48
101.49
101.5
101.51
101.51
101.53
101.53
101.53
101.53
101.53
101.54
101.55
101.55
101.56
101.57
101.59
101.59
101.6
101.62
101.62
101.62
101.62
101.62
101.62
101.62
101.62
101.62
101.62
101.64
101.65
101.66
101.67
101.69
101.7
101.71
101.71
101.72
101.72
101.73
101.75
101.76
101.76
101.77
101.77
101.77
101.78
101.78
101.81
101.81
101.81
101.82
101.82
101.83
101.83
101.85
101.85
101.87
101.88
101.89
101.92
101.92
101.93
101.93
101.93
101.93
101.93
101.94
101.94
101.96
101.96
101.96
101.97
101.98
101.98
101.99
102.01
102.01
102.01
102.01
102.01
102.02
102.04
102.05
102.07
102.08
102.09
102.1
102.1
102.1
102.1
102.1
102.1
102.1
102.1
102.12
102.12
102.12
102.12
102.12
102.12
102.12
102.12
102.12
102.12
102.12
102.12
102.12
102.12
102.12
102.12
102.12
102.12
102.12
102.13
102.13
102.13
102.14
102.14
102.14
102.15
102.15
102.15
102.15
102.17
102.15
102.15
102.15
102.15
102.15
102.15
102.15
102.15
102.15
102.15
102.15
102.14
102.15
102.15
102.15
102.17
102.17
102.18
102.17
102.15
102.15
102.15
102.15
102.17
102.19
102.2
102.2
102.21
102.21
102.21
102.23
102.23
102.23
102.23
102.23
102.23
102.21
102.21
102.21
102.21
102.21
102.21
102.23
102.23
102.23
102.23
102.23
102.23
102.23
102.21
102.2
102.19
102.19
102.2
102.2
102.2
102.2
102.21
102.21
102.21
102.21
102.21
102.21
102.21
102.21
102.21
102.23
102.23
102.24
102.24
102.24
102.23
102.23
102.23
102.23
102.23
102.23
102.23
102.23
102.24
102.24
102.23
102.23
102.23
102.23
102.24
102.24
102.24
102.24
102.24
102.25
102.25
102.25
102.25
102.25
102.25
102.25
102.25
102.26
102.26
102.26
102.25
102.24
102.23
102.23
102.23
102.23
102.23
102.23
102.23
102.21
102.21
102.2
102.19
102.18
102.18
102.18
102.17
102.15
102.15
102.15
102.15
102.15
102.15
102.15
102.15
102.15
102.17
102.17
102.18
102.18
102.19
102.19
102.19
102.19
102.18
102.18
102.17
102.17
102.18
102.18
102.18
102.18
102.18
102.17
102.15
102.14
102.13
102.12
102.12
102.12
102.12
102.12
102.12
102.1
102.09
102.09
102.08
102.08
102.07
102.05
102.05
102.05
102.05
102.05
102.05
102.04
102.04
102.03
102.02
102.02
102.02
102.01
102.02
102.01
102.02
102.02
102.01
102.01
101.99
101.98
101.98
101.98
101.98
101.98
101.97
101.98
101.98
101.98
101.98
101.98
101.97
101.96
101.96
101.96
101.96
101.96
101.96
101.97
101.97
101.97
101.98
101.97
101.96
101.94
101.94
101.94
101.94
101.94
101.94
101.93
101.92
101.92
101.91
101.91
101.89
101.89
101.89
101.89
101.88
101.87
101.87
101.87
101.87
101.86
101.86
101.86
101.86
101.85
101.85
101.85
101.85
101.83
101.85
101.83
101.82
101.81
101.8
101.78
101.78
101.77
101.77
101.77
101.76
101.76
101.75
101.75
101.75
101.75
101.75
101.76
101.76
101.77
101.77
101.77
101.76
101.76
101.75
101.75
101.75
101.75
101.75
101.75
101.75
101.75
101.75
101.75
101.73
101.72
101.72
101.72
101.72
101.72
101.71
101.7
101.7
101.7
101.69
101.67
101.66
101.65
101.64
101.64
101.62
101.62
101.62
101.62
101.62
101.61
101.61
101.61
101.61
101.61
101.61
101.61
101.61
101.61
101.6
101.6
101.6
101.59
101.59
101.59
101.57
101.57
101.56
101.55
101.54
101.53
101.51
101.51
101.49
101.49
101.49
101.49
101.49
101.49
101.48
101.48
101.48
101.48
101.48
101.48
101.48
101.48
101.49
101.49
101.49
101.49
101.48
101.46
101.46
101.46
101.46
101.46
101.46
101.46
101.46
101.45
101.45
101.45
101.45
101.45
101.45
101.45
101.45
101.45
101.45
101.45
101.45
101.45
101.44
101.44
101.44
101.44
101.44
101.44
101.44
101.45
101.45
101.45
101.44
101.43
101.41
101.39
101.39
101.38
101.38
101.38
101.38
101.38
101.38
101.38
101.38
101.38
101.38
101.38
101.38
101.38
101.38
101.38
101.37
101.37
101.37
101.35
101.35
101.35
101.35
101.37
101.37
101.38
101.38
101.38
101.38
101.38
101.38
101.38
101.38
101.38
101.37
101.37
101.37
101.37
101.37
101.35
101.34
101.33
101.33
101.33
101.33
101.33
101.33
101.32
101.32
101.3
101.29
101.29
101.29
101.29
101.29
101.29
101.29
101.29
101.28
101.27
101.27
101.25
101.24
101.24
101.24
101.24
101.23
101.23
101.23
101.23
101.22
101.22
101.21
101.21
101.21
101.21
101.21
101.23
101.23
101.23
101.23
101.22
101.22
101.21
101.21
101.21
101.21
101.21
101.21
101.21
101.21
101.21
101.19
101.19
101.19
101.18
101.17
101.17
101.16
101.16
101.16
101.16
101.16
101.16
101.13
101.13
101.13
101.13
101.13
101.13
101.14
101.14
101.14
101.13
101.13
101.13
101.12
101.12
101.12
101.13
101.13
101.13
101.13
101.13
101.13
101.13
101.14
101.14
101.16
101.14
101.14
101.16
101.16
101.16
101.16
101.14
101.13
101.13
101.13
101.13
101.14
101.14
101.16
101.16
101.16
101.16
101.17
101.17
101.17
101.16
101.17
101.17
101.17
101.18
101.19
101.19
101.19
101.19
101.21
101.21
101.22
101.23
101.23
101.24
101.24
101.25
101.27
101.27
101.28
101.28
101.28
101.28
101.29
101.29
101.29
101.29
101.29
101.29
101.29
101.29
101.29
101.28
101.28
101.28
101.28
101.29
101.29
101.28
101.28
101.28
101.29
101.29
101.29
101.3
101.3
101.3
101.3
101.3
101.3
101.3
101.32
101.32
101.33
101.33
101.32
101.32
101.32
101.32
101.32
101.3
101.3
101.32
101.32
101.32
101.33
101.33
101.33
101.32
101.32
101.32
101.33
101.32
101.32
101.32
101.32
101.32
101.32
101.32
101.32
101.33
101.33
101.33
101.33
101.32
101.32
101.32
101.32
101.32
101.32
101.3
101.32
101.32
101.33
101.34
101.34
101.34
101.34
101.34
101.35
101.35
101.35
101.35
101.35
101.35
101.35
101.35
101.34
101.33
101.33
101.33
101.33
101.33
101.33
101.33
101.33
101.33
101.33
101.33
101.33
101.33
101.33
101.33
101.34
101.34
101.34
101.34
101.33
101.33
101.33
101.33
101.34
101.34
101.34
101.34
101.34
101.34
101.35
101.35
101.35
101.35
101.35
101.37
101.37
101.37
101.38
101.38
101.38
101.38
101.38
101.37
101.37
101.35
101.35
101.35
101.35
101.37
101.37
101.37
101.37
101.37
101.37
101.37
101.37
101.37
101.37
101.37
101.37
101.38
101.38
101.39
101.4
101.4
101.41
101.41
101.43
101.43
101.43
101.41
101.41
101.41
101.43
101.43
101.43
101.44
101.44
101.44
101.44
101.44
101.44
101.43
101.41
101.41
101.41
101.41
101.43
101.43
101.44
101.45
101.46
101.46
101.48
101.48
101.48
101.48
101.48
101.48
101.46
101.46
101.46
101.45
101.46
101.46
101.46
101.46
101.45
101.46
101.46
101.46
101.45
101.46
101.46
101.46
101.48
101.48
101.48
101.49
101.49
101.49
101.49
101.49
101.5
101.5
101.5
101.51
101.51
101.53
101.53
101.54
101.55
101.55
101.55
101.55
101.55
101.55
101.55
101.55
101.55
101.56
101.56
101.56
101.57
101.57
101.57
101.57
101.57
101.57
101.59
101.57
101.57
101.57
101.59
101.59
101.6
101.6
101.6
101.6
101.6
101.6
101.6
101.6
101.6
101.6
101.61
101.6
101.6
101.61
101.61
101.61
101.61
101.62
101.62
101.62
101.62
101.62
101.62
101.61
101.61
101.6
101.6
101.6
101.6
101.6
101.61
101.61
101.61
101.61
101.61
101.61
101.61
101.62
101.62
101.61
101.61
101.61
101.6
101.6
101.6
101.6
101.59
101.59
101.59
101.59
101.59
101.6
101.61
101.61
101.61
101.61
101.6
101.61
101.6
101.6
101.6
101.61
101.62
101.64
101.64
101.64
101.65
101.65
101.65
101.65
101.65
101.65
101.66
101.66
101.66
101.66
101.65
101.65
101.65
101.65
101.66
101.66
101.66
101.66
101.66
101.66
101.66
101.67
101.67
101.69
101.69
101.69
101.69
101.69
101.69
101.67
101.67
101.67
101.67
101.67
101.69
101.69
101.69
101.69
101.69
101.7
101.7
101.7
101.69
101.7
101.7
101.7
101.71
101.71
101.71
101.7
101.7
101.7
101.69
101.69
101.69
101.69
101.69
101.69
101.7
101.7
101.7
101.7
101.7
101.7
101.69
101.7
101.7
101.69
101.7
101.7
101.7
101.7
101.71
101.71
101.71
101.71
101.7
101.7
101.7
101.7
101.7
101.7
101.69
101.7
101.69
101.69
101.69
101.69
101.7
101.7
101.7
101.69
101.7
101.69
101.69
101.69
101.67
101.67
101.67
101.69
101.69
101.69
101.69
101.7
101.7
101.71
101.71
101.72
101.72
101.71
101.7
101.7
101.7
101.7
101.7
101.69
101.7
101.69
101.69
101.69
101.7
101.7
101.71
101.71
101.72
101.72
101.71
101.7
101.7
101.71
101.71
101.71
101.72
101.72
101.72
101.72
101.72
101.72
101.71
101.7
101.7
101.69
101.69
101.69
101.69
101.69
101.69
101.67
101.67
101.66
101.66
101.66
101.66
101.66
101.65
101.65
101.64
101.64
101.64
101.64
101.64
101.64
101.64
101.64
101.65
101.64
101.65
101.65
101.65
101.65
101.64
101.62
101.62
101.61
101.61
101.61
101.61
101.6
101.6
101.6
101.6
101.6
101.61
101.6
101.6
101.61
101.6
101.6
101.6
101.59
101.59
101.59
101.59
101.59
101.59
101.6
101.6
101.61
101.61
101.61
101.61
101.61
101.61
101.61
101.61
101.61
101.6
101.6
101.6
101.6
101.61
101.6
101.6
101.61
101.6
101.6
101.6
101.59
101.59
101.59
101.59
101.57
101.57
101.57
101.57
101.57
101.57
101.59
101.59
101.59
101.59
101.59
101.59
101.57
101.57
101.57
101.57
101.59
101.59
101.59
101.59
101.59
101.57
101.59
101.59
101.59
101.59
101.59
101.59
101.59
101.59
101.59
101.59
101.59
101.6
101.6
101.6
101.6
101.61
101.61
101.61
101.61
101.61
101.61
101.61
101.62
101.62
101.61
101.61
101.6
101.6
101.6
101.6
101.59
101.57
101.57
101.57
101.57
101.57
101.57
101.57
101.57
101.57
101.57
101.57
101.59
101.59
101.6
101.6
101.59
101.59
101.59
101.59
101.6
101.6
101.59
101.57
101.56
101.55
101.55
101.54
101.53
101.53
101.51
101.51
101.51
101.51
101.51
101.51
101.5
101.5
101.49
101.49
101.48
101.48
101.48
101.48
101.48
101.46
101.46
101.46
101.45
101.45
101.44
101.44
101.44
101.44
101.45
101.45
101.45
101.45
101.45
101.45
101.45
101.45
101.45
101.45
101.45
101.45
101.44
101.44
101.44
101.41
101.41
101.4
101.4
101.4
101.4
101.4
101.4
101.41
101.41
101.43
101.43
101.43
101.44
101.44
101.43
101.41
101.41
101.4
101.4
101.4
101.39
101.38
101.38
101.37
101.35
101.35
101.35
101.35
101.35
101.37
101.37
101.37
101.37
101.37
101.35
101.35
101.35
101.35
101.34
101.33
101.33
101.33
101.33
101.32
101.32
101.3
101.3
101.3
101.3
101.29
101.29
101.28
101.27
101.27
101.27
101.27
101.25
101.25
101.25
101.27
101.27
101.27
101.27
101.27
101.27
101.27
101.27
101.28
101.28
101.29
101.29
101.29
101.29
101.29
101.28
101.28
101.27
101.27
101.27
101.27
101.27
101.27
101.27
101.27
101.27
101.27
101.27
101.25
101.24
101.24
101.24
101.24
101.24
101.24
101.24
101.24
101.24
101.23
101.23
101.23
101.23
101.23
101.24
101.24
101.24
101.24
101.24
101.24
101.24
101.24
101.24
101.25
101.25
101.25
101.24
101.25
101.24
101.24
101.24
101.24
101.24
101.24
101.24
101.23
101.23
101.23
101.23
101.22
101.22
101.22
101.22
101.22
101.23
101.23
101.23
101.23
101.23
101.23
101.23
101.23
101.23
101.24
101.24
101.25
101.25
101.25
101.25
101.27
101.27
101.27
101.25
101.27
101.27
101.27
101.27
101.27
101.27
101.27
101.28
101.28
101.29
101.29
101.29
101.29
101.29
101.3
101.3
101.32
101.32
101.33
101.32
101.32
101.33
101.33
101.34
101.35
101.35
101.35
101.35
101.35
101.35
101.35
101.37
101.38
101.38
101.38
101.38
101.38
101.39
101.39
101.39
101.39
101.4
101.4
101.39
101.39
101.39
101.39
101.39
101.4
101.4
101.41
101.43
101.44
101.46
101.46
101.48
101.48
101.49
101.49
101.49
101.5
101.51
101.51
101.53
101.54
101.55
101.56
101.56
101.57
101.57
101.57
101.59
101.59
101.6
101.61
101.62
101.62
101.64
101.64
101.65
101.65
101.66
101.67
101.69
101.7
101.71
101.71
101.73
101.75
101.75
101.76
101.76
101.76
101.76
101.76
101.77
101.77
101.77
101.77
101.77
101.77
101.77
101.78
101.78
101.8
101.81
101.81
101.82
101.82
101.83
101.83
101.85
101.85
101.85
101.86
101.86
101.86
101.87
101.87
101.88
101.89
101.91
101.92
101.92
101.92
101.94
101.94
101.94
101.94
101.94
101.96
101.96
101.96
101.98
101.98
101.99
102.01
102.01
102.01
102.01
102.02
102.03
102.04
102.04
102.04
102.05
102.05
102.07
102.07
102.08
102.09
102.09
102.1
102.12
102.12
102.13
102.13
102.14
102.15
102.15
102.17
102.17
102.17
102.18
102.18
102.19
102.19
102.2
102.2
102.2
102.2
102.2
102.2
102.2
102.21
102.23
102.23
102.24
102.24
102.24
102.24
102.24
102.25
102.25
102.26
102.26
102.26
102.28
102.29
102.29
102.3
102.31
102.31
102.33
102.33
102.33
102.33
102.34
102.35
102.35
102.35
102.35
102.35
102.35
102.35
102.35
102.36
102.38
102.39
102.39
102.39
102.4
102.4
102.4
102.4
102.4
102.39
102.4
102.4
102.4
102.39
102.4
102.4
102.4
102.41
102.41
102.41
102.42
102.42
102.42
102.44
102.44
102.44
102.42
102.41
102.41
102.41
102.41
102.41
102.41
102.42
102.44
102.44
102.44
102.44
102.44
102.45
102.46
102.46
102.46
102.46
102.47
102.47
102.47
102.47
102.47
102.47
102.47
102.46
102.46
102.45
102.44
102.44
102.44
102.44
102.44
102.42
102.41
102.41
102.41
102.41
102.41
102.42
102.44
102.45
102.46
102.46
102.46
102.46
102.46
102.46
102.46
102.45
102.44
102.42
102.41
102.41
102.41
102.41
102.41
102.41
102.41
102.4
102.39
102.39
102.38
102.38
102.38
102.38
102.38
102.39
102.38
102.38
102.38
102.38
102.39
102.39
102.4
102.41
102.41
102.41
102.42
102.44
102.44
102.44
102.44
102.42
102.44
102.44
102.45
102.46
102.46
102.46
102.46
102.46
102.46
102.46
102.46
102.46
102.46
102.44
102.44
102.42
102.42
102.42
102.41
102.41
102.41
102.41
102.41
102.41
102.41
102.42
102.42
102.44
102.42
102.42
102.41
102.41
102.41
102.4
102.4
102.4
102.4
102.4
102.4
102.4
102.4
102.41
102.41
102.4
102.4
102.4
102.41
102.41
102.41
102.41
102.4
102.39
102.39
102.38
102.38
102.38
102.36
102.36
102.36
102.36
102.35
102.35
102.35
102.35
102.35
102.35
102.35
102.35
102.35
102.35
102.35
102.35
102.35
102.35
102.35
102.35
102.35
102.35
102.35
102.35
102.35
102.35
102.35
102.35
102.36
102.36
102.36
102.35
102.35
102.35
102.35
102.35
102.35
102.35
102.34
102.34
102.35
102.35
102.35
102.35
102.36
102.36
102.35
102.35
102.34
102.33
102.31
102.31
102.33
102.33
102.33
102.31
102.31
102.3
102.3
102.3
102.3
102.31
102.33
102.33
102.33
102.34
102.34
102.34
102.35
102.35
102.34
102.34
102.33
102.33
102.33
102.34
102.33
102.33
102.33
102.33
102.31
102.31
102.31
102.3
102.3
102.3
102.3
102.3
102.3
102.3
102.3
102.3
102.29
102.29
102.26
102.26
102.28
102.26
102.26
102.26
102.25
102.24
102.24
102.24
102.24
102.23
102.23
102.21
102.21
102.21
102.2
102.2
102.19
102.19
102.19
102.19
102.18
102.18
102.18
102.15
102.15
102.15
102.15
102.15
102.17
102.15
102.15
102.15
102.15
102.15
102.15
102.15
102.15
102.14
102.13
102.12
102.13
102.12
102.12
102.12
102.12
102.13
102.12
102.12
102.1
102.1
102.1
102.09
102.09
102.09
102.09
102.08
102.08
102.08
102.08
102.08
102.09
102.09
102.09
102.09
102.09
102.09
102.1
102.1
102.1
102.1
102.1
102.1
102.1
102.09
102.09
102.09
102.08
102.07
102.07
102.05
102.04
102.03
102.03
102.03
102.02
102.02
102.02
102.02
102.02
102.02
102.02
102.02
102.02
102.02
102.02
102.02
102.02
102.02
102.02
102.02
102.02
102.01
101.99
101.98
101.97
101.97
101.96
101.94
101.94
101.94
101.94
101.94
101.94
101.93
101.93
101.93
101.93
101.94
101.94
101.96
101.96
101.96
101.94
101.94
101.93
101.92
101.92
101.91
101.91
101.91
101.91
101.89
101.89
101.89
101.91
101.91
101.91
101.91
101.91
101.91
101.91
101.89
101.89
101.89
101.87
101.87
101.87
101.87
101.87
101.87
101.87
101.87
101.87
101.87
101.87
101.87
101.86
101.87
101.87
101.87
101.87
101.87
101.87
101.87
101.87
101.85
101.85
101.83
101.83
101.83
101.83
101.83
101.83
101.83
101.83
101.83
101.83
101.85
101.85
101.86
101.87
101.88
101.88
101.88
101.88
101.87
101.88
101.89
101.89
101.91
101.91
101.91
101.91
101.91
101.91
101.92
101.91
101.91
101.91
101.91
101.91
101.91
101.91
101.91
101.91
101.91
101.91
101.91
101.91
101.91
101.91
101.91
101.91
101.91
101.92
101.92
101.92
101.92
101.92
101.92
101.92
101.92
101.92
101.92
101.93
101.94
101.94
101.92
101.92
101.92
101.91
101.91
101.91
101.91
101.91
101.91
101.91
101.91
101.91
101.91
101.91
101.91
101.91
101.91
101.91
101.91
101.91
101.91
101.91
101.91
101.91
101.91
101.92
101.91
101.91
101.89
101.89
101.88
101.87
101.87
101.87
101.87
101.87
101.87
101.86
101.86
101.86
101.86
101.86
101.86
101.87
101.87
101.87
101.87
101.87
101.87
101.87
101.86
101.86
101.86
101.87
101.87
101.87
101.87
101.87
101.87
101.87
101.88
101.88
101.88
101.88
101.89
101.89
101.89
101.89
101.88
101.88
101.87
101.87
101.87
101.88
101.87
101.87
101.87
101.87
101.87
101.87
101.88
101.88
101.89
101.89
101.89
101.89
101.91
101.91
101.92
101.92
101.93
101.93
101.93
101.93
101.94
101.94
101.94
101.96
101.96
101.97
101.98
101.98
101.99
102.01
102.01
102.02
102.02
102.02
102.02
102.02
102.02
102.02
102.01
102.01
101.99
101.98
101.98
101.97
101.97
101.96
101.97
101.97
101.98
101.98
101.98
101.99
102.01
102.01
102.01
102.01
102.01
102.01
102.01
102.02
102.01
102.02
102.01
102.02
102.01
102.01
102.01
102.01
102.01
102.01
102.02
102.02
102.02
102.03
102.03
102.03
102.03
102.02
102.02
102.02
102.02
102.03
102.03
102.03
102.03
102.03
102.03
102.03
102.03
102.03
102.03
102.04
102.04
102.04
102.04
102.04
102.03
102.03
102.04
102.03
102.03
102.03
102.03
102.04
102.05
102.05
102.05
102.05
102.05
102.05
102.05
102.05
102.04
102.04
102.03
102.03
102.03
102.03
102.03
102.03
102.03
102.03
102.03
102.03
102.02
102.02
102.02
102.02
102.01
102.01
102.01
102.02
102.02
102.02
102.02
102.02
102.02
102.02
102.02
102.02
102.02
102.02
102.01
102.01
102.01
102.01
101.98
101.98
101.98
101.97
101.96
101.96
101.96
101.94
101.94
101.94
101.94
101.94
101.94
101.94
101.94
101.94
101.94
101.94
101.93
101.93
101.93
101.93
101.94
101.96
101.96
101.96
101.96
101.96
101.96
101.96
101.96
101.96
101.96
101.96
101.96
101.96
101.96
101.96
101.96
101.96
101.94
101.93
101.93
101.93
101.93
101.93
101.93
101.92
101.92
101.92
101.92
101.93
101.93
101.93
101.93
101.92
101.92
101.92
101.91
101.91
101.91
101.91
101.91
101.91
101.92
101.92
101.91
101.91
101.91