-10.07
-9.58
-8.85
-8.32
-8.02
-7.68
-7.03
-6.59
-6.84
-7.34
-7.52
-7.38
-7.38
-7.78
-8.03
-7.84
-7.52
-7.28
-6.94
-6.9
-7.11
-7.34
-7.23
-6.75
-6.55
-6.75
-6.69
-6.03
-5.51
-5.82
-6.18
-5.92
-5.81
-5.81
-6.45
-6.45
-6.92
-6.38
-5.63
-5.57
-6.28
-6.61
-6.09
-5.76
-6.22
-6.89
-6.99
-6.55
-6.03
-5.73
-5.75
-6.06
-5.93
-5.21
-5.06
-5.49
-5.23
-4.37
-4.15
-4.41
-4.25
-3.61
-3.34
-4.18
-5.64
-6.09
-6.09
-5.43
-5.72
-5.69
-4.88
-4.2
-3.98
-3.95
-3.59
-3.41
-3.49
-3.66
-3.28
-2.82
-2.51
-2.71
-2.71
-3.2
-2.69
-2.69
-2.69
-2.76
-2.23
-2.33
-2.91
-3.29
-2.85
-2.38
-2.49
-2.71
-2.85
-2.77
-2.52
-2.5
-3.01
-3.89
-3.85
-3.85
-3.37
-3.89
-3.57
-2.67
-2.17
-2.45
-2.93
-3.18
-3.14
-3.27
-3.93
-4.19
-3.72
-3.49
-3.83
-3.74
-3.74
-3
-3.06
-3.68
-3.24
-2.81
-2.68
-2.65
-2.46
-2.68
-3.09
-2.95
-2.58
-2.58
-2.85
-2.66
-2.23
-2.23
-2.31
-2.19
-1.79
-1.66
-2.07
-2.82
-3.37
-3.42
-3.33
-3.33
-3.03
-2.89
-3.09
-2.79
-2.79
-0.93
-1.74
-3.17
-3.15
-2
-1.87
-2.79
-3.09
-2.37
-1.59
-1.28
-1
-0.27
0.54
0.41
-0.52
-0.63
0.85
1.91
1.06
-0.11
-0.18
0.56
1.05
0.87
0.48
0.41
0.39
0.3
0.12
-0.1
0.05
0.68
0.97
0.49
0.17
0.17
0.36
-0.21
-0.69
-0.7
-0.29
-0.06
-0.78
-1.63
-1.85
-1.64
-1.68
-2.04
-2.06
-1.96
-2.4
-2.88
-2.61
-1.85
-1.59
-1.79
-1.15
0.41
1.92
2.38
1.96
1.96
2.78
3.43
3.43
3.13
2.11
1.91
1.09
0.15
0.58
1.33
0.91
0
-0.24
0.15
0.53
0.59
0.47
0.27
-0.04
-0.44
-0.83
-1.03
-0.92
-0.92
-0.99
-1.32
-1.47
-1.38
-1.54
-1.94
-2.3
-2.68
-3.03
-3.38
-3.69
-3.83
-3.09
-1.93
-1.86
-2.73
-2.89
-1.58
-0.16
-0.04
-0.48
0.12
1.7
2.37
1.8
1.96
3.47
4.67
4.09
2.56
2.15
2.92
3.05
1.87
0.78
0.78
0.93
0.62
-0.18
-0.46
-0.32
-1.4
-3.51
-4.64
-4.34
-3.99
-4.48
-5.03
-4.43
-2.88
-2.09
-2.09
-2.94
-2.27
-1.49
-1.51
-1.91
-1.74
-1.08
-0.59
-0.65
-0.9
-0.53
-0.02
-0.14
-0.65
-0.71
-0.4
-0.4
-0.6
-1.99
-1.58
-0.97
-1.21
-1.52
-1.05
-0.05
0.06
-0.8
-1.79
-1.94
-1.81
-1.81
-1.46
-1.29
-1.29
-1.7
-1.67
-1.44
-1.25
-1.14
-1.15
-0.92
-0.36
0.08
-0.18
-0.76
-0.69
-0.46
-1.15
-1.15
-2.29
-1.37
-0.71
-1.04
-1.43
-0.91
0.1
0.59
0.29
0.09
0.52
0.83
0.26
-1.14
-2.03
-1.52
-1.3
-1.3
-2.87
-5.13
-4.54
-4.9
-5.84
-6.19
-5.91
-6.2
-7.21
-7.78
-7.43
-6.75
-6.11
-5.47
-4.79
-4.22
-4.22
-4.05
-4.25
-3.82
-2.84
-1.78
-1.2
-1.12
-0.87
-0.39
-0.15
-0.25
-0.61
-0.98
-1.09
-0.5
0.19
0.02
-0.94
-1.6
-1.6
-0.33
-0.16
-0.84
-1.34
-1.04
-1.18
-1.17
-1.04
-0.95
-0.82
-0.69
-0.69
-0.55
-1.22
-1.79
-2
-1.97
-2.04
-2.4
-2.68
-2.64
-2.45
-2.24
-1.51
-0.56
-0.15
-0.27
-0.17
-0.17
0.35
1.4
1.29
1.2
1.33
1.22
1.11
1.5
1.72
1.18
0.67
1.29
2.05
1.8
1.08
0.7
0.57
0.31
0.08
-0.01
-0.37
-0.78
-0.78
-0.24
-0.04
-0.25
-0.36
-0.2
0.04
-0.16
-0.28
-0.13
0.03
-0.06
-0.06
0.12
1.47
2.17
2.47
2.04
1.59
1.68
2.12
2
1.32
0.95
0.9
0.87
0.81
1.24
2.3
3.33
3.66
3.56
3.76
4.04
3.97
3.76
3.59
3.4
3.28
3.24
3.02
2.34
1.73
1.15
0.53
0.44
1.14
2.09
2.58
2.86
2.9
2.84
2.96
3.38
3.95
4.45
4.81
4.79
4.26
3.53
3.14
3.15
3.26
3.37
3.54
3.26
2.62
2.18
2.18
2.81
2.99
2.56
2.05
1.97
2.34
2.65
2.52
2.28
2.66
2.96
3.18
3.18
4.59
4.65
4.04
3.59
4.3
5.77
6.53
6.19
5.82
6.53
7.28
6.64
5.08
4.45
5.11
5.66
5.32
5.32
4.77
5.26
5.18
4.71
4.76
4.99
4.89
4.68
4.89
5.54
6.04
6.38
6.43
6.44
6.43
6.25
6.13
5.82
5.23
4.69
4.65
5
5.01
4.54
4.41
4.66
4.64
4.09
3.74
4
4.01
4.01
3.44
2.46
2.65
2.65
3.31
3.88
4.07
3.61
3.21
3.73
4.45
4.1
3.6
4.13
4.83
4.83
3.79
3.79
3.2
3.29
2.9
2.5
2.57
2.82
3.04
2.92
2.87
3.16
3.8
4.14
3.66
2.65
2.45
3.36
3.98
3.98
3.36
2.81
3.98
3.4
2.79
3.16
3.62
3.23
2.39
2
1.88
1.34
0.33
-0.78
-1.38
-1.38
-0.05
0.04
-0.02
0.58
1.38
1.31
0.99
1.87
3.39
4.03
3.65
3.48
4.37
5.55
6.1
6.1
5.98
6.17
6.17
6.53
6.9
7.32
7.37
7.17
7.3
7.56
7.4
6.88
6.52
6.75
7.17
7.06
6.13
5.17
5.17
5.17
4.96
4.13
3
2.7
3.55
4.34
3.97
3.17
3.06
3.36
3.68
3.64
3.33
2.94
2.94
2.77
3.07
2.97
2.74
2.56
2.89
3.34
3.46
2.74
1.9
1.53
1.87
2.34
2.09
1.39
1.13
1.15
1.71
2.57
3.07
3.86
4.93
5.42
5.15
5.54
6.63
7.09
6.11
4.9
4.72
5.14
4.8
4.01
3.59
3.71
3.79
3.69
3.69
3.55
3.78
3.94
3.86
3.93
4.16
4.32
4.35
4.35
4.21
3.98
4.01
4.14
4.09
3.66
3.3
3.33
3.49
3.71
4.08
4.56
5.07
5.82
6.4
6.4
6.09
6.28
6.51
6.43
6.03
5.79
6.17
6.02
5.31
5.05
5.43
5.43
4.25
3
3.05
4.12
4.31
3.15
2.67
3.32
3.87
3.53
3.19
3.48
3.55
3.37
3.48
3.95
4.11
3.93
3.87
4.05
4.01
3.96
3.79
3.39
2.94
2.66
2.82
3.02
2.61
2.24
2.67
3.04
2.67
2.01
1.39
0.65
-0.04
-0.25
0.02
0.15
-0.17
-0.53
-0.29
0.28
0.61
0.73
1.09
1.3
1.12
0.86
1.12
1.56
1.43
1.17
1.63
2.69
3.3
3.08
2.38
1.5
1.09
1.77
2.19
1.32
0.92
1.93
2.59
1.61
0.66
1.29
2.15
2.14
2.08
2.76
3.14
2.72
2.46
2.82
2.96
2.42
1.6
1.52
1.85
1.81
1.1
0.44
0.75
1.23
0.79
-0.11
-0.49
-0.07
0.57
0.95
1.07
0.93
0.87
1.28
1.8
2.26
2.3
1.95
2.03
2.87
3.72
3.64
2.95
2.83
3.74
4.23
3.88
3.3
3.12
3.04
2.95
2.37
1.88
1.79
1.7
1.12
0.99
1.59
2.05
1.96
1.44
1.11
1.22
1.39
1.43
1.48
1.57
1.67
1.93
2.21
2.21
2.26
2.27
2.05
1.82
2.1
2.63
2.29
1.13
0.09
-0.24
-0.7
-1.3
-1.37
-0.98
-1.17
-2.14
-2.63
-2.14
-1.02
-0.45
-1.03
-1.85
-1.71
-0.92
-0.67
-1.23
-2
-2.16
-1.76
-1.82
-2.36
-2.81
-2.98
-2.98
-2.94
-3.08
-3.33
-3.31
-2.9
-2.57
-2.11
-1.42
-0.59
-0.12
-0.37
-0.95
-1.04
-0.71
-0.92
-1.71
-1.83
-1.52
-1.4
-1.54
-1.42
-0.92
-0.67
-1.29
-1.68
-1.29
-0.68
-0.4
-0.81
-0.94
-0.49
-0.41
-1.04
-1.89
-2.31
-2.63
-3.27
-4.14
-4.54
-4.55
-4.87
-5.18
-4.62
-3.61
-3.45
-4.1
-4.66
-4.66
-4.34
-4.34
-4.41
-4.47
-3.97
-3.29
-3.18
-3.39
-3.37
-2.66
-2.06
-2.38
-2.93
-3.29
-2.61
-1.24
-0.5
-1.47
-2.38
-1.63
-0.55
-0.59
-1.5
-1.93
-1.49
-1.47
-2.35
-2.9
-2.66
-2.56
-3.47
-4.81
-5.33
-5.44
-5.69
-5.98
-5.99
-5.69
-5.36
-4.84
-4.25
-3.74
-3.5
-3.65
-4.02
-3.73
-3.11
-2.8
-2.91
-2.64
-1.74
-1.29
-1.98
-2.82
-2.82
-2.45
-3.04
-4.17
-4.76
-4
-3.12
-3
-3.5
-4.15
-4.52
-4.96
-5.67
-6.71
-7.83
-8.09
-7.52
-6.72
-6.14
-6.08
-6.35
-6.65
-7.13
-7.96
-8.48
-8.11
-7.6
-8.29
-9.07
-8.19
-6.59
-6.39
-7.26
-6.9
-5.13
-4.36
-5.19
-6.27
-6.66
-6.26
-5.3
-4.51
-4.63
-5.23
-5.58
-5.36
-4.86
-4.4
-4.3
-4.33
-4.04
-3.16
-2.33
-2.23
-2.5
-2.26
-1.62
-1.83
-2.92
-3.78
-3.46
-3.13
-3.76
-4.52
-4.43
-3.51
-3.32
-4
-4
-3.68
-3.05
-3.4
-4.07
-4.27
-4.51
-5.02
-5.5
-5.25
-5.04
-5.5
-5.86
-4.93
-3.7
-4.27
-4.95
-4.52
-3.43
-2.7
-2.74
-2.76
-2.22
-1.73
-1.81
-2.31
-2.98
-3.5
-3.7
-3.91
-4.07
-4.37
-4.66
-5.15
-5.65
-5.76
-5.63
-5.35
-5.31
-5.7
-6.5
-6.6
-6.17
-5.82
-6.39
-6.64
-6.44
-6.21
-5.94
-5.79
-5.54
-5.56
-5.49
-4.56
-3.22
-2.93
-3.35
-3.18
-2.53
-2.08
-1.8
-1.28
-0.64
-0.56
-1.16
-1.74
-1.89
-2.13
-2.13
-3.44
-3.97
-4.43
-4.8
-5.16
-5.43
-5.79
-6.05
-6.2
-6.17
-6.45
-6.7
-6.66
-6.46
-5.9
-5.07
-4.21
-3.35
-2.71
-2.41
-2.2
-2
-1.92
-2.08
-2.5
-3.12
-3.55
-3.36
-2.9
-2.83
-3.38
-4.07
-4.38
-4.38
-3.96
-3.89
-4.06
-4.56
-5.11
-5.54
-5.39
-4.73
-4.32
-4.51
-4.85
-4.67
-4.18
-4.14
-4.11
-3.77
-3.56
-3.83
-4.58
-5.18
-5.2
-4.66
-4.69
-5.77
-6.75
-6.79
-6.72
-7.18
-8.13
-8.47
-7.68
-6.57
-6.26
-6.65
-6.56
-5.45
-4.32
-4.15
-4.36
-4.37
-4.15
-3.92
-4.16
-5
-5.83
-6.06
-5.98
-6.01
-6.27
-6.53
-6.53
-6.1
-5.84
-6.1
-6.63
-6.68
-6.15
-5.86
-6.03
-5.9
-5.47
-5.23
-5.59
-6.2
-6.69
-7.25
-8.03
-9.21
-10.08
-10.28
-10.39
-10.75
-11.31
-11.23
-10.64
-10.43
-10.84
-11.14
-10.74
-9.92
-9.7
-10.82
-12.01
-11.45
-9.84
-9.06
-9.06
-8.73
-8.07
-8.08
-8.77
-9.18
-9.03
-9.12
-9.91
-10.69
-10.44
-9.66
-9.44
-9.87
-9.61
-8.8
-8.68
-9.1
-8.74
-7.59
-7.53
-8.07
-8.18
-7.22
-6.21
-5.95
-6.38
-6.33
-5.92
-5.6
-5.36
-4.97
-5.07
-5.07
-6.23
-5.69
-4.55
-3.93
-4.34
-4.95
-4.59
-3.47
-3.09
-3.66
-4.07
-3.32
-2.2
-1.94
-2.81
-3.23
-2.78
-2.52
-2.74
-3.13
-3.44
-3.53
-3.71
-4.19
-4.78
-5.08
-5.38
-6.08
-7.18
-7.91
-7.97
-8.15
-8.61
-8.71
-8.49
-8.09
-7.82
-7.73
-7.44
-7.13
-7.76
-8.54
-7.93
-6.28
-5.4
-5.53
-5.53
-5.15
-4.95
-4.97
-4.46
-3.42
-3
-3.42
-3.56
-2.83
-2.15
-2.5
-3.15
-3.15
-2.26
-1.6
-2.07
-2.82
-2.71
-2.11
-2.06
-2.52
-2.52
-2.47
-2.23
-2.16
-2.06
-2.02
-2.16
-2.16
-1.83
-1.43
-1.52
-1.7
-1.55
-1.1
-1.09
-1.34
-0.79
-0.79
0.8
0.14
-0.62
-0.62
-0.61
-1.2
-2.24
-2.67
-2.46
-2.5
-2.77
-2.69
-2.19
-1.58
-1.37
-1.53
-1.53
-1.32
-0.85
-1.15
-1.84
-1.95
-0.99
-0.62
-1.81
-3.39
-3.65
-2.94
-3.03
-4.19
-4.33
-2.73
-1.04
-0.8
-1.35
-0.96
0.37
0.72
0.63
1.28
1.83
1.32
0.63
1.04
2.01
2.11
1.42
1.56
2.57
3.07
3.07
2.8
3.59
3.96
3.58
3.11
3.25
3.53
3.05
2.01
1.23
1.18
1.31
0.88
0.9
1.46
1.96
1.9
1.43
1.09
1.4
1.99
2.29
2.04
1.79
2.26
3
2.78
2.07
2.4
3.86
4.91
5.12
5.36
6.45
6.45
8.86
9.07
8.97
9.14
9.44
9.14
8.27
8.35
9.66
10
9.06
8.74
9.37
9.51
8.77
8.51
8.98
8.71
7.85
7.7
8.34
9.09
9.1
8.65
8.51
8.63
8.2
7.56
7.21
7.31
6.88
5.79
4.72
4.4
4.38
3.55
2.27
2.48
3.95
4.65
3.64
2.62
3
3.92
4.16
3.35
2.77
3.24
3.83
3.63
3.17
3.44
3.59
2.66
1.54
1.92
2.85
2.88
2.2
1.97
2.34
2.3
1.95
2.43
3.31
3.44
3.44
1.65
1.77
1.79
1.47
1.55
2.1
2.26
1.9
1.99
2.56
3.02
3.21
3.23
3.12
3.23
3.46
3.46
3.15
2.12
2.04
1.52
1.26
1.77
2.45
2.6
2.17
1.88
1.84
1.75
1.56
1.82
2.76
3.36
3.36
3.63
3.75
3.8
3.89
4.13
4.6
4.92
4.89
4.97
5.48
5.8
5.44
4.69
4.33
4.57
5.14
5.33
5.33
5.37
5.5
5.44
5.66
6.52
6.79
5.97
5.35
5.44
5.44
4.38
3.35
3.56
4.04
3.46
2.42
2.42
2.89
3.17
2.77
2.63
3.16
3.57
3.02
2.24
2.21
2.59
2.65
2.73
3.25
3.66
3.61
3.57
3.57
4.96
5.18
5.18
5.12
4.97
4.58
4.47
4.56
4.53
4.18
3.45
2.98
3.12
3.25
3.18
3.29
3.94
4.47
4.34
4.38
4.98
5.39
5.24
4.89
4.51
4.36
4.36
4.64
4.86
4.5
3.87
3.48
3.55
3.85
3.93
3.93
4.09
4.43
4.49
4.42
4.58
4.87
4.41
3.58
3.42
3.95
4.2
3.75
3.11
2.8
2.8
2.55
2.91
3.23
3.07
2.57
2.43
2.85
3.1
2.94
2.81
2.82
2.64
2.39
2.31
2.3
2.15
1.83
1.28
0.5
0.13
0.4
0.33
-0.95
-1.69
-1.45
-1.19
-1.78
-2.26
-1.81
-1
-0.85
-1.51
-1.79
-1.79
0.56
0.62
0.13
0.72
1.68
1.66
1.08
1.48
2.52
2.72
2.08
1.74
1.97
1.9
1.06
0.44
0.7
1.02
0.51
-0.48
-0.69
-0.68
-0.45
-0.8
-1.36
-1.36
-0.8
-0.52
-1.06
-1.79
-1.85
-1.46
-1.18
-1.18
-1.52
-2.37
-2.44
-3.08
-3.79
-4.46
-4.49
-4.52
-5.18
-5.68
-5.18
-4.6
-4.43
-4.53
-4.88
-4.94
-4.94
-4.25
-4.15
-4.94
-5
-4.71
-5.17
-6.02
-6.26
-5.79
-5.52
-5.78
-6.06
-5.65
-5
-4.67
-4.79
-4.79
-4.64
-4.04
-3.64
-3.54
-3.29
-3.08
-3.05
-3.38
-3.57
-3.09
-2.79
-2.94
-3.09
-2.92
-2.61
-2.53
-2.63
-3.02
-3.75
-4.39
-4.57
-4.58
-5.23
-6.41
-7.22
-7.43
-7.47
-8.09
-9.04
-9.43
-9.42
-9.6
-10.09
-10.69
-10.63
-10.46
-10.88
-11.23
-11.05
-10.3
-9.64
-9.77
-10.04
-9.42
-8.36
-8.03
-8.67
-9.33
-9.23
-8.9
-9.3
-10.32
-10.59
-9.67
-9.13
-9.88
-11.28
-11.85
-10.94
-10.06
-10.64
-11.44
-11.09
-9.72
-9.1
-9.43
-9.85
-9.34
-9.34
-8.41
-9.28
-9.59
-9.06
-8.77
-9.02
-9.46
-9.48
-9.47
-9.63
-9.34
-8.52
-8.47
-9.18
-9.64
-9.17
-9.17
-8.21
-8.54
-8.33
-8.11
-9.01
-10.36
-10.51
-9.69
-9.38
-10.35
-11.36
-11.21
-10.33
-10.1
-10.38
-10.05
-10.05
-8.68
-8.95
-8.89
-8.45
-8.79
-9.38
-9.03
-8.32
-8.5
-9.34
-9.51
-8.73
-7.92
-7.89
-8.31
-8.32
-7.67
-7.12
-7.48
-8.33
-8.86
-8.78
-8.8
-9.17
-9.27
-8.91
-8.67
-9.22
-9.91
-9.83
-8.95
-8.43
-8.45
-8.39
-8.39
-7.53
-7.63
-7.94
-7.46
-6.67
-6.48
-7.07
-7.94
-8.74
-9.1
-9.17
-9.44
-9.93
-10.32
-10.75
-11.22
-11.22
-11.44
-11.58
-12.68
-13.69
-13.5
-12.25
-11.32
-11.36
-11.65
-11.46
-10.49
-9.4
-9.01
-9.21
-9.38
-8.68
-8.68
-6.8
-6.84
-6.72
-5.96
-5.21
-5.22
-5.65
-5.57
-5.07
-4.93
-5.34
-5.74
-5.69
-5.42
-5.38
-5.7
-6.14
-6.57
-7.03
-7.53
-7.73
-7.29
-6.74
-6.55
-7.03
-7.56
-7.35
-6.65
-6.35
-6.57
-6.77
-6.73
-6.5
-6.21
-5.84
-5.39
-4.96
-4.54
-4.4
-4.36
-3.72
-2.94
-2.65
-2.93
-3.42
-3.48
-2.99
-2.38
-1.82
-1.18
-0.66
-0.82
-1.46
-2.06
-2.23
-2.03
-1.84
-1.82
-1.45
-1.32
-2.01
-2.62
-2.19
-1.4
-1.26
-1.91
-2.57
-2.28
-2.28
-2.62
-3.23
-3.33
-3.36
-3.36
-3.08
-2.66
-2.64
-2.54
-2.3
-2.1
-1.89
-1.7
-2.04
-2.51
-2.62
-2.22
-2.17
-2.79
-3.3
-2.91
-2.39
-2.68
-3.32
-3.09
-1.85
-1.13
-0.93
-0.52
-0.07
0.27
0.55
0.79
1.34
1.74
1.71
1.31
1.31
1.57
2.23
2.67
2.77
2.54
2.16
1.67
1.6
1.84
1.67
1.28
1.28
1.05
0.1
-0.91
-1.26
-1.16
-1.39
-1.86
-1.77
-1.36
-1.59
-1.9
-1.87
-1.91
-2.1
-1.75
-1.13
-1.08
-1.08
-0.51
0.08
-0.28
-0.74
-0.35
0.69
1.46
1.64
1.7
2.15
2.73
2.73
2.39
2.25
2.54
3
2.97
2.24
1.56
1.75
2.27
1.76
0.49
-0.1
0.42
0.87
0.55
0.39
0.58
0.42
0.09
0.33
0.88
1.01
0.76
0.92
1.66
1.97
1.16
-0.34
-1.07
-0.58
-0.25
-0.83
-1.33
-1.16
-1.07
-1.51
-1.71
-1.11
-0.75
-0.75
-0.76
-0.03
1.21
1.66
0.86
0.21
1.1
2.8
3.79
3.92
4.14
4.78
5.24
4.92
4.16
4.08
4.08
4.68
4.71
4.57
4.22
3.69
3.05
2.77
3.15
3.92
4.23
3.77
3.63
4.46
5.3
5.47
5.31
5.09
5.08
5.25
5.2
5.04
5.44
6.38
6.84
6.67
6.27
6.43
7.05
7
6.28
6.16
7.08
7.69
7.69
6.2
5.78
6.32
6.7
6.2
5.9
6.72
7.81
7.75
6.36
5.37
5.85
6.29
5.89
5.24
5.31
5.29
5.09
5.3
5.9
6.09
5.8
5.54
5.87
6.13
5.76
5.31
5.43
5.92
5.96
5.84
5.94
6.25
6.4
6.4
6.68
7.23
8.11
8.64
8.61
8.29
8.15
8.16
8.07
7.31
6.21
5.37
5.35
5.9
6.15
5.69
5.23
5.73
6.42
6.31
5.86
6.2
6.86
6.87
6.28
6.12
6.45
6.35
5.98
5.97
6.2
6.52
6.79
6.79
6.69
6.92
7.29
7.27
7.18
7.45
7.81
7.78
7.89
8.3
8.37
7.73
7.71
7.57
7.69
7.87
7.87
7.81
7.85
8.06
7.73
7.08
6.96
7.05
6.51
5.83
5.6
5.84
5.6
5.23
5.28
5.44
4.97
4.4
4.83
6.08
6.57
5.74
5.27
6.41
7.79
7.63
6.74
6.25
6.8
7.38
7.14
6.44
6.58
7.29
7.29
6.13
5.81
7.11
8.31
8.07
7.16
7.46
8.94
9.85
9.53
9.19
9.95
10.86
10.56
9.35
8.66
8.97
8.97
8.77
7.61
7.29
7.82
7.98
7.3
6.42
6.08
5.78
5.51
5.36
5.41
5.71
5.99
6.17
6.55
7.01
7.62
8.41
8.59
7.59
6.17
5.9
6.56
6.79
6.31
6.13
6.17
5.82
5.07
4.81
5.14
5.47
5.05
3.76
3.18
3.64
3.86
3.64
3.52
4.2
5.08
5.62
6.18
6.65
6.57
5.83
5.2
5.17
5.37
5.23
4.87
4.73
5.14
5.19
5.04
5.21
5.74
5.98
5.71
5.37
5.25
4.9
4.36
4.23
4.15
3.37
2.35
2.16
2.72
2.54
1.4
0.76
1.5
2.18
1.87
1.33
1.68
2.54
2.81
2.58
2.51
2.74
2.97
3.04
2.65
2.18
1.84
1.13
0.38
0.21
0.8
1.16
0.62
-0.05
-0.13
-0.12
-0.32
-0.56
-0.45
0.15
0.72
1.12
1.69
1.93
1.96
2.46
3.08
3.32
3
2.39
2.22
2.61
3.08
3.05
2.71
2.23
2.13
2.13
3.12
2.63
1.9
1.89
2.05
1.67
1.16
0.98
0.93
0.65
0.13
-0.11
-0.23
-0.86
-1.25
-0.81
0.07
0.39
-0.1
-0.53
-0.3
0.33
0.19
-0.14
0
0.06
-0.59
-1.27
-1.32
-1.05
-1.25
-1.79
-1.9
-1.58
-1.58
-1.62
-2.08
-2.03
-1.66
-1.32
-1.81
-2.39
-2.56
-2.21
-2.09
-2.34
-2.64
-3.1
-3.54
-3.82
-3.51
-3.13
-3.38
-3.97
-4.12
-3.82
-3.88
-4.64
-5.4
-5.65
-5.57
-5.68
-6.04
-6.06
-5.75
-5.51
-5.33
-5.1
-5
-5.06
-5
-4.95
-4.79
-4.77
-4.62
-4.38
-4.73
-5.52
-5.68
-5.41
-5.64
-6.14
-6.16
-5.94
-5.94
-6.63
-6.45
-5.82
-5.97
-6.45
-6.31
-6.41
-7.43
-8.27
-8.32
-8.08
-8.5
-9.18
-9.49
-9.3
-9.3
-9.01
-8.96
-9.68
-9.82
-10.14
-10.28
-9.76
-8.96
-8.47
-8.34
-8.12
-8.04
-8.52
-9.06
-9.11
-9.16
-9.16
-9.57
-9.98
-10.51
-10.81
-10.81
-10.75
-11.08
-11.16
-11.19
-11.55
-11.86
-11.83
-11.82
-12.19
-12.4
-11.87
-10.98
-10.98
-11.04
-10.9
-9.8
-9.24
-9.83
-10.63
-10.76
-10.03
-9.17
-8.91
-9.32
-9.52
-9.04
-8.49
-8.48
-8.87
-8.87
-8.33
-8.31
-8.76
-9
-9.35
-10.31
-11.27
-11.65
-11.66
-12.1
-12.63
-12.48
-11.58
-11.04
-11.2
-11.57
-11.85
-11.86
-11.81
-12.12
-12.56
-12.64
-12.37
-12.39
-12.65
-12.82
-12.77
-12.55
-12.47
-12.4
-12.01
-11.12
-10.68
-10.93
-11.13
-11.13
-10.57
-10.09
-9.95
-10.05
-10.23
-10.46
-10.84
-11.15
-11.11
-10.84
-10.79
-10.91
-10.73
-10.17
-10.17
-10.08
-11.54
-11.81
-11.73
-11.67
-11.92
-12.38
-12.33
-12.12
-12.29
-12.66
-12.84
-12.74
-13.06
-13.38
-13.6
-13.6
-15.34
-15.62
-14.73
-13.9
-14.04
-14.41
-13.75
-12.55
-12.09
-12.1
-11.95
-11.41
-10.73
-10.25
-9.78
-9.35
-8.85
-8.85
-8.54
-8.05
-7.95
-8.15
-8.49
-8.06
-7.61
-7.89
-8.35
-8.17
-7.37
-7.08
-7.2
-7.36
-7.13
-6.84
-6.77
-6.77
-7.06
-7.01
-6.66
-6.55
-6.72
-6.95
-6.84
-6.37
-5.97
-5.62
-5.12
-4.69
-4.08
-3.72
-3.75
-3.75
-2.87
-2.75
-3.57
-4.28
-3.36
-1.82
-1.41
-2.02
-2.08
-1
-0.5
-1.26
-1.9
-1.24
-0.77
-1.31
-1.31
-2.24
-2.58
-2.87
-2.85
-2.3
-2.09
-2.53
-3.05
-3.42
-3.71
-4.04
-3.85
-3.66
-3.75
-4
-4.15
-4.12
-4.12
-3.51
-3.22
-2.96
-2.82
-2.66
-2.52
-2.36
-1.96
-1.42
-0.83
-0.15
-0.03
-0.84
-1.75
-2.16
-2.16
-2.32
-3.64
-4.18
-4.12
-3.98
-3.97
-3.65
-2.62
-1.57
-1.35
-1.51
-0.86
0.61
1.52
1.22
0.51
0.51
-0.33
-1.29
-2.19
-2.04
-0.84
-0.26
-0.75
-1.47
-1.55
-1.32
-1.67
-2.2
-2.03
-1.43
-1.19
-1.59
-1.86
-1.86
-0.4
-0.18
-0.2
0.21
0.75
0.52
-0.29
-0.63
-0.44
-0.58
-0.94
-1.36
-1.63
-1.49
-0.97
-0.53
-0.78
-1.37
-1.47
-0.77
-0.1
-0.23
-0.16
0.59
1.37
1.5
1.04
0.49
0.04
-0.16
0.12
0.14
-0.69
-0.69
-1.45
-1.4
-1.73
-1.73
-1.09
-0.39
-0.16
0.17
0.39
0.39
0.48
0.58
0.4
0.33
0.1
-0.58
-1
-1
0.69
0.86
0.1
-0.08
0.74
1.33
1.29
1.13
1.49
2.36
2.7
2.37
2.57
3.79
4.76
4.66
4.66
4.38
5.02
5.24
5.06
5.1
5.51
5.58
5.24
5.32
6.13
6.77
6.43
5.85
5.99
6.07
6.07
5.72
5.3
4.98
4.56
4.53
4.77
4.72
4.38
4.2
4.12
3.68
3.36
3.28
3.18
3.17
3.09
2.89
2.96
3.47
4.02
4.35
4.44
4.63
4.88
4.87
4.26
3.92
4.39
5.26
5.84
5.89
5.69
5.31
5.11
5.11
5.61
6.06
6.01
5.65
5.67
6.3
6.68
6.44
6.25
6.29
5.7
4.96
4.56
4.57
4.37
3.97
3.84
4.04
4.67
5.53
6.28
6.66
6.86
7.67
8.34
8.93
9.2
9.64
10.13
10.26
10.24
10.45
10.79
10.77
10.77
10.56
11.23
11.11
10.06
9.78
10.51
10.45
9.19
7.87
7.57
8.01
7.78
7.14
7.11
7.99
8.59
8.59
7.72
8.22
9.51
10.14
9.67
9.33
10.17
11.02
10.3
9.03
8.7
8.78
8.18
7.1
6.64
7.25
7.93
7.48
6.67
6.88
7.82
8.38
8.35
8.55
9.1
8.98
8.21
7.86
7.45
6.97
6.86
6.96
6.62
6.62
5.38
5.14
5.32
5.41
5.1
4.93
5.11
5.77
5.77
5.31
5.03
5.46
5.85
5.71
5.24
5.38
6.09
6.43
6.03
6.06
6.38
6.52
5.98
5.12
4.83
5.26
5.14
4.07
3.73
4.86
5.98
5.9
5.81
6.93
8.35
8.41
7.43
6.87
7.58
8.35
8.33
7.82
7.74
8.2
8.35
7.89
7.75
8.37
9.15
9.16
9.16
7.83
8.16
8.56
8.14
7.31
7.22
7.03
5.44
3.53
2.97
2.85
1.5
-0.41
-1.02
-0.66
-0.69
-0.69
-2.19
-1.67
-0.9
-0.84
-0.89
-0.03
0.81
0.64
-0.01
0.22
1.07
1.39
1.32
1.76
2.46
2.26
1.32
0.84
1.34
2.13
2.39
2.05
2.01
2.25
2.21
1.72
1.42
1.34
1.3
1.06
0.49
0.3
0.75
1.08
0.71
0.52
1.01
1.55
1.3
0.79
0.52
0.75
0.71
0.25
0.19
0.58
0.8
0.55
-0.05
-0.37
-0.07
0.08
-0.23
-0.79
-0.91
-0.36
0.22
0.41
0.22
0.18
0.28
0.3
0.1
-0.26
-0.14
0.2
-0.08
-0.65
-1.16
-0.98
-0.53
-0.68
-1.39
-1.76
-1.49
-0.89
-0.71
-1.06
-1.22
-0.96
-0.94
-0.98
-0.7
0.01
0.56
0.18
-0.88
-0.7
0
-0.44
-1.88
-2.93
-2.98
-3.01
-3.67
-4.45
-4.56
-4.18
-4.31
-4.84
-4.96
-4.82
-4.82
-5.11
-5.13
-4.67
-4.42
-4.52
-4.57
-4.43
-4.46
-4.62
-4.74
-4.8
-4.33
-3.5
-3.05
-3.17
-3.28
-3.05
-2.79
-2.85
-3.24
-3.2
-2.88
-2.99
-3.93
-4.59
-4.58
-4.56
-4.95
-5.67
-6.12
-5.65
-5
-4.99
-5.19
-5.32
-5.05
-4.66
-4.92
-5.84
-6.76
-6.6
-5.74
-5.25
-5.1
-4.56
-3.52
-3.08
-3.17
-3.17
-2.89
-2.74
-3.2
-4.5
-6.15
-7.18
-6.73
-5.89
-5.91
-6.33
-6.16
-5.73
-5.56
-5.37
-4.59
-3.59
-3.64
-4.49
-5.01
-5.28
-5.67
-5.75
-5.07
-4.65
-5.09
-5.75
-5.62
-5.02
-4.62
-4.19
-3.81
-3.8
-4.04
-4.51
-5.02
-5.49
-5.14
-4.17
-3.78
-4.19
-4.53
-4.17
-3.89
-4.22
-4.74
-5.16
-5.81
-6.63
-6.81
-6.63
-6.66
-7.13
-7.29
-7.15
-7.09
-7.1
-6.83
-6.68
-7.27
-7.99
-7.95
-7.77
-8.28
-8.67
-8.41
-7.89
-7.94
-8.8
-9.69
-9.96
-10.08
-10.62
-11.33
-11.56
-11.54
-11.58
-11.35
-10.79
-10.37
-10
-9.7
-9.27
-8.88
-8.75
-8.82
-9.02
-8.74
-8.35
-8.34
-9.19
-9.91
-9.81
-9.56
-9.94
-10.5
-10.32
-10.09
-10.6
-11.27
-11.18
-10.57
-11
-12.31
-12.92
-12.25
-11.55
-12.12
-13.38
-13.88
-13.4
-12.83
-13.16
-13.66
-13.34
-12.59
-12.2
-11.99
-11.5
-10.72
-10.27
-10.46
-10.59
-10.32
-9.88
-9.6
-9.24
-8.86
-8.96
-9.58
-9.96
-9.43
-8.41
-7.52
-7.24
-7.06
-6.68
-6.24
-5.8
-5.36
-5.14
-5.3
-5.52
-6.02
-7.22
-8.54
-9.25
-9.74
-10.18
-10.36
-10.47
-10.55
-10.3
-9.55
-8.48
-8.03
-8.4
-9.11
-9.04
-8.27
-7.88
-8.46
-8.97
-8.84
-7.93
-7.56
-7.96
-8.28
-7.88
-6.91
-6.63
-7.11
-7.54
-7.9
-7.79
-6.65
-5.6
-6.2
-7.15
-6.78
-5.9
-5.97
-7.03
-7.73
-7.45
-7.15
-7.66
-8.29
-8.46
-8.25
-8.16
-8.3
-8.15
-7.62
-7.14
-7.31
-7.69
-8.08
-8.25
-8.26
-8.31
-8.29
-8.05
-7.55
-7.4
-7.62
-7.76
-7.61
-7.28
-7.22
-7.12
-6.72
-6.36
-6.18
-6.16
-5.82
-4.98
-3.75
-2.91
-2.9
-3.22
-3.38
-3.12
-2.79
-3.04
-3.04
-2.76
-2.4
-2.11
-1.85
-1.49
-1.02
-1.28
-1.42
-1.09
-0.76
-0.87
-1.43
-1.46
-0.94
-0.59
-0.73
-0.74
-0.36
0.06
0.24
0.1
-0.23
-0.63
-1.16
-1.44
-1.23
-0.84
-0.56
-0.5
-0.34
-0.22
-0.41
-0.4
0.06
0.23
0.2
0.39
0.94
1.37
1.36
1.18
0.91
0.9
1.24
1.54
1.69
1.56
1.07
0.8
1.18
1.7
1.5
0.99
1.03
1.5
1.75
1.63
1.59
1.95
2.18
1.82
1.73
2.28
2.52
2.15
1.83
2.08
2.09
1.44
0.59
0.1
0.04
0.31
0.41
0.61
0.98
1.3
1.59
2.17
2.85
2.85
2.21
1.57
1.19
1.13
0.68
0.04
-0.28
-0.13
0.15
0.13
-0.41
-0.74
-0.15
0.71
1.23
1.54
1.95
2.43
2.37
1.67
1.59
2.57
3.26
3.14
2.82
2.89
3.22
3.56
3.76
3.79
3.54
3.38
3.71
4.27
4.32
4.3
4.07
3.86
3.38
2.92
2.77
2.39
2.17
2.33
2.65
2.73
2.54
2.34
2.33
2.19
1.99
2.26
2.84
3.06
3.05
3.39
3.55
3.17
3.02
3.44
4.04
4.37
4.59
5.24
5.97
5.74
5.11
5.21
6.13
6.71
6.8
7.14
7.58
7.7
7.32
6.52
5.73
4.92
3.49
2.5
1.93
0.75
-0.69
-1.41
-1.09
-0.87
-1.37
-1.75
-1.31
-0.22
0.69
1.42
2.16
2.49
1.93
1.07
0.63
0.69
0.85
0.74
0.54
0.6
0.98
1.46
2.13
2.95
3.59
3.84
3.84
3.84
3.68
3.5
3.71
4.11
4.39
4.43
4.44
3.99
3.16
2.89
3.08
2.9
2.2
1.75
1.8
1.93
1.75
1.55
1.66
1.94
1.82
1.72
1.88
2.06
2.26
2.85
3.78
3.66
2.75
2.68
3.56
4.04
3.73
3.46
3.27
2.8
2.65
3.02
3.07
2.07
1.19
1.43
1.91
1.36
0.56
0.49
0.97
1.16
1.08
0.59
0.99
1.44
1.82
2.31
2.56
2.64
3.05
3.66
3.64
3.37
2.99
3.01
3.09
2.48
1.55
0.93
0.82
0.7
0.5
0.09
-0.49
-1.29
-2.35
-3.64
-4.9
-5.51
-6.35
-7.92
-9.72
-10.51
-10.88
-12.62
-15.08
-15.49
-14.78
-15.93
-18.91
-20.52
-20.32
-21.15
-23.26
-24.37
-23.93
-24
-25.75
-27.09
-27.17
-27.28
-27.81
-27.67
-26.99
-26.48
-25.72
-24.43
-23.05
-22.83
-23.41
-22.42
-20
-18.02
-17.46
-17.36
-16.61
-15.71
-15.51
-15.81
-15.53
-15.2
-15.79
-17.33
-18.23
-17.61
-16.04
-15.29
-15.68
-15.94
-15.19
-14.17
-13.93
-14.17
-14.36
-14.36
-14.76
-15.19
-15.39
-15.28
-15.35
-15.8
-16.43
-16.71
-16.6
-16.73
-17.31
-17.66
-17.11
-16.76
-17.64
-19.21
-19.76
-19.29
-19.42
-20.69
-21.61
-21.33
-20.93
-21.52
-22.39
-22.2
-20.88
-19.92
-20.01
-19.88
-18.74
-17.12
-15.9
-15.18
-14.4
-13.12
-11.75
-10.68
-9.72
-8.89
-7.88
-6.75
-5.69
-5.5
-6.13
-6.93
-7.72
-8.48
-9.23
-9.8
-10.12
-10.42
-11.15
-12.19
-12.66
-12.82
-12.44
-12.01
-11.78
-11.56
-11.59
-11.81
-12.53
-13.35
-13.37
-13.24
-13.86
-15.06
-16.01
-16.33
-16.52
-16.81
-16.77
-16.28
-16.34
-16.54
-17.13
-17.16
-16.92
-16.74
-16.61
-16.38
-16.18
-15.93
-15.86
-15.8
-15.67
-15.74
-16.56
-17.75
-18.15
-17.28
-16.66
-17.51
-18.35
-17.9
-16.6
-15.92
-15.83
-15.24
-14.02
-12.51
-11.34
-10.51
-9.4
-7.43
-5.58
-4.75
-4.45
-3.57
-2.69
-2.08
-1.24
0.55
2.69
4.19
4.98
6.05
7.84
9.85
10.59
10.66
11.22
12.22
12.52
11.98
11.21
11.72
12.91
12.51
10.97
10.25
10.41
9.51
7.06
4.79
3.37
1.8
-0.61
-2.44
-3.04
-3.6
-5.96
-8.6
-9.46
-8.92
-9.3
-10.33
-10.54
-9.58
-8.93
-9.81
-10.85
-10.61
-9.33
-8.52
-8.14
-7.22
-5.87
-4.98
-4.59
-4.18
-3.85
-3.52
-3.2
-2.2
-0.64
0.37
0.47
1.3
3.08
4.71
5.12
5.11
5.33
6.08
6.62
6.64
6.41
7.03
8.12
8.38
7.95
7.93
8.4
8.35
7.6
6.83
6.41
6.21
5.89
5.92
6.02
6.26
6.33
6.29
6.22
6.15
6.26
5.97
5.01
4.38
4.81
5.19
4.75
4.33
4.61
4.86
4.55
4.36
4.2
3.62
2.77
2.35
2.57
2.93
2.72
2.25
2.47
3.59
4.5
4.61
4.61
5.59
7.49
9.1
9.85
10.47
12.12
14.51
16.01
16.38
16.23
16.59
17.2
17.25
16.28
15.33
15.65
16.36
16.23
15.54
16.34
18.2
19.31
19.08
18.94
19.77
20.75
21.35
21.54
21.44
21.17
20.73
20.92
21.09
21.31
21.64
21.49
20.89
20.24
19.73
19.58
19.23
19.08
18.97
18.66
18.07
17.91
18.17
17.43
16.14
16.65
18.57
19.3
18.15
17.1
17.64
18.56
18.06
17.24
17.54
18.14
17.69
16.66
16.14
15.89
15.77
15.97
15.95
15.45
14.81
14.96
15.53
15.24
14.7
15.02
15.78
15.63
14.63
14.13
14.65
14.81
14.51
14.09
14.07
14.38
14.62
14.39
13.91
13.61
13.88
13.87
13.19
12.27
11.92
11.44
10.48
9.44
9.2
9.25
9.06
8.64
8.16
7.67
7.01
6.48
6.01
5.46
4.99
5.08
4.96
4.08
3.02
1.95
0.53
-0.99
-1.89
-2.24
-2.26
-2.27
-2.1
-1.34
-0.26
0.99
1.89
2.49
3.17
3.9
4.21
4.28
4.94
6.02
6.25
5.31
4.6
5.04
5.81
5.56
4.28
3.64
4.63
6.11
6.73
6.36
6.21
6.74
7.01
6.64
6.2
5.9
5.79
5.82
5.71
5.29
4.96
5.18
5.63
5.17
4.24
3.52
2.63
1.77
1.72
2.08
1.8
1.17
0.92
0.8
0.77
1.08
1.13
0.68
-0.24
-0.82
-1.21
-1.47
-2.07
-3.12
-3.64
-3.81
-3.74
-4.17
-4.99
-5.13
-4.18
-3.67
-4.36
-5.14
-4.62
-3.69
-3.59
-4.02
-4.17
-3.66
-3.07
-2.82
-2.88
-3.5
-4.51
-5.54
-6.3
-6.5
-6.99
-8.32
-9.42
-9.02
-8.2
-8.59
-10.01
-10.04
-8.89
-8.51
-9.25
-9.67
-8.91
-7.62
-7.08
-7.67
-8.04
-7.91
-7.7
-7.67
-7.66
-7.91
-8.24
-8.78
-8.98
-8.8
-9.23
-9.85
-10.09
-10.05
-10.59
-11.23
-11.86
-11.54
-10.48
-10.33
-10.73
-10.1
-8.78
-8.41
-9.16
-9.46
-8.91
-8.96
-9.73
-9.74
-8.97
-8.78
-9.77
-10.2
-8.68
-6.87
-7.06
-7.83
-7.12
-5.48
-5.46
-7.22
-8.57
-8.42
-8.3
-9.1
-10.47
-10.34
-9.61
-9.66
-11.03
-12.1
-11.84
-11.07
-10.85
-11.32
-11.83
-11.83
-11.19
-10.76
-11.61
-12.6
-12.48
-11.43
-11.22
-12.2
-12.66
-11.72
-10.39
-10.33
-11.47
-11.91
-11.13
-10.12
-10
-11.35
-13.02
-13.48
-13.12
-13.44
-13.96
-13.92
-13.98
-14.49
-14.44
-13.88
-13.79
-14.48
-14.79
-13.69
-12.9
-13.21
-13.66
-13.37
-13.36
-14.32
-15.07
-14.85
-14.13
-14.46
-15.35
-16.02
-16.57
-17.2
-17.89
-18.3
-18.34
-18.63
-18.55
-18.73
-18.95
-18.76
-19.02
-19.18
-18.75
-17.26
-16.29
-17.08
-17.23
-15.15
-12.87
-13.04
-13.95
-13.06
-11.01
-10.58
-12.16
-13.08
-12.32
-11.46
-12.52
-14.24
-14.89
-15.12
-16.18
-18.02
-19.62
-19.97
-19.92
-20.56
-21.4
-21.5
-20.95
-20.82
-21.13
-21.09
-19.79
-17.78
-16.07
-14.85
-13.97
-13.08
-12.44
-12.29
-12.74
-12.94
-12.21
-11.08
-10.59
-11.02
-11.45
-11.36
-11.26
-10.96
-10.16
-10.02
-10.6
-10.72
-9.83
-9.67
-10.86
-11.28
-10.36
-9.74
-10.07
-10.11
-8.97
-7.43
-6.34
-5.94
-5.91
-5.19
-4.59
-4.2
-4.52
-4.87
-4.64
-4.16
-4.31
-5.08
-5.35
-5.05
-5.11
-6.14
-7.54
-8.16
-8.31
-9.28
-10.19
-9.16
-7.2
-6.55
-7.12
-6.65
-3.68
-1.5
-1.45
-1.83
-0.79
0.9
1.57
0.84
0.54
1.31
2.39
3.11
3.33
2.8
1.86
1.91
2.15
1.67
1.05
1.65
2.73
2.89
2.08
1.83
2.82
3.11
1.8
1.51
2.61
3.23
3.06
3.68
4.65
4.67
3.89
3.4
3.73
3.86
3.36
3.09
3.98
5.11
4.71
3.7
3.89
5.08
5.2
4.06
3.35
4.07
5.08
4.73
3.55
3.89
5.15
5.51
5.19
5.16
5.86
6.5
6.66
6.52
6.4
6.2
6.04
6.42
7.08
7.57
7.68
7.97
8.15
8.33
8.45
8.14
7.69
7.9
8.17
7.82
7.22
6.42
6.26
6.87
7.45
7.55
7.48
7.65
8.13
8.45
8.86
9.36
10.01
10.64
10.5
9.99
10.24
11.48
12.47
12.24
11.18
10.27
10.13
9.69
8.5
7.32
6.68
6.36
5.78
4.99
4.21
3.39
2.59
1.85
1.42
1.3
1.09
0.75
0.73
1
1.13
1.1
1.25
2
2.59
2.74
3.16
3.71
4.49
5.15
5.87
5.76
4.98
4.88
5.49
6.05
6.32
6.74
7.82
9.16
9.78
9.54
9.53
10.31
11.33
11.95
12.15
12.7
13.26
13.73
13.9
13.79
13.73
14.27
15.5
16.15
15.57
14.74
14.45
14.41
14.37
14.29
14.35
14.63
15.55
16.86
16.71
15.52
14.87
15.3
15.82
15.59
15.13
15.37
15.93
15.83
15.45
15.39
14.66
13.63
12.86
12.08
10.84
9.7
8.78
8.69
8.81
9.21
9.9
10.45
10.86
10.97
11.09
11.32
11.81
12.84
13.74
14.42
14.72
14.73
14.95
15.66
16.05
15.79
15.38
15.39
15.24
14.94
14.85
15.02
14.83
14.37
14.15
14.21
14.16
13.35
12.32
13.24
15.29
15.95
15.26
14.84
15.05
15.17
14.59
14.01
14.48
15.48
15.55
14
12.38
11.87
11.52
10.28
8.86
8.08
7.86
7.45
7.19
7.7
8.6
9.08
9.29
9.72
10.61
11.64
11.79
10.93
10.5
10.71
10.53
9.49
8.35
8.07
8.3
7.81
6.29
5.04
3.88
3.33
3.06
3.18
3.27
3.05
3.29
4.1
4.81
5.18
5.62
6.69
8.13
9.52
10.38
10.89
11.55
12.41
12.58
12.15
12.17
13.3
14.58
15.08
15.04
15.85
17.64
18.55
18.22
17.38
16.94
17.04
16.22
14.35
13.5
13.26
12.67
11.55
10.9
10.96
10.4
8.94
7.49
6.73
6.16
5.14
3.88
3.31
3.22
3.21
2.93
3.02
3.07
2.39
1.84
2.56
3.87
4.4
4.7
5.9
7.58
8.26
7.54
6.68
6.84
7.06
6.91
6.42
5.61
4.38
3.36
2.65
1.74
0.6
-0.16
-0.52
-0.79
-0.9
-0.6
0.08
0.85
1.5
2.01
2.22
2.32
3.07
4.11
4.78
4.85
5.01
5.22
5.67
5.89
5.01
3.49
2.78
3.17
3.35
2.38
1.52
1.98
3.08
3.9
4.74
6.41
8.26
9
8.72
8.81
9.33
9.67
9.54
9.01
8.5
8.61
9.45
10.17
10.05
9.85
10.35
11.85
13.17
13.64
13.7
14.28
15.09
15.48
14.54
13.18
12.48
12.25
11.41
11.02
11.05
10.7
9.53
8.8
9.23
9.27
8.45
7.74
8.42
9.73
9.79
8.83
7.91
8.1
8.93
9.46
9.87
10.47
11.21
11.7
12.16
13.22
14.72
15.67
16.01
16.88
18.85
20.85
21.55
21.12
20.44
20.54
21.18
21.72
22.06
22.24
22.31
22.45
22.45
22.1
21.46
20.45
19.51
19.6
20.57
21.35
20.85
19.59
18.79
19.06
19.51
19.25
18.75
18.98
20.24
21.78
22.49
22.28
22.38
23.36
24.08
24.23
24.35
25.08
25.59
24.55
23.44
23.8
24.84
24.56
23.46
24.08
25.58
25.22
23.1
22.3
23.8
25.05
24.85
24.24
24.68
25.07
23.94
21.94
20.72
19.96
18.84
17.29
15.48
13.99
13.25
13.33
13.56
12.82
12.03
12.63
14.11
15.14
15.71
16.72
18
18.92
19.24
19.64
20.57
20.97
20.41
18.98
17.85
16.62
15.42
13.96
12.98
12.3
11.4
9.83
8.17
7.71
8.03
8.13
7.98
8.14
8.68
9.02
8.44
7.48
7.5
8.53
9.38
9.25
9.48
10.18
10.67
10.36
10.26
10.95
11.88
11.91
11.24
10.79
11.16
11.53
11.97
11.93
11.8
11.54
11.1
10.67
10.11
9.28
8.84
8.63
7.99
7.7
7.84
7.64
6.83
6.26
6.47
6.36
5.64
5.04
5.22
5.23
4.52
3.39
2.4
2.15
2.4
2.63
2.91
3.51
4.36
4.76
4.52
4.72
5.58
5.89
5.21
4.85
5.54
6.26
6.26
6.22
6.79
7.76
8.25
8.63
9.77
11.45
12.67
13.02
13.28
14.19
15.05
14.84
13.66
12.72
12.47
11.92
10.74
9.86
9.47
8.8
7.29
5.35
4.03
3.55
3.45
3.46
3.7
4.29
4.61
4.51
5.19
7.04
8.52
8.81
8.81
9.68
10.83
11.22
10.92
11.21
12.22
13.28
13.36
13.21
13.44
13.68
13.74
13.32
12.98
13.88
15.38
16.13
15.89
16.23
17.76
18.92
18.22
16.61
15.92
15.97
15.11
14.22
14.67
15.79
15.99
14.9
14.36
14.88
14.96
14.35
14.27
15.1
15.52
16.02
16.85
17.54
17.15
17.21
18.17
19.11
19.31
19.29
19.25
19.09
19.16
19.81
20.27
19.86
19.22
18.94
18.66
18.06
17.46
17.85
18.85
19.01
17.98
17.17
17.34
17.5
16.44
14.67
14.4
15.55
16.16
14.88
12.72
11.53
12.2
12.99
12.05
10.19
9.63
10.47
10.43
9.25
8.89
10.12
11.09
10.63
10.42
11.49
12.56
12.04
11.08
11.71
12.12
11.09
9.69
9.1
9.13
8.87
8.08
7.54
7.86
8.22
7.31
6.16
6.08
6.41
6.81
6.53
6.75
6.79
6.32
5.91
6.19
6.61
6.2
4.85
3.5
3.07
3.75
4.21
3.9
3.44
4.11
5.76
6.67
6.37
6.04
6.71
7.23
6.4
5.43
5.56
5.98
5.68
5.29
5.69
5.9
5.08
4.81
5.68
6.05
5.04
3.97
4.09
4.27
3.98
3.45
3.14
2.85
1.43
-0.51
-1.1
-0.3
-0.02
-1.02
-1.69
-0.68
0.06
-0.69
-1.7
-1.78
-0.28
1
1.46
1
0.71
1.65
2.94
3.16
2.82
2.9
3.34
3.7
4.16
5.04
5.86
6.24
6.24
5.93
5.69
6.48
7.46
7.54
7.45
8.11
9.35
10.19
10.67
11.15
11.47
11.12
10.73
10.79
11.11
11.17
10.72
9.85
8.51
7.63
7.28
6.78
6.16
6.02
6.56
7.38
7.99
8
7.9
7.9
8.26
8.83
9.32
9.87
10.22
9.81
9.08
8.8
9.02
9.42
9.59
8.96
8.16
7.96
7.92
7.95
8.09
7.97
7.61
7.85
8.25
8.19
8.4
9.14
9.24
8.32
7.11
6.22
6.03
6.24
6.1
5.23
4.47
5.11
5.88
4.9
3.72
4.08
5.01
4.97
4.25
3.82
3.5
2.88
2.53
3.01
3.69
3.62
2.62
1.83
1.58
1.66
1.6
1.36
1.03
0.15
-1.19
-1.65
-1.16
-1.7
-3.8
-5.22
-4.69
-4.02
-5.38
-7.33
-7.8
-7.79
-7.64
-7.79
-8.48
-9.31
-8.95
-8.56
-9
-9.74
-9.71
-9.59
-9.72
-9.91
-9.36
-9.26
-9.95
-10.99
-11.24
-10.81
-10.08
-9.6
-9.73
-10.2
-10.43
-10.85
-11.43
-12.02
-12.24
-11.99
-11.88
-12.34
-12.94
-12.53
-11.57
-11.43
-13.13
-14.87
-15.42
-14.7
-14.91
-16.05
-16.1
-14.73
-14.32
-15.91
-17.29
-16.07
-14.33
-14.73
-16.76
-17.51
-15.96
-15.49
-17.94
-20.57
-20.53
-19.61
-20.56
-22.42
-23.47
-23.19
-23.27
-24.75
-25.63
-25.23
-25.39
-26.85
-28.25
-28.05
-27.43
-27.96
-28.87
-28.89
-28.5
-28.44
-28.55
-28.62
-28.89
-29.58
-30.13
-30.39
-31.2
-32.13
-31.58
-29.6
-28.39
-28.91
-28.99
-27.51
-26.07
-25.55
-25.48
-24.3
-22.69
-21.8
-21.68
-21.42
-21
-21.81
-22.3
-21.45
-20.14
-20.18
-21.42
-21.98
-21.56
-21.41
-22.43
-22.76
-22.17
-22.3
-23.28
-23.4
-22.41
-21.34
-21.4
-21.31
-20.63
-20.14
-20.38
-21.12
-21.29
-21.03
-20.9
-21
-20.77
-20.82
-21.16
-21
-21.43
-22.65
-23.73
-23.82
-23.08
-22.34
-21.92
-22.46
-23.17
-22.92
-22.81
-24.05
-25.31
-25.1
-24.44
-25.16
-26.86
-27.81
-27.62
-26.97
-27.04
-27.86
-29.04
-29.18
-28.39
-27.64
-27.52
-27.66
-27.68
-27.49
-27.59
-27.52
-27.29
-27.36
-27.65
-27.99
-28.75
-30
-30.87
-30.78
-30.7
-31.13
-31.67
-32.17
-31.57
-30.02
-29.18
-29.46
-29.12
-27.56
-26.77
-27.94
-29.58
-29.24
-27.72
-27.38
-28.6
-29.48
-28.84
-28.12
-28.76
-28.85
-27.44
-26.18
-26.28
-26.79
-26.51
-25.67
-25.37
-25.77
-26.02
-25.84
-25.08
-24.6
-24.99
-25.5
-25.7
-25.62
-25.71
-25.98
-26.26
-26.87
-27.39
-27.57
-27.62
-28.18
-28.94
-29.11
-28.95
-29.49
-30.5
-31.2
-30.71
-29.33
-27.96
-27.19
-26.75
-26.16
-25
-23.36
-22.17
-21.4
-20.68
-20.52
-21.17
-22.04
-22.25
-21.87
-21.69
-22.08
-22.48
-22.63
-22.73
-22.41
-21.46
-20.53
-19.76
-19.38
-18.68
-17.54
-16.58
-16.55
-16.9
-16.94
-17.22
-18.53
-19.4
-19.42
-19.15
-19.12
-18.73
-18.42
-19.3
-18.73
-17.71
-17.71
-17.62
-18.46
-18.15
-18.14
-18.74
-19.11
-19.11
-19.04
-19.19
-18.69
-18.13
-18.95
-19.63
-19.4
-19.05
-20.17
-21.48
-21.3
-19.58
-19.17
-20.32
-20.62
-20.62
-17.47
-17.33
-17.77
-17.38
-16.47
-16.48
-17.45
-17.86
-17.53
-17.4
-17.63
-17.12
-15.91
-15.48
-16.14
-15.97
-14.09
-12.26
-12.08
-12.55
-12.18
-10.95
-10.2
-10.38
-10.23
-9.2
-8.57
-9.64
-9.64
-11.85
-10.81
-10.27
-11.14
-12.33
-12.18
-11.5
-12.41
-12.41
-14.24
-13.6
-12.8
-13.68
-13.68
-14.78
-13.48
-13.54
-14.2
-14.3
-14.3
-13.29
-12.75
-12.89
-12.65
-11.98
-11.49
-11.05
-10.28
-9.79
-10.14
-11.19
-11.56
-10.6
-9.47
-9.4
-10.06
-10.23
-9.87
-9.1
-8.43
-8.21
-8.22
-8.36
-8.55
-8.55
-8.35
-8.03
-7.6
-7.22
-7.03
-7.14
-7.2
-7.32
-7.18
-6.82
-6.51
-6.81
-7.09
-6.24
-4.78
-5.03
-6.72
-7.15
-6.23
-5.08
-4.47
-3.98
-3.56
-3.43
-3.29
-3.1
-2.35
-1.19
-0.32
-0.11
-0.01
0.56
1.02
0.83
0.37
0.41
0.76
0.36
-0.31
-0.55
-1.29
-2.54
-3.07
-2.87
-2.16
-1.05
-0.23
0.34
1.08
2.02
2.75
3.33
3.69
3.94
4.2
4.75
5.56
5.82
4.95
3.72
4.31
5.64
6.21
5.72
5.36
6.11
7.56
8.83
9.51
9.85
10.48
11.63
12.75
13.24
13.18
12.86
13.14
13.83
13.83
13.24
12.44
11.59
10.85
10.39
10.36
10.61
10.59
9.97
9.02
8.47
8.39
8.06
7.46
6.94
6.81
7.46
8.29
8.52
7.71
7.37
8.41
9.11
8.33
7.6
8.26
9.06
8.4
7.94
8.54
9.51
9.6
8.93
8.26
8.92
10.21
11.84
12.07
12.11
13
14.88
15.98
15.79
15.73
17.12
18.52
18.47
18.08
18.81
19.71
19.48
18.86
19.57
20.67
20.97
20.22
19.54
19.34
19.33
19.12
18.84
18.71
18.98
19.16
19.04
18.65
18.26
18.03
18.08
18.44
18.55
17.77
17.12
17.26
17.94
18.43
18.49
18.43
18.48
18.68
18.39
17.7
17.12
16.67
16.43
16.49
16.45
16.86
17.46
17.58
17.41
17.28
17.08
16.71
16.65
17.13
17.36
16.34
14.82
14.14
14.07
13.77
13.03
12.45
12.46
12.7
12.47
12.42
12.48
12.77
13.32
13.97
14.1
13.6
13.14
13.36
13.46
13.51
13.48
13.1
12.59
12.49
13.02
13.65
13.78
13.46
13.28
13.5
13.88
13.58
13.05
13.31
13.7
13.16
12.02
12.08
13.45
14.15
13.32
12.14
12.66
14.38
14.56
13.44
13.82
15.7
16.69
16.22
16.09
17.4
18.64
18.5
17.94
18.19
18.57
18.02
17.42
17.32
17.81
17.78
16.87
16.23
16.81
17.73
17.39
16.08
15.49
16.44
17.03
16.3
15.28
15.14
15.51
15.06
14.29
13.89
13.72
12.89
11.42
10.6
10.22
10.01
9.91
9.32
9.39
10.22
10.83
10.63
10.5
12.06
14.07
14
12.22
11.05
12.23
13.75
13.06
11.62
12.24
13.7
13.25
11.97
11.87
12.88
12.9
12.24
11.65
11.89
12.82
12.82
11.25
10.39
11.03
12.26
12.44
11.97
12.38
13.09
13.02
12.54
12.65
13.22
13.93
14.1
13.51
13.33
14.22
14.87
14.25
13.24
12.99
13.4
12.95
11.81
11.19
11.35
11.54
11.48
11.46
11.48
11.47
11.54
11.6
11.23
10.6
10.41
10.19
9.47
8.44
8.05
8.62
8.96
8.11
6.59
5.99
6.23
6.53
6.24
5.82
5.5
4.54
3.77
4.12
5.15
5.51
4.89
5.02
5.8
6.06
5.46
4.85
4.9
5.18
5.07
4.91
5.12
5.19
4.85
4.44
4.18
4.09
4.32
4.78
4.79
4.31
3.83
3.85
4.39
4.86
4.78
4.33
3.68
3.8
4.05
4.23
4.51
4.3
3.48
3.73
5.05
5.61
4.77
3.84
4
4.96
5.13
4.81
5.06
5.95
6.67
7.21
7.61
8.04
8.43
8.5
7.94
7.01
6.57
6.44
5.9
4.82
4.05
4.18
4.42
3.82
2.73
1.97
2.11
1.88
0.99
0.28
-0.12
-0.91
-1.59
-1.46
-0.99
-0.99
-1.53
-1.86
-1.55
-1.47
-1.91
-2.43
-2.27
-1.62
-1.21
-1.07
-0.76
-0.04
0.5
0.34
-0.27
-0.56
-0.47
-0.4
-0.66
-0.91
-0.77
-0.22
0.32
0.2
-0.85
-1.74
-1.58
-0.98
-1.13
-1.8
-1.62
-0.92
-1.07
-1.92
-2.11
-1.59
-1.32
-1.59
-1.78
-1.74
-1.58
-1.72
-1.92
-2.18
-1.7
-0.82
-0.41
-0.72
-0.76
0.41
1.47
1.22
0.18
0.43
1.68
1.57
-0.2
-1.04
-0.54
-0.67
-2
-2.41
-1.28
-0.11
-0.11
-0.56
-0.04
1.13
1.65
1.03
0.34
0.49
0.56
-0.08
-1.13
-1.82
-2.36
-3.11
-4.48
-5.46
-5.55
-5.57
-6.46
-7.32
-7.71
-8.2
-8.76
-8.86
-8.67
-8.84
-9.16
-8.83
-8.29
-8.3
-8.72
-8.96
-8.74
-8.02
-7.37
-7.4
-7.72
-7.79
-7.55
-7.35
-7.43
-7.72
-8.1
-8.42
-8.74
-9.21
-9.38
-8.67
-7.54
-7.37
-8.37
-9.6
-10.49
-10.88
-10.77
-10.86
-11.71
-12.52
-12.61
-11.93
-11.62
-12.51
-13.45
-13.08
-11.68
-11.36
-12.13
-12.39
-11.25
-9.61
-9.28
-9.89
-10.01
-9.36
-8.62
-9.26
-10.09
-9.57
-8.35
-8.53
-10.12
-10.7
-10.08
-10.29
-11.61
-12.24
-11.72
-11.15
-11.84
-13.17
-13.72
-13.49
-13.93
-15.18
-16.1
-16.17
-16.32
-16.85
-17.31
-17.07
-16.7
-16.69
-16.56
-16.38
-16.27
-16.75
-17.49
-17.41
-16.69
-17.01
-17.84
-17.79
-16.71
-16.94
-17.84
-18.12
-17.77
-17.38
-17.11
-17.39
-18.04
-18.6
-18.89
-19.18
-19.82
-20.64
-21.01
-21.32
-21.97
-22.65
-23.02
-23.69
-24.92
-26.21
-26.14
-25.35
-25.14
-25.68
-26.13
-26
-25.36
-24.94
-24.62
-23.83
-22.79
-22.51
-22.67
-22.8
-22.9
-22.74
-22.14
-21.6
-21.68
-22.31
-22.67
-22.5
-22.6
-23.07
-23.19
-22.44
-21.84
-21.87
-22.02
-21.25
-19.97
-19.41
-19.6
-20.02
-20.01
-19.74
-19.82
-20.25
-20.46
-20.23
-20.46
-21.57
-22.49
-23.02
-23.8
-24.61
-24.71
-24.68
-25.32
-26.07
-26.11
-25.88
-25.9
-26.13
-25.86
-24.94
-24.38
-24.6
-24.93
-24.72
-24.98
-25.19
-25.48
-25.9
-26.53
-26.61
-26.03
-25.92
-26.64
-26.92
-26.62
-26.99
-27.62
-26.97
-25.67
-25.42
-25.7
-25.52
-25.11
-25.58
-26.6
-26.83
-25.99
-25.54
-26.15
-26.32
-25.67
-25.42
-25.71
-26.05
-26.28
-26.5
-26.57
-26.14
-25.55
-25.51
-26.04
-26.27
-26.1
-26.07
-26.75
-28.17
-29.02
-28.45
-27.63
-27.97
-28.89
-29.16
-28.79
-29.23
-30.65
-31.25
-30.44
-30.02
-31.26
-32.31
-31.91
-31.3
-31.9
-32.82
-32.59
-31.13
-29.97
-29.79
-29.61
-28.89
-28.24
-28.59
-29.96
-30.59
-29.95
-29.61
-30.91
-32.59
-33.26
-33.2
-33.63
-34.86
-35.86
-36.22
-36.95
-38.47
-39.22
-38.53
-37.78
-38.06
-38.52
-37.64
-36.02
-35.37
-36.19
-36.9
-36.71
-36.57
-37.12
-37.41
-37.65
-37.12
-36.4
-36.31
-36.81
-36.76
-36.13
-35.9
-36.22
-36.47
-35.98
-35.39
-35.85
-36.88
-37.39
-37.44
-37.72
-38.42
-38.87
-38.69
-38.42
-38.35
-38.49
-38.7
-38.56
-38.35
-38.33
-38.2
-37.86
-37.97
-38.72
-39.37
-38.99
-37.98
-37.74
-38.6
-39.47
-39.53
-39.51
-39.72
-40.08
-39.79
-39.01
-38.93
-39.64
-40.41
-40.4
-39.73
-39.3
-39.39
-39.95
-39.98
-39.07
-38.63
-39.07
-39.25
-38.08
-36.92
-37.52
-38.82
-39.2
-38.79
-38.47
-38.68
-38.9
-38.55
-38.4
-39.26
-39.94
-39.49
-39.17
-39.93
-40.51
-39.92
-39.17
-39.24
-39.97
-40.56
-40.32
-39.74
-39.64
-40
-39.6
-38.18
-37.3
-37.55
-37.77
-37.07
-36.34
-36.47
-36.98
-36.89
-36.47
-36.69
-37.04
-36.96
-36.89
-37.52
-39.01
-40.22
-40.5
-40.41
-40.16
-39.92
-39.95
-40.41
-39.7
-38.43
-38
-38.38
-38.41
-37.73
-37.01
-37.35
-37.87
-37.54
-36.89
-36.85
-37.2
-37.21
-36.94
-37.47
-38.42
-39.31
-39.93
-40.37
-40.97
-41.65
-42.14
-42.39
-43.34
-43.93
-43.18
-42.3
-42.31
-43.02
-43.1
-42.39
-41.73
-41.81
-42.14
-41.99
-41.45
-40.91
-40.59
-40.37
-40.5
-40.3
-39.61
-39.1
-39.66
-40.71
-41.27
-40.86
-40.61
-41.47
-42.66
-42.61
-41.48
-41.67
-43.37
-44.34
-43.65
-43.02
-43.48
-43.81
-43.21
-42.83
-43.84
-45.28
-45.35
-44.93
-45.02
-45.52
-45.35
-44.37
-43.38
-43.06
-43.14
-42.91
-42.29
-41.92
-41.28
-40.68
-40.64
-41.16
-41.69
-41.96
-42.42
-43.12
-42.98
-42.36
-42.47
-43.15
-43.51
-43.57
-43.84
-44.07
-44.54
-44.69
-44.89
-44.39
-43.49
-43.3
-44.78
-46.41
-46.11
-45.25
-46
-46.3
-45.34
-43.36
-42.84
-43.36
-43.05
-41.65
-40.83
-41.74
-42.52
-41.54
-40.73
-41.89
-43.08
-42.75
-41.56
-41.96
-42.86
-42.48
-41.43
-41
-41.5
-42.07
-41.92
-41.56
-41.92
-42.99
-43.93
-44.25
-44.27
-44.36
-44.43
-44.36
-44.2
-43.65
-43.04
-42.65
-42.82
-42.87
-42.41
-42.07
-42.11
-42.43
-42.78
-42.9
-42.46
-41.83
-41.45
-41.29
-41.32
-41.65
-42.27
-42.69
-42.25
-41.27
-40.7
-40.56
-40.39
-39.25
-38.65
-38.23
-37.78
-36.75
-35.77
-35.18
-34.65
-34.02
-33.4
-33.07
-33.17
-33.63
-33.97
-34.08
-34.49
-35.06
-35.41
-35.55
-35.22
-34.78
-35.08
-36.18
-37.13
-36.98
-36.44
-36.52
-37.33
-38.15
-38.57
-38.84
-39.16
-39.43
-40.02
-41.52
-42.57
-41.63
-40.1
-39.73
-39.99
-39.99
-39.46
-38.88
-38.95
-39.37
-39.15
-37.21
-35.06
-34.31
-35.05
-35.5
-35.17
-35.12
-36.15
-36.68
-35.13
-32.84
-32.28
-33.16
-33.06
-31.81
-31.33
-32.36
-32.76
-32.05
-31.91
-32.73
-33.5
-32.97
-32.19
-32.72
-34.1
-34.66
-34.25
-33.85
-34.22
-34.93
-34.56
-33.29
-32.32
-32.05
-31.87
-31.48
-30.86
-29.85
-29.27
-29.68
-30.43
-30.98
-31.21
-31.23
-31.02
-30.37
-29.94
-30.43
-30.98
-30.67
-29.76
-29.42
-30.03
-30.81
-30.89
-30.51
-30.45
-31.18
-31.58
-30.16
-28.15
-27.53
-28.4
-28.67
-27.31
-26.37
-27
-27.2
-25.9
-24.31
-24.23
-25.24
-25.74
-24.8
-23.61
-23.9
-24.43
-23.69
-22.88
-23.21
-23.96
-24.39
-24.38
-24.27
-24.43
-24.56
-24.53
-24.87
-25.61
-25.77
-25.02
-24.23
-24.28
-24.85
-25.15
-25.01
-24.86
-24.2
-23.5
-23.21
-23.57
-23.64
-22.59
-21.09
-20.38
-20.29
-19.88
-18.78
-18.03
-18.18
-18.49
-18.15
-17.38
-17.21
-17.88
-18.22
-17.84
-17.61
-17.87
-18.06
-17.89
-17.27
-16.93
-17.35
-18.16
-18.48
-18.19
-17.91
-17.72
-17
-15.72
-14.71
-14.26
-14.33
-14.81
-15.03
-14.71
-14.49
-14.79
-15.36
-15.44
-15.12
-15.43
-16.18
-16.22
-15.82
-16.23
-16.35
-15.97
-15.95
-16.51
-16.5
-15.15
-13.72
-13.82
-14.59
-14.23
-12.92
-11.87
-11.66
-11.34
-10.09
-8.6
-7.91
-7.86
-7.74
-7.66
-7.47
-6.56
-5.73
-6.1
-6.73
-5.83
-4.15
-3.79
-4.7
-5.28
-4.44
-3.41
-3.45
-3.79
-3.3
-2.38
-2.39
-3.38
-3.81
-3.63
-3.77
-4.57
-5.45
-5.95
-5.71
-5.25
-4.61
-4.16
-3.64
-3.1
-2.09
-0.98
-0.25
0.27
0.84
1.19
1.02
0.21
-0.53
-0.5
-0.01
0.64
1.24
1.73
2.25
2.78
2.97
3.17
3.99
5.25
5.75
5.48
5.38
5.85
6.61
6.66
6.35
6.03
6.16
6.05
5.6
5.49
6.49
7.86
8.44
8.31
8.27
8.55
9.11
9.71
9.57
9.47
9.71
9.9
9.95
9.75
9.31
8.74
8.76
9.06
9.63
9.97
10.06
10.16
10.35
10.67
11.35
12.31
13.01
12.79
12.3
12.41
12.69
12.39
12.25
12.98
14.16
15.15
15.37
15.28
15.73
16.81
17.83
18.2
18.38
18.71
19.07
19.45
19.71
19.92
20.16
20.93
21.66
22
22.13
22.51
22.87
22.95
22.92
22.73
22.55
22.31
22.17
22.35
22.42
21.83
21.3
21.68
22.71
23.23
22.99
23.43
24.71
25.72
25.81
25.88
26.35
26.43
26.36
26.76
27.7
28.24
27.84
27.25
27.04
27.09
26.89
26.73
27.11
27.42
26.87
25.98
25.66
25.89
26.52
27.15
27.25
26.78
26.53
26.93
27.38
27.57
27.2
26.65
26.64
27.38
28.73
29.08
29.15
29.58
30.2
29.97
29.31
29.21
29.9
30.26
29.8
29.45
30.02
30.06
29.5
30.08
31.7
32.91
33.27
33.75
34.51
35
34.94
35.21
36.02
36.74
36.9
36.69
36.31
36.48
36.87
37.1
36.97
37.02
37.31
37.58
37.78
37.96
37.67
36.9
36.28
36.39
36.57
36.07
35.59
35.74
35.86
35.44
35.02
35.17
35.47
35.03
33.79
33.07
33.65
34.34
34.58
34.39
34.49
35.2
35.38
34.69
34.53
35.16
35.23
34.24
33.62
33.77
33.57
32.61
32.02
32.76
33.79
33.59
32.8
32.87
33.63
33.9
33.49
33.33
33.81
34.66
35.19
35.22
35.53
36.42
36.58
35.39
34.79
35.49
35.9
35.34
34.71
34.71
34.69
33.91
33.48
33.94
34.62
34.25
33.5
33.16
33.48
33.57
33.48
33.39
33.45
33.31
33.32
33.55
33.84
33.71
33.36
33.28
33.38
33.51
33.52
33.3
33.02
32.75
32.26
31.77
31.56
31.77
32.1
32.07
31.99
32.15
32.56
33.41
33.8
33.33
32.37
32.11
32.6
32.14
30.73
29.65
29.49
29.54
29
28.37
28.44
28.95
28.78
28.13
27.77
28.51
29.44
29.38
28.98
29.43
30.17
29.94
28.75
28.5
29.18
29.75
29.28
28.75
29.57
29.93
28.98
27.82
27.81
28.56
29.22
29.48
29.76
29.9
30.08
30.03
29.87
29.99
30.23
30.09
29.5
29.53
30.09
29.8
28.64
27.63
27.55
27.58
27.55
27.97
28.83
29.28
29.11
28.61
28.79
29.34
29.59
29.46
29.67
29.96
29.71
29.25
28.99
29.02
29.03
28.81
28.32
28.06
28.15
28.17
27.76
26.93
26.19
26.02
26.03
25.83
25.81
26.47
27.14
26.59
25.55
25.03
25.09
25
24.79
24.9
24.94
24.64
24.15
23.39
22.44
21.74
21.81
22.55
22.94
22.97
22.95
23
23.46
24.51
25.15
24.95
24.17
23.63
23.38
23.2
22.68
22.39
22.37
22.31
22.12
22
22.33
22.68
22.86
23.14
23.12
22.53
21.77
21.38
21.1
20.31
19.35
19.11
19.41
19.32
18.56
17.89
18.01
18.56
18.49
17.64
17.2
17.72
18.61
18.86
18.43
17.93
18.01
18.41
18.48
18.3
18.48
18.93
18.94
18.46
17.66
17.17
16.85
16.58
16.58
16.48
15.9
15.26
14.94
14.62
13.69
12.83
12.3
12.58
13.1
13.01
12.42
12.2
12.76
13.48
13.8
13.66
13.92
14.33
14.65
14.9
15.26
15.21
14.65
13.91
13.35
12.71
11.9
11.44
11.41
11.55
11.33
10.78
10.25
10.12
10.07
9.84
9.37
9.1
8.88
8.44
7.94
7.63
7.45
7.48
7.68
7.61
7.17
6.82
6.84
6.77
6.15
5.53
5.31
4.98
4.24
4.05
4.44
4.13
3.05
2.59
3.1
3.08
2.27
1
0.94
1.36
0.98
0.28
0.26
0.85
0.45
-1.2
-2.53
-2.58
-2.48
-3.08
-3.73
-3.74
-2.86
-2.55
-2.72
-2.68
-2.54
-2.47
-2.49
-2.54
-2.13
-1.44
-1.39
-2.09
-2.29
-1.81
-1.85
-2.44
-2.96
-3.02
-2.99
-3.11
-2.94
-2.18
-1.65
-1.8
-1.92
-1.5
-1.19
-1.45
-1.8
-1.42
-0.5
-0.14
-0.81
-1.3
-1.04
-0.64
-0.88
-1.45
-2.36
-3.56
-4.75
-5.44
-5.03
-4.49
-4.56
-5.16
-5.28
-5.02
-5.37
-6.81
-8.38
-8.83
-8.31
-8.59
-9.94
-10.88
-10.52
-10.18
-11.23
-12.49
-12.49
-11.82
-11.92
-12.64
-12.63
-11.92
-11.86
-12.59
-12.58
-11.72
-11.16
-11.63
-12.32
-12.56
-11.68
-11.2
-11.51
-12.25
-13.03
-13.44
-13.86
-14.65
-15.73
-16.55
-16.92
-17.49
-18.8
-20.47
-21.32
-21.43
-21.64
-21.38
-20.36
-19.37
-18.83
-18.59
-18
-17.53
-17.76
-18.71
-19.4
-19.49
-19.37
-19.57
-20.09
-20.86
-21.26
-20.83
-20.7
-21.48
-22.15
-21.49
-20.65
-20.75
-21.26
-20.86
-19.45
-18.47
-18.49
-18.82
-19.08
-19.13
-18.93
-19.47
-20.79
-21.53
-21.5
-21.49
-21.68
-21.92
-22.04
-21.85
-21.55
-21.37
-21.67
-21.85
-22.29
-23
-23.39
-23.15
-23.48
-24.56
-25.38
-24.97
-24.54
-25.21
-26.23
-26.24
-25.42
-25.14
-25.46
-25.57
-25.24
-25.18
-26.19
-27.41
-27.53
-27.17
-28.21
-30.2
-31.01
-30.27
-30.06
-31.48
-32.16
-31.1
-30.53
-31.63
-32.08
-30.81
-29.46
-29.5
-30.34
-30.29
-29.42
-29.19
-30.19
-30.97
-30.64
-30.37
-31.37
-32.25
-31.67
-31.12
-31.45
-31.66
-30.82
-29.85
-29.83
-30.95
-31.63
-31.61
-31.51
-31.93
-32.21
-32
-31.83
-31.89
-32.5
-33.31
-33.53
-32.98
-32.53
-32.29
-32.25
-32.6
-33.28
-33.36
-32.92
-32.9
-33.49
-33.61
-33.06
-32.24
-31.45
-30.47
-30.18
-30.66
-31.39
-32.48
-33.31
-33.15
-32.83
-32.98
-32.99
-32.41
-31.73
-31.49
-31.52
-30.88
-29.91
-29.66
-30.16
-30.23
-29.79
-29.49
-29.73
-29.58
-28.73
-28.09
-28.33
-29.12
-29.69
-28.75
-27.76
-28.34
-29.33
-29.19
-28.27
-27.8
-28.14
-28.05
-27.59
-27.56
-28.29
-28.53
-27.88
-27.74
-28.78
-29.76
-29.6
-28.93
-29.1
-30.1
-31
-31.05
-30.23
-29.33
-29.31
-29.83
-29.62
-28.74
-28.53
-29.14
-29.33
-28.74
-28.52
-29.26
-29.98
-29.48
-28.63
-28.98
-29.95
-30.01
-29.37
-29.24
-30
-30.72
-30.55
-29.87
-29.56
-29.64
-29.61
-29.22
-28.44
-27.9
-27.53
-27.7
-28.41
-28.59
-27.9
-26.97
-26.78
-26.59
-25.63
-24.9
-24.84
-24.77
-23.96
-23.01
-22.79
-23.26
-23.81
-23.96
-23.66
-23.16
-22.78
-22.89
-23.14
-23.07
-22.65
-22.53
-22.29
-21.63
-21.01
-20.99
-21.08
-20.81
-20.27
-19.87
-19.77
-19.77
-19.59
-19.59
-20.38
-20.8
-20.18
-19.39
-19.53
-20.18
-20.31
-19.92
-19.81
-20.21
-20.59
-20.42
-20.12
-20.46
-20.9
-20.55
-19.74
-19.65
-20.12
-20.23
-19.97
-19.89
-19.89
-19.51
-18.73
-18.1
-18.09
-18.76
-19.01
-18.05
-16.31
-15.95
-16.57
-16.68
-15.97
-15.16
-14.97
-14.9
-14.34
-13.84
-14.18
-14.78
-14.87
-14.55
-14.27
-14.17
-14.36
-14.41
-14.14
-13.87
-13.98
-14.11
-13.6
-12.61
-12.07
-12.21
-12.09
-11.46
-11.04
-11.84
-12.46
-12.29
-11.76
-12.14
-12.94
-12.93
-11.92
-11.33
-11.81
-12
-11.4
-10.74
-10.7
-11.33
-11.75
-11.19
-10.5
-10.46
-10.81
-10.62
-10.02
-9.48
-9.34
-9.74
-10.31
-10.27
-9.41
-8.64
-8.43
-8.13
-7.46
-6.76
-6.82
-7.9
-8.89
-8.32
-7.29
-7.01
-7.32
-7.2
-6.52
-6.33
-6.55
-7.28
-8.18
-8.17
-7.52
-7.03
-7.3
-7.5
-6.94
-6.27
-6.3
-6.52
-6.39
-5.91
-5.8
-6.01
-5.9
-5.19
-4.86
-5.01
-4.74
-4.15
-3.73
-3.92
-3.82
-3.12
-2.4
-2.09
-1.8
-1.25
-0.65
-0.38
-0.24
0.26
0.52
0.62
0.49
0.34
0.45
1.02
1.35
1.37
1.61
2.7
3.59
3.63
3.16
2.94
2.95
2.78
2.84
3.16
3.33
3.4
3.42
2.75
2.59
2.55
3.06
3.8
4.37
4.19
3.73
3.81
4.23
4.01
3.67
3.63
3.76
3.73
4.1
4.73
4.95
4.92
5.15
5.07
4.46
4.1
4.23
3.9
2.85
2.13
2.11
2.4
2.67
3.07
4
5.48
6.53
6.92
7.08
7.45
7.83
7.63
7.17
6.83
6.49
6.54
6.57
6.39
6.35
6.24
6.08
5.7
5.41
5.79
6.42
6.36
6.53
7.22
8.39
9.19
9.27
9.08
9.36
9.76
9.86
10.75
12.25
12.86
11.99
11.67
12.11
12.45
11.49
10.22
10.1
11.07
11.53
11.04
10.31
10.31
11.03
11.3
10.83
10.43
10.71
10.81
10.3
9.92
9.98
9.66
8.81
8.79
9.15
8.82
8.53
8.98
9.63
9.57
9.03
8.96
9.64
10.06
10.01
10.55
11.64
12.26
12.07
11.91
12.21
12.46
12.33
12.46
13.03
13.72
13.55
12.75
12.29
12.49
12.83
12.72
12.35
12.34
12.82
13.37
13.65
13.93
14.56
15.25
15.29
15.16
15.68
16.53
17.05
16.81
16.3
15.58
15.32
15.46
15.51
15.39
15.38
15.9
16.25
15.91
15.64
16.43
17.05
17.06
16.63
16.93
17.16
17.06
16.83
16.64
16.69
16.7
16.41
16.11
16.01
15.56
14.75
14.46
14.72
14.75
14.34
13.77
13.79
14.35
14.53
14.55
14.41
14.55
14.14
13.8
13.71
13.98
14.41
14
13.18
12.54
12.45
13.05
13.51
13.26
12.72
12.79
13.07
13.38
13.91
14.73
15.15
15.05
15.18
15.9
16.55
16.41
16.04
16.09
15.99
15.2
14.33
13.77
13.4
13
12.7
12.66
12.84
13.61
14.22
14.53
14.44
14.64
15.47
16.24
16.13
16.05
16.36
17.05
17.2
16.69
16.31
16.85
17.5
17.31
16.9
17.12
17.76
17.86
17.35
17.23
18.11
18.38
17.45
16.18
15.41
15.57
15.89
16.03
15.83
15.5
14.72
13.84
13.44
13.18
12.39
11.29
10.57
10.47
10.62
10.71
10.85
11.04
11.05
11.33
11.88
12.25
12.31
12.37
12.49
12.66
12.53
12.01
11.89
11.78
11.63
11.02
10.31
9.7
9.2
8.75
8.41
8.55
8.94
9.35
9.66
10.23
10.71
10.63
9.91
9.48
10
10.75
10.68
9.82
9.59
9.93
9.71
8.61
7.59
7.59
7.97
7.72
6.98
6.45
6.56
6.94
6.31
5.46
5.05
5.12
5.16
4.77
4.43
4.61
4.58
4.22
4.02
4.33
5.13
5.58
4.8
3.46
3.08
3.67
4.04
3.48
3.42
4.4
5.4
5.36
4.84
5.19
6.45
7.83
8.59
9.15
10.11
11.08
11.59
11.56
11.51
11.59
11.72
11.48
10.86
10.8
11.59
11.76
10.63
9.66
9.89
10.24
9.26
7.82
7.53
8.18
8.6
8.11
7.76
8.24
8.95
9.02
8.88
9.46
10.13
9.97
9.61
9.6
9.55
9.19
8.56
8.18
8.17
7.8
6.84
6.33
6.67
6.99
6.23
5.15
5.03
5.81
5.79
4.85
3.81
3.16
2.89
2.55
2.27
1.58
1.52
1.96
2.06
1.55
0.98
1.01
1.69
2.31
2.65
2.78
2.28
1.27
0.67
0.93
1.43
1.44
1.1
0.51
0.41
0.35
0.35
0.62
0.74
0.58
0.18
0.02
0.45
1.1
1
0.58
0.5
0.96
1.36
1
-0.2
-1.25
-1.76
-2.11
-2.59
-3.36
-3.85
-3.81
-3.85
-4.35
-5.11
-5.85
-6.45
-6.89
-7.26
-7.53
-7.85
-8.32
-8.68
-9.19
-9.7
-9.92
-9.87
-9.8
-10.36
-11.58
-12
-11.25
-10.98
-11.51
-11.76
-11.45
-11.35
-11.91
-12.68
-12.55
-11.77
-11.46
-11.5
-11.21
-10.8
-10.51
-10.12
-9.52
-9.05
-9.11
-9.65
-10.02
-10.07
-10.28
-10.81
-10.99
-10.67
-10.7
-11.28
-11.66
-11.43
-11.15
-11.6
-12.33
-12.33
-12
-12.07
-12.43
-12.55
-12.61
-13.23
-14.1
-14.91
-15.57
-15.75
-15.38
-14.94
-14.67
-14.57
-14.46
-14.68
-15.07
-15.06
-14.75
-14.81
-15.47
-16.27
-16.56
-16.51
-16.4
-17.07
-18.54
-19.18
-18.6
-18.3
-19.25
-20.08
-19.58
-18.94
-19.21
-19.56
-19.24
-18.77
-18.73
-18.56
-17.71
-16.74
-16.39
-16.45
-16.46
-16.77
-17.32
-17.26
-16.34
-15.98
-16.98
-17.7
-17.02
-16.01
-15.89
-16.61
-16.96
-16.61
-16.19
-16.27
-16.26
-15.85
-15.54
-15.82
-15.91
-15.69
-15.53
-16.06
-17.06
-17.73
-17.65
-17.32
-17.46
-18.1
-18.42
-18.27
-18.28
-18.88
-19.68
-20.11
-19.75
-19.17
-19.26
-20.05
-21.15
-21.56
-21.26
-21.16
-21.14
-21.03
-20.77
-20.72
-21.13
-21.49
-21.28
-21
-21.41
-21.89
-21.68
-20.99
-20.69
-20.93
-21.14
-20.66
-19.78
-19.52
-19.53
-18.7
-17.26
-17.01
-17.52
-17.93
-17.64
-17.01
-16.94
-17.28
-17.01
-15.99
-15.53
-16.31
-16.83
-16.44
-16.18
-17.14
-18.49
-18.74
-18.35
-18.61
-19.5
-20.11
-19.94
-19.42
-18.93
-18.57
-18.48
-18.67
-18.89
-18.7
-18.18
-17.94
-18.18
-18.44
-18.39
-18.19
-18.2
-18.78
-19.63
-20.45
-20.88
-20.91
-20.98
-21.38
-21.84
-21.96
-21.61
-21.29
-21.53
-21.62
-21.35
-21.15
-20.9
-20.36
-20.24
-20.66
-20.47
-19.42
-18.89
-18.91
-18.69
-17.59
-16.89
-17.48
-18.37
-18.48
-18.11
-18.02
-18.25
-18.33
-18.01
-17.75
-17.6
-17.03
-16.26
-15.75
-15.54
-15.47
-15.48
-15.34
-15.08
-14.84
-14.87
-15.14
-15.21
-15.19
-15.17
-15.36
-15.83
-16.36
-16.8
-17.35
-17.88
-18.17
-17.66
-16.74
-16.46
-16.53
-16.18
-15.41
-14.74
-14.94
-15.59
-15.49
-15.08
-15.25
-16.06
-16.39
-15.83
-15.02
-14.72
-14.72
-14.74
-14.2
-13.98
-14.54
-15.17
-14.73
-13.75
-13.03
-12.56
-12.11
-11.74
-11.61
-11.68
-12.15
-12.83
-12.98
-12.31
-11.72
-11.69
-11.83
-11.46
-10.85
-10.46
-10.09
-9.48
-9
-9.02
-9.58
-10.18
-10.55
-10.64
-10.37
-10.05
-10.05
-10.16
-10.16
-9.79
-9.76
-9.85
-10.14
-10.41
-10.35
-9.65
-8.76
-8.19
-7.42
-6.53
-6.45
-6.9
-6.88
-6.16
-5.61
-5.89
-6.26
-5.83
-5.01
-4.79
-5.4
-5.71
-4.86
-3.88
-4.22
-5.27
-5.1
-4.01
-3.32
-3.27
-2.82
-1.75
-1.3
-1.87
-2.75
-2.76
-2.49
-2.72
-3.33
-3.41
-2.89
-2.58
-2.87
-3.03
-2.66
-2.41
-2.61
-2.67
-2.12
-1.34
-1.17
-1.41
-1.15
-0.48
-0.36
-0.71
-1.13
-0.92
-0.09
0.37
-0.15
-0.25
0.17
0.49
0.62
1.07
1.3
1.24
1.14
1.13
1.67
2.17
2.54
2.8
2.8
2.7
2.66
3.05
3.42
3.39
3.28
3.32
3.8
4.56
4.95
4.8
5.08
6.21
7
6.83
6.32
6.12
6.07
5.68
5.09
4.98
5.4
5.23
4.38
3.85
4.16
4.7
4.74
4.64
5.06
5.6
5.85
6.25
6.56
6.3
5.79
6.13
7.35
8.36
8.66
8.58
8.55
8.46
8.38
8.32
8.38
8.34
8.02
7.71
7.89
8.67
9.58
9.99
10.07
10.41
10.78
10.75
10.45
10.28
9.98
9.66
9.68
10.17
10.9
11.6
12.16
12.62
12.96
13.36
13.89
13.93
13.44
13.44
13.17
13.65
13.79
13.17
13.58
14.58
15.15
15.19
15.45
16.37
17.2
17.32
17
16.77
16.58
16.15
15.84
15.84
16.69
16.94
16.94
17.2
17.35
17.38
17.11
16.81
17.19
18.05
18.5
18.24
17.84
18.22
19.05
18.94
18
18
18.92
19.99
19.79
19.27
19.86
20.74
20.76
20.1
19.96
20.6
20.97
20.74
20.71
21.17
21.24
20.78
20.42
20.93
21.41
21.41
19.93
19.37
19.19
18.63
17.82
17.5
17.93
18.17
17.58
16.93
16.87
17.29
17.42
17.42
17.31
17.83
18.56
19.02
19.22
19.35
19.12
19.09
20.1
21.32
21.47
20.57
19.79
19.88
20.16
20.02
19.87
20.41
20.97
20.92
20.65
20.88
21.51
22.1
22.39
22.56
22.57
22.92
23.44
23.66
23.58
23.27
22.62
21.95
21.81
21.81
21.9
21.53
21.07
21.05
21.34
20.96
19.86
19.07
18.84
18.5
18.15
17.83
17.66
17.62
17.62
17.63
17.63
17.15
16.9
17.66
18.26
18.23
18.07
18.37
18.56
18.34
18.2
18.55
19
18.65
17.91
17.91
18.83
18.78
17.63
16.63
16.25
16.18
15.67
15.11
15.36
16.15
16.46
16.64
16.73
17.16
17.81
18.04
18.04
17.58
18.18
18.34
18.34
16.33
16.02
16.26
16
15.2
14.82
15.16
15.21
14.57
13.57
13.64
14.4
14.41
13.39
12.56
12.65
12.97
12.97
12.52
12.47
12.95
13.17
12.68
12.07
12.18
12.86
12.91
12.41
12.33
12.33
11.28
11.28
8.89
8.89
9.06
8.77
8.24
8.33
8.99
9.36
9.2
9.16
9.27
9.39
9.66
9.94
9.83
9.83
9.03
9.12
9.47
9.51
9.02
8.71
8.75
8.63
8.16
7.78
7.88
8.32
8.46
7.96
7.41
7.41
7.59
7.27
6.41
5.91
6.02
6.36
6.39
5.76
5.3
5.6
6.25
6.49
6.04
5.81
6.57
7.24
6.87
5.91
5.56
5.76
5.63
4.84
4.1
3.53
3.28
3.35
3.82
4.14
3.93
3.33
2.96
3.04
2.94
2.94
2.04
0.28
-0.04
-0.04
-0.8
-0.95
-1.14
-1.4
-1.21
-0.38
0.61
1.03
0.89
1.08
1.66
1.91
1.56
1.46
1.83
1.79
1.09
1.09
0.79
1.19
1.5
1.41
1.02
0.66
0.89
1.39
1.26
0.62
0.27
0.38
0.23
-0.73
-1.8
-1.95
-1.43
-1.44
-2.26
-2.9
-2.57
-2.16
-2.41
-2.94
-2.84
-2.53
-2.53
-2.93
-3.47
-3.99
-3.99
-3.79
-3.79
-4.3
-4.65
-4.44
-3.76
-3.15
-2.77
-2.53
-2.15
-1.89
-2.02
-2.33
-2.31
-1.96
-1.49
-1.49
-1.17
-1.75
-2.44
-2.45
-1.58
-0.76
-0.84
-1.68
-2.35
-2.54
-2.45
-2.66
-2.92
-2.97
-3
-3.47
-4.04
-4.1
-3.8
-3.89
-4.33
-4.4
-3.86
-3.64
-4.2
-4.83
-4.67
-3.91
-3.24
-2.96
-3.01
-3.28
-3.09
-3.09
-2.01
-2.29
-2.81
-3.04
-3.04
-3.09
-3.24
-3.63
-4.32
-5.11
-5.91
-6.12
-5.85
-5.72
-5.91
-6.1
-6.07
-6.22
-6.44
-6.48
-6.75
-7.26
-7.43
-6.94
-6.4
-6.49
-7.55
-8.39
-8.54
-8.5
-8.87
-9.33
-9.42
-9.5
-10.25
-11.39
-11.82
-11.27
-10.49
-10.57
-11.47
-12.24
-12.4
-12.09
-12.04
-12.47
-12.68
-12.08
-11.25
-10.99
-11.31
-11.25
-10.78
-10.78
-10.21
-10
-9.61
-9.29
-9.53
-10.06
-10.22
-9.86
-9.76
-10.26
-10.45
-10.02
-9.5
-9.07
-9.07
-7.63
-7.63
-7.27
-8.34
-8.91
-8.51
-7.52
-7.15
-7.53
-7.63
-7.11
-6.61
-6.56
-6.69
-6.8
-6.74
-6.65
-6.65
-6.37
-6.46
-7.12
-7.54
-7.52
-7.47
-7.7
-7.91
-7.61
-6.94
-7.03
-7.71
-7.84
-7.21
-7.16
-7.98
-8.65
-8.58
-8.24
-8.35
-8.93
-9.39
-9.41
-9.35
-9.46
-9.55
-10.05
-10.71
-10.78
-10.6
-10.69
-10.99
-10.84
-10.27
-10.27
-10.41
-10.06
-9.11
-8.46
-8.54
-8.58
-7.88
-6.92
-6.94
-8.08
-8.76
-8.17
-7.42
-7.71
-8.29
-8.32
-8.23
-8.23
-8.25
-8.14
-8.67
-9.33
-9.26
-8.58
-8.32
-8.94
-9.73
-9.76
-9.56
-10.06
-10.89
-11.42
-11.62
-11.61
-11.33
-11.13
-11.21
-11.34
-11.28
-11.29
-11.19
-10.67
-10.11
-9.86
-9.75
-9.51
-9.59
-10.14
-10.87
-11.14
-11.39
-12.11
-12.77
-12.47
-11.67
-11.64
-12.57
-13.1
-12.77
-12.46
-13.07
-13.55
-13.24
-12.44
-12.22
-12.66
-12.98
-12.62
-12.62
-11.54
-11.63
-11.7
-11.29
-10.79
-10.51
-10.83
-11.71
-12.23
-11.83
-11.26
-11.19
-11.36
-11.24
-10.99
-10.99
-10.5
-10.26
-10.48
-10.69
-10.33
-9.77
-9.84
-9.98
-9.83
-9.74
-9.77
-9.69
-9.85
-9.93
-9.76
-9.55
-9.59
-9.84
-10.42
-10.71
-10.4
-9.6
-8.84
-8.28
-7.8
-7.41
-6.99
-6.52
-6.13
-6.15
-6.1
-5.81
-5.81
-5.96
-6.15
-5.8
-5.19
-5.12
-5.6
-6.06
-5.94
-5.47
-5.54
-6.26
-6.5
-6.02
-5.65
-6.29
-7.79
-8.78
-8.99
-8.92
-9.65
-10.49
-10.91
-11.02
-11.08
-11.25
-11.69
-12.02
-11.64
-10.94
-10.77
-11.01
-11
-10.39
-10.39
-9.39
-9.09
-8.71
-8.44
-8.38
-8.3
-7.92
-7.56
-7.12
-6.64
-6.51
-6.21
-6.14
-6.05
-5.96
-5.88
-5.67
-5.14
-4.91
-5.03
-5.01
-4.24
-3.25
-3.35
-4.12
-4.49
-4.4
-4.27
-4.32
-4.24
-3.98
-3.64
-3.43
-4.02
-4.02
-5.02
-4.3
-4.42
-5.23
-4.97
-3.9
-3.38
-3.78
-4.35
-4.48
-4.54
-4.89
-4.76
-4.09
-3.65
-4.07
-4.57
-4.13
-4.13
-2.54
-2.99
-3.43
-3.34
-2.83
-2.78
-3.23
-3.59
-3.11
-2.21
-1.9
-1.81
-1.46
-1.49
-1.86
-2.26
-2.4
-2.2
-1.9
-2.15
-2.92
-3.42
-3.13
-2.26
-1.81
-2.57
-3.02
-2.38
-1.09
-0.68
-1.14
-1.3
-0.62
-0.62
0.55
0.45
0.42
0.59
0.9
1.28
2.03
2.88
3.23
2.63
1.69
1.58
2.29
2.93
2.61
2.61
1.93
2.3
1.96
1.12
1.04
1.46
1.34
0.44
-0.33
-0.22
0.46
0.52
-0.09
-0.59
-0.46
-0.46
0.8
0.8
0.4
0.15
0.34
0.6
0.97
1.14
1.11
1.29
1.84
2.49
3.22
3.57
3.83
4.49
5.5
5.5
5.11
4.86
5.1
5.09
4.59
4.45
4.88
5.26
4.85
4.31
4.28
4.55
4.41
3.79
3.68
4.44
5.04
5.04
3.74
3.8
4.47
5.49
6.46
6.76
6.58
6.39
6.59
7.06
7.22
6.77
6.3
6.27
6.39
6.18
5.68
5.31
5.24
5.4
5.38
5
4.83
4.77
4.58
4.33
4.24
4.38
4.84
5.55
5.94
5.93
6.49
6.49
8.03
8.17
8.68
9.1
9.61
9.6
9.56
9.97
10.28
10.03
9.69
10.12
10.71
11.29
11.24
10.56
10.56
10.22
10.45
9.8
8.99
8.43
8
7.5
7.21
7.3
7.31
7.22
7.21
7.2
7.35
7.66
7.66
7.84
7.84
8.53
8.69
8.17
7.75
8.04
8.34
7.64
6.5
6.47
7.54
8.07
7.7
7.57
8.49
8.49
10.35
10.55
10.9
11.48
12.24
12.74
13.21
13.57
13.57
13.11
12.72
12.71
12.57
11.52
10.17
8.89
8
7.89
8.51
9.6
10.36
10.27
10.13
10.27
10.69
11.25
11.65
11.46
11.21
11.44
12.03
12.3
11.86
11.56
12.03
12.41
12.02
11.09
10.82
11.45
12.03
12.11
11.72
11.69
12.13
12.94
13.26
12.69
12.22
12.36
12.72
12.59
12.36
13
14.17
14.52
14.07
13.99
14.98
16.18
16.71
16.34
16.14
16.89
18.05
18.08
17.15
17.12
17.12
18.18
17.3
16.78
17.08
16.96
16.02
14.85
14.22
13.93
13.33
12.37
11.9
11.94
11.72
11.05
10.37
10.17
10.49
10.58
10.5
10.35
9.99
9.63
9.73
9.62
9.24
9.12
9.22
9.08
9.01
9.33
9.26
8.84
8.85
8.96
8.51
7.85
7.63
7.6
7.01
6.21
5.65
5.07
4.53
4.58
4.76
4.57
4.5
5.19
6.05
6.04
5.58
5.58
7.15
7.56
7.55
7.58
7.98
8.54
8.65
8.67
8.74
8.78
9.25
10.06
10.65
10.68
10.9
10.9
11.83
11.68
10.58
10.45
10.63
9.82
8.26
7.65
8.38
8.6
7.59
6.5
6.55
7.3
7.42
6.86
6.86
7.22
7.14
6.47
5.9
6.27
7.15
7.62
7.94
8.37
8.99
9.49
9.15
8.54
8.52
9.02
9.24
9.26
9.35
9.68
10.12
10.71
11.57
12.1
11.71
10.69
10.24
10.6
10.43
9.46
8.55
8.82
9.3
8.97
8.97
7.59
6.94
6.46
6.14
5.87
5.1
4.43
4.41
4.88
5.31
5.36
5.25
5.23
5.19
5.02
4.51
4
4
4.33
4.19
3.64
3.47
4.03
4.52
4.88
5.13
5.11
4.89
4.94
5.21
5.42
5.32
4.8
4.64
4.54
4.29
3.9
3.62
3.18
2.84
3.03
3.62
3.85
3.85
4.1
4.79
5.22
4.86
3.82
2.79
2.79
1.75
1.4
1.3
1.28
0.9
0.32
0.11
0.37
0.8
0.58
-0.39
-0.92
-0.83
-0.89
-1.38
-1.65
-1.3
-0.92
-0.95
-1.34
-1.49
-1.3
-1.24
-1.51
-1.9
-1.91
-1.74
-2.23
-2.94
-3.15
-3.16
-3.57
-4.56
-5.25
-5.25
-5.2
-5.19
-5.72
-5.77
-5.34
-5.48
-6.35
-6.83
-5.96
-4.95
-4.62
-4.83
-4.62
-3.98
-3.9
-4.42
-4.91
-5.14
-5.38
-5.75
-6
-5.69
-5.36
-5.56
-5.87
-5.51
-4.64
-4.36
-4.75
-5.09
-4.93
-4.39
-3.84
-3.61
-3.37
-2.98
-2.95
-3.36
-3.71
-3.78
-3.9
-4.53
-5.39
-6.04
-6.26
-5.96
-5.59
-5.94
-6.98
-7.72
-7.76
-7.64
-7.82
-8.06
-8.16
-8.42
-9.12
-9.84
-10.23
-10.64
-11.22
-11.95
-12.24
-12.08
-12.3
-12.97
-13.04
-12.56
-12.56
-12.98
-13.49
-13.38
-13.07
-13.33
-14.04
-14.37
-14.22
-14.43
-15.21
-15.65
-15.3
-14.63
-14.83
-15.81
-16.42
-16.21
-16.19
-16.68
-17.13
-16.72
-16.22
-16.45
-16.97
-17.32
-17.35
-17.16
-17.07
-17.12
-16.77
-16.01
-15.4
-15.02
-14.75
-14.9
-15.01
-14.78
-14.59
-14.15
-13.59
-13.47
-13.75
-14.04
-13.98
-13.86
-14.18
-14.63
-14.99
-15.09
-15.2
-15.78
-16.24
-16.46
-16.38
-16.39
-16.49
-16.32
-15.99
-15.99
-15.88
-15.29
-14.79
-14.98
-15.08
-14.23
-13.43
-13.75
-14.46
-14.46
-14.17
-15.11
-16.24
-16.65
-16.04
-15.39
-16
-16.7
-16.49
-15.99
-16.84
-18.21
-18.42
-17.68
-17.15
-17.47
-18.07
-18.03
-17.66
-17.88
-18.19
-17.97
-17.49
-17.32
-17.49
-17.84
-18.14
-18.63
-19.41
-19.86
-19.94
-20.04
-20.53
-20.59
-19.53
-17.85
-16.75
-16.67
-17.06
-17.11
-16.49
-16.05
-16.33
-16.82
-16.55
-15.81
-15.18
-15.18
-15.38
-15.59
-15.93
-16.2
-16.18
-16.19
-16.48
-16.64
-16.16
-15.58
-15.57
-15.48
-15.06
-14.75
-15.11
-15.78
-16.16
-16.21
-16.38
-16.38
-16.54
-16.87
-16.96
-16.72
-16.66
-17.14
-17.6
-17.62
-17.55
-17.62
-17.48
-16.79
-16.12
-16.05
-15.88
-15.03
-14.28
-14.58
-15.38
-15.63
-15.79
-16.56
-17.62
-18.28
-18.48
-18.82
-19.24
-19.66
-19.92
-20.07
-20.09
-19.61
-19.32
-19.32
-19.47
-19.22
-19
-19.33
-19.7
-19.11
-17.78
-16.9
-16.7
-16.66
-16.31
-15.69
-14.91
-14.37
-14.08
-13.74
-13.28
-13.34
-13.39
-13.32
-13.27
-13.33
-13.14
-12.63
-12.19
-12.09
-12.44
-12.88
-12.87
-12.77
-12.86
-12.92
-12.61
-12.01
-12.01
-12.53
-13.08
-12.42
-11.59
-11.49
-11.84
-11.74
-10.77
-10.2
-10.62
-11.03
-10.69
-10.22
-10.36
-10.84
-10.84
-10.18
-9.87
-10.34
-11.09
-11.21
-10.93
-11.13
-11.81
-12.28
-11.96
-11.1
-10.63
-10.04
-9.25
-8.44
-8.14
-8.23
-8.02
-7.4
-6.85
-6.7
-6.53
-6.37
-6.3
-6.18
-5.87
-5.69
-6.11
-6.34
-5.81
-5.31
-5.18
-5.13
-5.22
-5.24
-4.91
-4.22
-3.73
-3.88
-4.41
-4.78
-5.22
-6.43
-6.93
-6.13
-5.32
-5.8
-6.97
-7.52
-7.26
-7.22
-7.82
-8.37
-7.96
-7.17
-6.85
-6.81
-6.36
-5.88
-5.69
-5.89
-5.96
-5.39
-4.5
-3.75
-3.38
-3.31
-3.41
-3.41
-3.15
-2.55
-2.13
-2.22
-2.14
-1.66
-1.43
-1.63
-1.59
-0.85
0.16
0.58
0.35
0.24
0.86
2.01
2.01
3.05
2.65
2.73
3.25
3.17
2.86
3.17
3.62
3.21
2.21
1.73
2.22
2.55
2.17
2.2
2.69
2.89
2.78
2.62
2.76
2.95
3.44
4.15
4.56
4.45
4.39
4.62
4.99
5.17
4.87
4.64
5.2
5.52
5.04
4.6
5.27
6.26
6.26
5.88
6.23
7.27
8.05
7.84
7.67
8.23
8.82
8.72
8.51
8.79
9.27
9.59
9.3
8.87
8.93
9.12
8.41
7.36
7.2
8.08
8.64
8.54
8.66
9.33
9.96
10.04
9.63
9.49
9.98
10.36
10.14
9.72
9.69
10.44
11.02
10.61
9.82
9.71
10.54
11.13
11
10.73
11
11.93
12.3
12.15
12.39
12.8
12.79
12.34
12.05
12.37
12.79
12.99
13.21
13.7
14.14
14.27
14.31
14.58
14.95
15.15
15.2
15.41
15.75
16.06
16.36
16.25
15.71
15.56
15.93
16.04
15.43
14.85
14.89
15.39
15.65
14.97
13.99
14.16
15.37
15.86
15.14
14.05
13.86
14.46
14.08
12.64
11.89
12.49
13.38
13.36
12.36
11.36
11.16
11.18
10.64
9.98
10.11
10.71
10.81
10.44
10.5
11.27
11.78
11.19
10.76
11.21
12.12
12.55
12.52
12.38
12.68
12.74
11.96
11.2
11.71
12.81
12.93
11.98
11.15
10.85
10.48
10.5
11.05
11.62
11.58
11.45
12.44
13.97
15.04
15.37
15.51
16.18
16.87
16.99
16.89
17.33
18.45
19.41
19.33
18.49
18.26
18.58
18.47
17.67
16.8
16.57
16.96
17.27
16.94
16.62
16.61
16.6
16.39
16.36
16.56
16.61
16.3
15.87
15.53
15.05
14.53
14.23
13.81
13.5
13.19
13.05
13.02
12.78
12.34
11.73
10.97
10.27
9.89
9.68
9.37
8.79
8.09
7.42
6.82
6.44
6.72
7.21
6.86
5.75
4.89
4.68
4.69
4.8
5.16
5.11
4.88
4.96
5.36
5.7
5.44
4.89
4.89
5.3
5.01
4.15
3.91
4.46
5.17
5.33
4.9
4.79
5.15
5.09
5.12
5.57
6.93
7.81
7.85
7.72
7.69
7.6
7.58
7.78
7.82
7.51
7.18
6.71
5.95
5.31
5.14
4.95
4.24
3.84
4.29
4.42
3.94
3.59
4
4.84
5.69
6.03
6.13
6.11
6.12
6.23
6.21
5.76
4.99
4.52
4.71
5
4.51
3.41
2.87
3.09
3.44
3.48
3.08
2.61
2.51
2.4
1.79
0.99
0.03
-1.04
-1.4
-1.26
-1.33
-1.89
-2.4
-2.4
-1.91
-1.27
-1.03
-1.3
-1.57
-1.4
-1.06
-0.69
-0.63
-1
-1.34
-1.43
-1.46
-1.63
-1.88
-1.82
-0.93
-0.93
-0.15
-0.21
0.35
1.02
0.94
0.46
0.37
0.79
1.46
2.03
2.2
2.09
2.09
1.94
1.94
0.78
0.33
0.13
-0.31
-0.76
-0.64
-0.65
-1.33
-2.23
-2.15
-1.97
-3.01
-4.61
-5.16
-4.82
-5.46
-7.18
-7.18
-6.86
-6.03
-6.61
-7.72
-8.02
-7.42
-6.82
-6.59
-6.63
-6.27
-5.76
-5.31
-4.98
-4.97
-4.85
-4.67
-4.8
-5.21
-5.35
-5.01
-4.71
-5.54
-7.14
-7.77
-6.82
-5.91
-6.75
-8.47
-8.78
-7.73
-7.34
-8.31
-9.27
-9.35
-9.13
-9.54
-10
-9.61
-8.62
-7.77
-7.64
-7.43
-6.73
-6.46
-6.65
-6.85
-6.78
-6.71
-6.87
-7.06
-7.69
-8.29
-8.35
-8.12
-8.6
-9.69
-10.47
-10.43
-10.36
-10.8
-11.48
-12.04
-12.37
-12.84
-13.41
-13.75
-13.69
-13.88
-14.3
-14.3
-13.51
-12.75
-12.66
-12.93
-12.65
-11.97