310.54
309.91
311.57
310.92
310.52
311.1
311.2
311.29
310.77
310.54
311.38
311.21
310.91
311.06
312.69
310.6
311.69
311.29
310.07
310.22
309.99
310.58
310.96
310.84
310.41
311.2
310.3
310.68
310.36
310.54
310.77
310.6
310.72
310.72
311.28
311.28
311.45
311.78
311.51
311.25
310.79
310.82
310.76
311.14
311.08
310.91
311.47
310.88
311.22
311.79
310.73
310.2
310.82
310.52
310.36
310.34
311.47
310.26
310.78
309.82
311.34
310.77
311.21
311.21
311.53
311.9
311.3
310.91
311.08
311.25
310.83
311.66
311.35
312.03
310.77
310.72
310.26
311.42
311.61
310.98
310.2
310.94
310.83
310.86
311.18
311.86
310.85
310.34
310.78
310.97
311.32
310.19
310.58
310.53
311.4
311.65
310.85
311.09
310.59
311.03
311.58
311.09
310.94
311.42
311.3
310.27
311.03
310.59
310.77
310.14
310.79
310.59
310.12
310.17
310.68
310.9
310.03
311.29
310.98
310.91
310.14
310.98
311.35
311.07
311.55
310.84
311.2
310.38
310.23
310.12
310.55
311.29
310.18
310.7
309.82
310.57
311.09
310.95
311.18
310.45
310.36
310.68
310.75
311.39
311.13
310.83
310.49
310.64
310.17
310.45
310.68
311.48
310.27
310.82
310.11
310.71
310.51
310.71
311.01
310.86
310.82
310.27
310.17
309.76
310.62
310.12
310.4
310.6
309.91
309.78
309.75
310.33
310.44
309.47
309.45
310.06
309.87
309.8
309.43
310.15
309.32
310.36
310.29
309.9
309.43
309.33
309.35
309.6
309.97
310.34
310.83
310.39
310.23
309.88
309.39
308.43
309.22
310.17
309.93
310.1
310.88
309.94
309.06
309.1
308.21
308.85
308.59
309.22
309.26
310.12
310.17
309.56
308.72
308.78
309.24
309.6
309.57
309.67
309.49
309.52
309.18
309.67
309.64
309.64
308.74
309.34
309.41
309.61
309.52
309.57
309.79
309.79
308.95
309.27
309.57
309.5
309.47
309.26
310.51
309.9
309.52
309.67
310.73
309.56
309.62
310.29
309.62
309.77
309.49
309.46
309.82
310.24
309.49
309.61
310.06
309.73
309.39
310.12
310.51
310.15
309.24
309.67
309.62
309.39
309.74
309.95
309.93
310.09
309.47
309.6
309.61
309.56
309.32
309.23
309.82
309.52
309.58
309.59
308.96
309.15
308.92
309.17
308.38
307.58
308.04
308.57
308.05
308.27
307.43
309.35
307.8
308.13
307.74
307.5
307.88
307.71
307.78
307.26
307.5
307.69
307.34
307.67
307.58
307.72
307.99
308.02
307.48
308.36
308.1
307.42
306.79
307.31
307.46
306.77
306.71
307.1
308.08
307.75
308.64
308.14
308.29
308.26
307.64
307.54
308.14
308.19
307.53
307.77
307.9
308.25
308.36
308.23
308.57
308.42
308.31
308.46
308.57
308.37
308.46
307.35
308.7
308.08
309.17
309.24
308.28
308.36
308.46
308.2
307.37
308.6
308.93
308.31
308.37
309.11
308.53
308.22
308.93
308.83
308.24
309.1
309.49
309.56
308.73
309.39
309.11
308.97
309.59
309.66
309.15
308.67
308.53
308.56
309.03
310.07
309.38
310.52
309.19
309.45
309.5
309.62
309.31
309.52
309.08
309.31
309.26
309.1
310.51
310.05
310.48
309.19
310.43
310.14
309.79
308.78
308.99
309.75
308.95
310.01
310.05
309.81
310.16
310.26
309.21
309.47
310.45
310.96
310.16
309.99
310.05
311.03
310.7
310.92
310.85
311
310.31
310.98
309.41
310.38
310.1
310.25
310.78
310.7
310.4
309.65
309.45
310.47
310.74
310.63
312.35
310.47
310.04
310.44
310.87
310.79
310.3
310.2
310.07
310.42
310.08
310.47
310.4
310.27
310.87
311.05
311.04
310.32
310.9
310.92
311.77
311.75
310.69
311.2
309.79
310.07
309.71
310.7
309.81
310.15
310.18
310.57
309.79
310.18
310.26
310.74
310.1
311.02
310.88
311.1
311.14
310.38
310.42
310.16
310.55
310.42
310.45
310.55
310.41
310.23
310
309.77
310.43
308.98
310.19
310.19
309.16
309.42
309.68
309.46
310.6
310.17
310.11
310.05
309.14
309.75
310.74
310.68
309.65
309.36
310.07
309.69
310.21
310.6
310.53
309.52
310.21
309.54
310.23
311.1
310.74
310.34
311.1
310.79
310.38
310.56
310.11
310.7
309.63
309.91
309.19
310.02
309.93
310.09
310.68
309.48
310.58
310.13
309.96
310.57
310.33
310.5
311.22
309.92
310.52
310.48
310.63
310.15
309.62
310.5
309.64
310.53
309.27
310.19
310.19
308.91
307.23
307.91
307.64
308.44
308.18
307.8
308.17
308.13
307.74
308.17
308.49
307.97
307.54
306.97
307.13
306.76
307.47
307.7
307.21
307.25
308.45
307.56
306.83
307.64
307.82
307.45
307.33
307.17
307.4
307.68
307.95
308.06
308.08
308.04
307.33
307.66
306.66
307.48
307.93
307.8
308.09
307.58
307.78
307.33
306.78
307.75
306.94
306.68
307.33
307.55
307
307.65
307.23
307.06
306.77
307.09
307.36
307.12
308.23
308.3
307.36
307.4
307.59
307.06
307.22
308.7
307.38
306.71
307.78
307.61
306
307.71
307.9
307.15
307.89
307.64
308.12
305.57
306.68
307.46
308.2
307.98
307.22
307.25
306.82
307.76
307.85
308.56
307.91
306.87
307.78
308.02
307.42
307.69
306.79
307.13
307.43
308.03
307.63
308.27
307.87
307.88
307.51
307.69
308
307.62
307.29
307.45
307.58
307.17
307.1
307.63
308.24
309.06
308.16
308.42
307.59
307.7
307.1
307.62
306.87
306.57
306.06
306.85
306.99
305.97
306.27
307.15
306.48
306.4
306.7
305.85
306.26
305.25
305.61
304.74
306.29
305.4
304.91
305.35
305.25
303.03
303.67
304.77
305.31
304.19
304.05
303.84
303.75
304.85
305
305.04
305.14
305.7
304.43
304.49
303.21
304.77
304.43
304.85
305.83
305.28
304.77
304.05
303.76
303.79
303.38
303.92
303.95
304.31
304.47
304
304.49
303.88
304.49
305.06
304.23
304.77
305.3
304.8
304.9
303.84
304.45
305.12
304.06
304.32
304.69
304.16
304.26
304.66
304.81
305.25
305.24
305.38
305.34
305.32
305.04
305.73
304.56
304.82
304.98
304.71
304.95
304.86
304.63
305.16
304.23
304.6
303.99
304.31
305
304.43
304.48
304.76
304.73
304.22
304.5
304.95
305.08
305.15
305.73
305.26
305
304.41
303.98
304.1
305.08
304.37
304.99
305.06
304.62
304.48
305.58
306
305.15
304.59
304.33
303.46
303.33
304.21
304.88
304.85
305.19
304.54
305.43
304.53
305.57
304.59
304.17
304.22
304.59
305.45
304.87
304.91
304.77
305.08
305.49
305.49
304.4
304.48
304.01
304.3
304.08
305.1
305.01
303.87
304.97
305.97
304.69
305.87
305.58
303.52
303.82
305.66
305.33
305.27
304.96
306.58
304.82
303.89
303.75
304.45
305.09
305.2
304.06
305.07
304.36
305.72
304.26
304.8
304.48
303.94
304.9
304.58
304.58
303.79
304.62
304.25
304.49
304.54
305.01
304.91
303.9
304.3
304.38
304.86
304.67
304.97
304.94
304.94
304.79
303.82
303.92
303.74
304.94
305.06
304.71
304.61
304.87
304.59
304.91
304.4
304.33
304.75
305.3
304.67
304.3
304.62
304.54
304.64
304.26
304.71
304.55
305.14
304.78
304.58
304.3
305.3
305.22
304.78
303.86
304.21
304.16
304.23
304.71
304.11
303.75
303.33
303.33
303.72
303.69
303.78
303.64
304.54
302.38
304.18
304.04
304.11
302.94
303.39
303.22
303.86
304.91
304.19
303.71
303.46
303.41
303.89
303.06
302.82
303.31
303.57
304.31
302.96
303.31
302.85
303.62
304.43
304.43
303.38
302.76
303.3
303.26
304.22
303.08
303.99
304.18
303.5
303.86
304.22
304.11
303.99
303.85
303.64
304.24
303.2
303.98
302.96
303.23
304.69
303.82
304.07
302.74
304.07
303.5
303.72
303.42
303.35
303.26
303.72
303.39
303.15
303.64
303.84
303.73
303.76
303.2
303.54
303.65
303.3
303.62
303.65
303
303.95
303.66
303.32
304.4
304.7
304.8
304.49
303.78
303.29
304.19
304.09
303.42
304.11
303.77
304.03
305.08
303.78
303.86
303.6
303.42
304.24
304.11
303.9
303.65
303.68
304.66
304.44
305
304.1
304.73
304.53
303.31
304.59
304.39
303.72
304.13
304.65
303.74
303.35
303.74
304
303.13
304.04
304.57
304.75
304.15
304.48
304.49
303.37
304.17
303.66
304.09
303.92
303.44
303.96
303.77
304.3
304.3
303.93
303.78
303.44
304.11
303.97
304.06
303.02
303.83
303.99
303.63
303.63
303.11
304.62
304.13
304.32
303.94
303.41
303.79
303.83
303.8
303.45
303.68
304.14
304.82
303.94
302.9
303.83
304.37
303.91
305.04
305.26
304.72
305.33
305.98
305.12
305.82
305.65
306.53
307.1
306.42
306.58
306.68
306.54
305.61
305.43
306.37
305.99
306.21
305.86
305.9
305.74
305.75
305.36
305.88
305.96
305.43
305.55
306.39
305.62
305.3
305.82
306.09
306.14
305.58
306.35
305.8
305.48
306.09
306.02
305.83
305.4
305.35
304.63
304.94
305.58
305.31
306.01
304.76
305.54
305.51
306.14
305.62
306.28
304.52
304.86
305.81
305.46
306.08
305.47
305.01
305.66
305.65
305.6
305.72
305.51
305.27
305.65
306.17
305.35
305.71
305.2
304.63
305.05
305.84
305.45
304.88
305.75
305.56
305.07
305.87
304.84
305.91
305.84
305.88
305.48
305.71
305.79
305.58
305.43
305.43
306.25
305.13
305.44
305.09
304.81
305.52
305.3
305.43
305.69
306.37
306.15
306.04
305.95
305.75
305.51
305.28
305.58
304.8
304.82
304.94
306.07
305.2
305.43
305.39
304.75
305
305.15
304.9
305.51
306.22
306.5
305.79
306.54
305.82
306.4
306.14
306.25
306.63
305.52
306.16
305.66
305.99
306.52
305.62
306.21
306.19
306.09
305.43
305.24
304.65
305.79
306.03
306.6
305.86
305.37
305.85
306.02
305.32
305.4
305.13
305.9
305.32
305.07
305.62
305.41
305.75
304.78
304.59
304.66
304.5
305.56
305.1
305.11
304.64
305.89
305.85
304.66
304.26
305.77
304.38
303.86
304.18
304.58
305.03
304.71
304.71
304.96
304.55
304.59
304.41
305.29
305.09
306.03
305.7
306.12
307.05
306.36
306.11
305.93
306.48
306.19
305.79
305.39
305.12
304.6
305.32
305.74
305.88
305.93
305.64
306.07
305.49
306.52
306.21
306.1
305.9
306.52
306.24
306.42
305.29
305.66
306.62
305.79
306.12
306.11
306.15
306.23
306.14
306.91
307.64
307.39
307.72
307.63
308.67
307.98
308.63
308.9
309.83
310.25
310.51
311.39
311.09
311.22
312.3
312.21
311.35
312.5
313.02
313.07
312.96
313.21
313.22
312.65
312.12
312.32
312.93
312.36
313.17
312.87
311.32
312.85
313.07
313.07
312.84
313.19
312.63
312.32
312.14
312.85
312.89
312.01
313.67
314.39
312.87
312.49
312.39
312.62
312.26
313.29
313.17
313.27
314.14
312.54
312.28
312.88
312.78
312
311.92
312.83
312.59
312.65
313.5
313.68
313.07
312.82
312.53
312.61
312.01
313.27
312.09
311.81
311.1
311.49
310.9
311.25
311.05
311.58
311.45
310.12
311.18
310.35
310.95
311.06
311.1
311.22
310.72
311.32
310.85
311.58
311.26
311.42
310.79
311.2
310.94
311.21
311.18
310.23
311.33
311.61
311.77
311.58
311.63
309.34
311.01
311.74
311.78
312.01
311.09
311.83
311.33
310.94
311.16
311.17
311.29
311.04
310.63
311.12
311.15
310.6
311.39
311.76
311.55
311.27
310.57
311.57
311.72
311.95
311.55
311.43
311.16
311.32
310.69
310.21
311.01
310.46
311.09
310.29
310.93
309.92
310.94
310.65
310.48
310.46
311.13
311.37
310.88
311.18
310.58
311.32
311.77
310.15
311.51
311.31
311.2
311.1
311.29
311.01
310.33
310.64
310.74
310.61
311.12
311.33
311.52
311.05
312.04
312.22
311.36
311.29
311.25
310.47
312.76
311.52
310.81
310.85
310.98
311.46
311.35
310.5
311.88
311.16
311.22
311
310.24
311.09
311.6
311.3
311.24
311.33
311.22
310.86
311.46
310.74
310.59
310.21
310.21
310.07
310.73
310.91
310.18
310.2
310.7
310.74
309.85
310.25
310.09
311.16
311.31
309.85
309.86
309.9
309.43
310.03
310.14
309.89
309.96
309.69
309.06
309.92
309.1
309
309.14
308.45
308.35
307.38
307.5
307.68
307.16
305.54
306.21
306.14
305.96
304.83
305.61
304.74
306.17
304.62
303.89
304.46
304.33
303.93
303.4
303.51
304.18
303.38
302.23
303.33
303.81
304.05
303.93
303.6
303.94
303.73
303.24
303.54
303.12
302.95
303.55
302.67
303.31
303.93
302.44
304.08
303.52
303.92
303.66
303.63
303.59
303.41
302.93
302.9
302.97
303.06
303.92
302.75
303.18
303.84
304.43
302.63
303.14
304.38
303.04
303.78
303.47
303.31
302.71
304.33
303.59
303.36
304.01
301.84
303.49
303.31
303.78
303.84
304.19
304.58
304.51
303.71
304.59
305.53
305.53
305.5
305.73
304.99
305.07
304.66
304.34
304.65
303.82
303.65
303.78
303.85
305.16
303.88
303.97
304.98
304.65
302.98
303.68
304.23
304.61
304.03
304.44
304.25
304.72
305.52
305.23
304.52
302.56
304.01
303.45
303.94
304.82
303.97
303.81
304.36
304.34
302.86
303.61
304.61
303.54
304.02
304.63
304.36
306.03
304.76
304.08
303.44
304.58
303.88
302.93
302.99
303.72
303.66
303.95
303.17
303.36
303.01
303.34
302.08
302.78
303.32
303.67
303.78
303.05
303.68
303.14
303
302.33
303.2
302.61
303.57
303.64
301.57
302.97
303.2
303.87
304.34
303.63
303.12
303.42
303.14
302.46
302.31
303.32
303.47
302.48
302.5
303.47
302.78
303.12
303.18
303.02
302.52
302.59
302.85
302.85
303.44
303.16
303.38
303.77
303.42
303.39
304.19
303.49
303.49
303.44
303.15
301.94
302.97
303.15
303.98
303.55
303.36
302.03
303.24
303.03
304.81
303.98
303.13
303.45
303.45
303.38
303
303.36
302.99
303.32
304.01
303.04
302.83
303.37
302.99
303.38
303.41
303.47
303.57
303.61
302.97
302.82
303.32
302.83
302.98
303.42
303.32
302.99
302.85
302.32
302.66
303.09
302.7
302.74
302.23
302.85
303.93
303.77
303.17
302.91
303.02
302.64
303.4
303.08
303.34
304.22
304.03
304.03
302.85
302.7
301.84
301.94
302
302.44
302.68
303.23
304.69
303.16
303.16
303.04
302.52
302.54
302.38
303.16
303.25
302.58
303
302.71
303.12
303.6
303.85
303.14
302.92
302.91
303.6
303.37
302.87
302.93
303.26
303.65
301.76
304.03
302.59
302.51
303.69
304.18
302.65
303.03
303.25
302.97
302.92
302.75
302.49
303.06
302.21
303.02
303.79
304.27
302.7
302.97
302.74
304.02
303.11
302.76
302.62
303.94
303.36
302.86
302.61
302.44
302.72
304.27
303.32
302.07
302.73
303.08
303.21
302.54
302.98
301.98
302.74
302.57
302.99
303.7
303.58
303.65
304.12
304.01
303.32
302.79
303.2
303.24
302.59
302.4
302.64
302.48
301.94
302.22
304.06
304.26
304.93
304.54
305.46
304.77
304.56
305.78
306.01
306.17
306.13
306.31
306.57
308.01
308.78
309.05
310.6
309.7
308.93
309.14
309.09
309.32
308.36
309.09
309.96
309.17
309.86
309.44
309.65
310.46
309.85
309.6
309.56
309.92
309.5
309.55
309.98
309.78
309.3
310.03
309.5
309.48
309.04
308.73
309
309.31
309.05
309.19
309.05
310.12
309.15
309.65
309.32
310.23
309.82
308.73
309.97
308.58
307.72
308.49
308.95
308.88
308.62
309.76
309.44
309.53
308.97
309.33
308.48
309.17
309.87
309.68
309.66
308.56
308.87
308.43
309.08
309.04
310.39
309.16
308.79
309.97
309.48
310.12
309.58
309.06
308.33
308.85
308.96
308.81
308.5
309.73
309.75
309.4
309.44
309.15
309.25
309.46
308.65
309.42
309.95
308.8
309.3
309.26
310.02
309.44
309.34
309.87
308.86
309.51
308.95
308.66
309.11
309.34
308.96
308.31
309.2
309.38
309.22
309.18
309.94
310
309.57
308.81
308.16
309.75
309.88
309.62
310.68
310.56
310.92
312.1
311.7
311.83
311.73
311.35
312.68
312.67
313.73
314.36
314.27
313.46
314.67
315.17
314.66
315.02
313.5
314.39
314.2
314.84
314.69
313.98
313.83
314.24
314.12
313.94
314.27
314.92
315.29
315.16
314.04
314.34
314.5
314.5
315.07
315.13
314.74
315.15
314.33
312.04
313.16
314.65
314.28
313.98
313.09
313.95
313.26
314.1
314.04
313.91
313.47
313.89
313.84
312.81
313.79
313.76
311.7
311.35
311.93
312.3
312.71
312.98
312.51
313.12
312.55
312.48
312.03
311.73
312.06
310.56
312.64
312.29
311.53
311.85
312.04
312.45
312.37
312.14
312.11
311.75
312.14
311.59
311.48
311.97
311.72
312.56
312.37
311.95
312.69
311.92
312.7
312.23
312.52
313.06
312.22
312.23
312.89
312.56
312.82
313.38
313.32
312.72
313.02
312.36
312.93
311.52
312.25
312.31
312.47
312.35
313.06
313.73
311.4
312.15
311.58
311.97
312.3
313.24
313.65
313.27
313.28
312.63
313.47
312.96
312.96
312.41
312.59
312.64
312.19
312.35
312.26
312.35
311.71
312.35
312.59
312.77
312.78
312.72
312.15
312.19
312.65
311.95
311.98
312.98
312.18
312.08
312.8
312.27
312.88
311.69
312.46
312.31
312.02
312.22
311.58
312.3
311.85
311.87
311.05
311.77
312.38
312.29
312.14
311.19
312.23
311.76
311.25
311.88
311.96
312.21
311.9
311.27
310.95
311.93
310.49
311.77
311.35
311.98
311.64
311.83
311.85
312.2
311.61
311.49
311.51
311.95
312.02
312.08
311.85
311.53
310.45
311.27
311.2
311.36
312.27
311.27
311.95
311.57
311.81
312
311.83
311.39
312.08
312.1
311.11
311.01
311.39
311
310.76
311.59
311.95
312.14
312.14
312.51
311.05
312.12
311.5
311
311.27
311.12
311.72
312.15
311.58
311.49
311.89
311.95
312.05
311.27
311.05
311.33
311.49
311.29
311.83
311.35
311.48
311.66
311.97
311.64
311.07
311.05
310.56
311.25
310.16
310.21
310.78
310.92
310.21
310.09
310.1
310.44
310.03
309.93
309.35
310.45
308.75
309.06
308.79
309.57
310.09
309.59
309.6
308.49
308.18
308.58
308.72
307.69
308.64
308.16
307.56
308.33
307.8
308.17
308.16
307.87
308.24
308.09
308.4
307.48
308.35
308.14
309.13
308.94
308.36
308.73
308.72
307.8
308.32
308.8
308.06
308.51
307.46
308.12
308.23
307.87
307.95
308.11
307.26
307.6
307.65
308.23
307.27
307.31
307.29
307.19
306.45
306.55
306.03
307.4
307.21
307.12
307.1
307.04
305.95
305.63
306.77
307.39
307.5
306.23
306.88
306.81
306.32
306.2
306.27
306.48
306.29
306.4
306.46
306.73
305.65
307.09
306.4
305.78
306.39
307.87
307.91
307.38
306.55
306.53
306.28
306.22
306.33
305.89
305.52
306.5
307.09
306.48
306.74
306.54
304.86
305.81
305.2
306.42
305.43
305.67
306.21
306.48
306.1
306.03
304.23
305.19
305.11
305.1
305.47
306.33
305.9
305.05
305.09
305.62
305.55
305.12
305.11
304.99
305.09
304.81
305.17
305.6
305.09
305.33
305.04
304.97
305.14
304.12
304.68
304.73
304.63
304.32
303.95
303.54
303.45
303.64
303.08
303.54
303.58
303.87
304.67
303.64
303.42
303.3
302.6
302.6
303
302.68
302.7
301.66
301.19
301.23
301.67
301.7
301.19
300.49
300.67
301.79
301.63
301.03
301.66
301.85
301.12
301.81
301.26
301.36
301.25
301.58
301.96
300.97
301.39
300.6
300.6
301.47
301.53
301.53
301.08
301.08
301.27
300.43
301.16
301.01
300.69
301.14
300.92
300.99
300.89
301.38
301.26
301.46
301.87
300.88
300.97
300.82
301.54
301.93
301.08
300.84
300.98
301.86
302.61
300.88
301.95
301.22
301.39
301.39
300.82
300.79
300.16
300.54
300.83
300.86
300.72
301.67
301.94
300.42
300.81
300.67
300.58
301.31
301.31
301.12
301.16
300.79
300.34
300.59
300.59
301.08
301.31
301.4
300.44
300.44
300.13
299.87
300.94
300.66
300.26
300.23
300.78
300.58
300.39
300.52
300.24
300.34
299.84
300.43
300.75
300.79
300.54
301.34
301.37
300.06
300.62
300.24
299.83
300
300.02
299.78
300.23
299.56
299.98
300.37
300.18
301.44
300.28
300.65
300.67
299.37
300.9
300.37
299.96
299.8
300.45
298.95
300.35
299.9
299.96
299.81
300.29
300.08
299.71
300.27
299.65
300.17
299.5
299.41
299.96
300.26
299.93
300.17
300.37
300.03
300.62
301.19
301.34
300.87
301.4
301.88
301.15
301.35
301.43
301.25
301.61
302.33
301.27
301.27
301.94
301.76
301.5
302.12
301.22
302.05
302.08
301.58
301.73
301.92
301.96
302.57
301.72
302.34
303.05
303.01
303.11
302.13
302.19
302.75
303.49
302.76
303.11
303.57
304.22
303.22
302.97
302.46
302.89
303.37
303.45
303.04
303.06
303.93
302.9
303.17
302.7
303.37
303.21
302.69
302.79
302.54
302.57
303.49
302.9
303.11
303.39
303.61
303.87
303.36
303.18
303.96
303.83
304.42
304.7
304.85
304.58
304.4
304.24
304.59
304.84
304.18
304.51
304.52
304.85
305.64
306.17
306.12
306.1
305.29
306.1
306.15
305.71
305.85
306.47
307.06
307.27
306.16
306.52
305.9
306.29
306.04
306.47
307.02
306.94
306.42
307.1
306.22
306.31
305.95
306.49
307.21
306.48
306.66
306.77
306.89
306.31
307.26
307
307.28
307.97
307.72
306.8
307.78
307.58
307.9
308.09
308.21
308.29
307.81
307.93
309.64
308.17
306.73
307.52
308.06
308.14
306.9
306.61
307.66
308.17
308.63
308.23
308.38
308.23
308.29
307.38
307.8
307.81
309.05
309.31
308.76
307.36
309.03
310.13
310.11
310.56
311.02
311.37
311.06
310.98
311.53
311.76
310.45
311.86
311.28
311.24
312.24
311.74
310.5
310.08
311.11
311.3
311.17
311.1
311.97
311.06
311.54
311.21
311.04
311.45
311.16
311.68
312.01
311.32
311.15
310.93
310.87
311.41
311.13
311.21
311.11
310.46
311.27
311.45
311.98
312.35
311.83
312.55
312.1
311.47
312.22
311.74
312.81
312.4
312.75
313.36
313.27
314.59
313.73
314.26
314.19
314.48
314.98
315.44
314.83
314.21
313.3
314.02
314.11
314.4
313.93
314.09
314.25
313.8
314.57
314.39
314.97
314.3
314.76
314.72
314.74
314.79
314.84
314.42
314.15
315.17
314.33
314.84
314.88
314.52
314.86
315.15
314.49
315.04
314.36
313.67
312.69
314.07
313.27
313.68
312.92
313.25
311.91
312.4
311.88
312.17
312.52
312.07
312.07
312.48
312.5
311.86
311.7
312.08
312.2
312.96
312.27
311.9
310.74
311.95
311.92
311.78
310.93
311.69
312.18
311.92
312.21
311.78
311.64
311.76
311.6
311.9
311.3
312.06
311.24
311.46
311.23
311.67
311.02
312.26
311.42
310.7
311.73
310.85
310.59
310.85
311.07
311.29
312.22
310.96
311.43
311.71
311.24
310.99
311.61
312.74
310.42
310.64
310.81
311.24
311.35
311.3
311.85
311.46
310.72
311.46
310.97
311.33
310.98
312.74
311.66
311.08
311.37
311.51
312.15
311.52
310.85
311.2
311.07
311.35
311.31
312.05
311.58
310.81
310.35
310.57
311.46
311.18
311.39
311.2
310.96
310.62
310.72
311.34
311.71
312.01
311.4
311.61
311.33
311.09
311.54
311.85
311.67
311.84
312
311.91
311.11
312.02
311.56
311.37
312.09
311.78
312.87
312.63
312.19
312.86
312.43
312.08
312.76
311.74
311.31
310.94
311.95
312.43
311.8
311.6
311.79
312
312.39
312.04
311.59
311.89
312.06
311.59
312.69
312.92
313.3
312.8
312.14
312.02
312.23
312.72
312.19
313.01
312.23
311.52
312.76
311.8
312.68
312.75
312.23
312.13
312.16
310.79
310.71
311.01
310.87
310.57
310.36
310.79
310.59
310.1
309.77
310.11
310.22
309.83
309.99
310.6
309.43
308.69
308.62
307.62
308.4
307.71
308.63
308.22
306.96
307.91
308.42
308.62
308.74
308.73
308.73
308.21
308.24
308.24
307.76
307.72
307.72
307.65
308.61
308.61
308.17
308.34
309.04
307.94
307.65
307.86
307.17
308.16
308.37
308.14
308.15
308.3
308.46
308.98
308.73
308.16
308.04
308.58
308.42
308.84
308.07
308.29
308.14
308.33
308.53
308.16
308.51
308.63
308.78
308.29
308.95
307.23
307.38
307.99
308.44
308.41
308.03
307.42
307.14
306.92
307.06
307.26
307.09
305.95
306.05
306.16
305.9
306.34
305.73
305.4
304.74
303.71
304.03
303.87
303.83
303.72
303.72
304.26
304.26
303.59
303.02
303.45
303.59
303.41
303.06
303.21
303
302.65
303.06
302.92
302.71
302.45
303.13
303.57
303.62
303.84
303.74
303.73
303.3
302.98
304.48
303.17
303.47
303.36
303.55
304.4
303.65
303.51
303.02
302.78
302.84
302.72
303.23
302.39
304.11
303.37
303.13
303.34
303
304.03
303.62
303.08
303.27
303.66
303.66
303.3
302.64
303.42
303.63
303.4
303.08
303.18
302.85
302.52
303.54
304.32
303.57
303.35
303.35
302.38
303.04
302.81
302.2
302.71
303.38
302.77
302.09
303.44
303.22
303.24
303.31
303.41
302.88
303.87
303.29
303.29
303.02
303.15
302.9
302.7
303.47
302.81
302.65
302.76
302.21
303.73
303.21
302.28
302.73
302.24
302.07
302.51
302.1
302.45
302.92
302.77
302.15
302.15
302.32
302.97
303.01
302.16
302.3
303.76
303.37
303.25
302.88
303.24
302.84
302.86
302.05
302.25
303.98
303.98
303.59
303.79
302.32
302.43
302.02
302.5
302.69
302.86
302.29
303.16
303.28
302.1
302.72
302.72
302.57
302.73
301.9
302.79
302.58
302.58
302.25
302.18
302.25
301.79
303.95
303.25
302.83
302.83
302.5
302.8
302.8
302.52
302.32
302.13
301.88
301.51
301.61
302.98
301.86
301.7
302.75
303.97
302.56
302.29
302.37
302.89
302.55
302.35
302.35
302.87
302.87
302.61
301.88
302.01
301.74
301.74
302.79
302.79
302.81
303.43
302.6
302.05
302.78
302.98
303.44
302.6
303.15
302.23
302.23
302.3
302.47
302.69
302.89
303.14
303.14
303.21
303.56
303.56
303.14
301.4
302.62
303.05
303.35
303.13
302.63
302.89
302.89
303.41
303.41
302.54
302.9
302.65
302.66
302.77
303.13
302.66
302.66
302.42
302.43
303.45
304.36
304.71
304.71
303.75
304.76
303.54
304.9
304.1
303.75
303.75
303.96
304.67
303.75
304.36
303.66
304.49
304.49
304.3
304.21
303.97
303.78
304.01
303.74
303.33
305.06
305.58
305.58
304.23
304.58
305.58
305.58
304.89
304.71
305.28
304.51
305.11
305.11
305.17
305.18
305.77
305.83
305.07
305.64
306.39
305.77
305.73
305.43
305.42
305.19
305.15
305.87
305.73
305.74
305.81
305.92
304.81
305.15
305.26
305.41
304.78
304.97
305.19
305.38
305.36
305.77
306.09
304.54
306.41
305.31
305.88
306.2
305.75
305.75
305.18
304.9
305.37
305.07
305.17
304.81
304.81
305.3
305.3
305.51
304.57
303.57
305.36
304.72
304.64
304.76
305.51
305.45
305.56
304.94
304.43
305.58
304.77
306.07
306.07
305.46
305.62
305.92
306.14
306.14
307.18
307.18
306.71
306.3
306.52
306.45
306.68
306.41
307.07
307.07
307.48
308.29
308.12
308.25
308.27
308.28
309.19
308.9
308.17
309.43
308.47
309.06
309.24
308.85
309.31
309.31
308.8
309.36
309.28
309.28
309.58
309.68
309.68
309.39
309.26
310.06
309.78
310.7
309.8
310.6
310.6
309.52
310.13
310.12
310.84
310.84
310.32
311.02
310.02
310.02
310.99
311.01
310.78
310.6
310.82
311.51
311.51
312.41
312.3
311.49
311.93
311.04
313.04
313.01
313.24
312.95
313.16
313.23
312.71
312.74
312.71
311.81
312.91
312.91
313.16
313.3
312.4
313.28
312.75
312.75
312.96
313.03
312.78
312.2
312.2
312.3
313.31
313.29
312.44
312.44
312.79
312.97
312.89
313.4
313.4
313.26
312.52
312.98
312.66
312.6
312.79
312.79
312.34
313.56
311.5
312.01
311.89
312.56
312.88
312.93
312.93
313
312.47
311.95
312.31
312.6
312.69
313.02
312.27
312.4
313.27
313.16
313.55
313.68
312.82
313.69
313.44
313.19
313.48
312.75
313.02
313.24
312.83
312.83
313.16
313.58
312.92
313.37
313.37
312.96
312.07
312.8
312.68
312.27
312.81
313.39
313.46
313.07
312.54
312.54
313.38
313.05
313.26
312.95
312.85
313.35
313.49
312.25
313.23
312.86
311.96
313.56
313.36
313.03
312.98
313.47
313.68
312.69
312.22
312.68
312.37
312.59
312.59
312.73
312.73
312.17
313
312.1
313.83
312.59
312.59
312.01
313.7
313.7
312.39
312.8
313.41
313.46
313.96
312.62
313.63
313.07
313.21
312.18
312.18
311.04
312.12
312.97
312.25
312.43
312.37
312.27
311.54
311.71
311.95
310.64
311.57
312.58
311.82
311.89
311.49
311.88
311.66
311.66
311.8
311.8
310.88
311.19
311.86
311.9
312
312.03
311.26
311.73
311.73
311.55
311.82
311.92
311.88
312.72
312.72
311.55
311.54
311.54
311.78
311.89
312.33
312.83
312.26
312.06
312.32
311.32
311.91
311.91
311.73
311.73
312.02
312.05
312.45
312.49
312.48
312.93
312.97
312.05
312.05
312.35
313.01
313.01
312.49
312.44
312.44
311.77
312.34
312.42
311.97
311.97
311.99
311.99
312.06
311.77
312.13
312.24
311.14
311.99
311.99
311.76
312.56
312.54
312.54
312.44
311.27
311.57
311.84
312.35
311.44
311.48
311.29
310.99
311.09
310.5
310.5
310.06
310.06
311.49
311.49
310.62
309.32
309.61
310.36
310.98
311.18
309.96
310.36
312.14
311.44
310.54
311.19
311.19
310.96
311.06
311.26
310.05
309.43
253.85
253.8
252.82
252.44
253.28
253.01
253.22
253.13
252.85
253.31
252.38
251.17
249
247.27
245.88
245.28
244.65
245.72
246
245.76
248.39
249.39
249.86
250.3
250.44
250.36
250.1
249.9
250.08
250.39
250.59
251.72
250.12
251.05
250.1
250.88
251.59
251.94
253.08
253.22
253.71
252.72
253.38
253.34
253.64
253.05
253.03
253.03
254.14
253.12
253.18
252.85
252.85
253.24
252.83
254.18
253.25
252.59
253.05
252.49
252.87
252.97
252.78
252.66
253.03
252.57
251.61
253.62
252.73
252.9
252.03
252.29
253.01
252.87
252.17
251.93
252.2
252.18
252.07
252.27
252.86
252.56
252.23
252.56
251.79
251.58
251.87
252.3
252.37
251.81
251.86
251.66
251.55
251.01
251.53
252.27
250.84
251.19
251.4
251.27
251.52
251.38
251.58
251.43
252.09
251.45
251.14
251.47
250.73
250.78
251.46
250.88
252.49
251.47
251.46
250.77
250.95
250.95
249.66
249.27
247.6
247.07
245.8
244.34
246.81
246.06
245.72
246.31
247.07
247.72
248.9
250.84
252.49
253.64
254.77
255.98
257.07
257.83
258.26
258.86
259.31
259.4
259.09
259.05
258.38
259.55
258.57
258.15
258.5
259.05
258.78
259.15
258.63
258.16
257.34
256.95
256.5
256.56
254.89
256.23
255.93
255.13
255.96
255.1
256.84
255.52
254.64
254.54
255.69
254.43
255.36
254.31
254.64
254.56
254.66
254.86
254.4
254.1
254.06
253.89
253.99
253.63
253.99
254.57
253.78
254.05
254.46
254.1
255.37
254.92
254.37
254.59
254.41
253.64
253.94
254.12
253.92
253.01
253.96
253.44
254.09
254.06
254.3
254.93
255.21
255.53
255.58
255.27
254.46
255.5
255.13
255.2
254.93
254.28
254.09
254.71
253.89
254.94
254.69
254.19
254.25
255.07
254.25
255.09
255.04
254.27
254.27
255.39
254.3
253.88
254.18
253.4
254.67
254.44
253.95
255.22
254.35
253.2
253.58
254.54
254.3
253.87
253.79
254.4
253.56
253.73
253.96
254.48
255.11
255.07
256.62
256.74
256.78
257.13
257.79
257.89
258.49
258.43
259.1
258.61
258.5
258.71
258.36
258.27
258.12
256.78
257.49
257.53
258.15
258.75
258.43
257.89
258.68
257.91
258.12
258.1
257.26
257.76
257.36
256.8
257.03
257.42
257
256.94
257.03
256.88
257.36
255.95
254.77
254.71
258.36
258.53
257.33
258.16
259.02
258.66
257.93
257.8
257.58
257.81
257.11
256.54
254.7
255.6
255.79
254.15
245.73
241.03
239.43
239.19
239.81
239.46
240.26
243.16
244
244.3
244.71
246.72
248.01
249.85
251.09
251.54
251.85
251.46
251.97
254.48
257.1
257.87
258.11
257.9
257.23
258.51
259.15
258.8
258.79
258.89
259.42
258.65
258.94
259.4
257.66
256.31
255.21
254.85
253.27
256.07
256.35
256.51
256.04
256.27
256.28
255.88
255.34
255.02
254.94
255.39
255.55
255.06
255.12
254.44
254.44
254.44
255.12
255.9
255.37
255.31
255.28
255.27
255.14
255.02
255.42
255.52
255.52
254.82
253.48
252.48
251.7
250.83
250.6
249.77
248.51
247.37
247.91
246.22
247.11
246.98
246.9
247.69
246.63
247.01
247.97
249.6
250.14
250.77
250.17
250.34
250.32
251.1
253
254.68
255.86
256.04
257.83
258.87
259.21
259.32
258.99
259.4
259.42
259.69
259.78
259.07
259.29
257.82
256.73
256.39
255.07
254.45
253.1
253.75
253.82
254.03
253.61
253.78
253.7
253.3
253.39
253.32
253.61
252.61
251.99
252.79
253.25
253.05
252.3
253.27
253.12
252.73
252.83
252.83
252.34
252.44
252.01
252.14
253.86
252.5
252.44
252.03
252.08
252.31
252.09
252.68
252.01
252.87
252.16
252.23
252.09
251.54
251.32
251.61
251.95
251.85
251.8
250.79
250.26
252.04
252.11
252.32
252.03
251.3
251.56
251.14
251.57
251.75
251.27
251.16
251.58
251.44
251.24
251.38
251.82
252.02
252.1
251.58
251.56
251.72
250.25
250.42
251.59
252
252.62
251.99
251.06
252.08
251.83
251.9
251.7
251.45
252.28
251.91
252.22
251.89
251.94
250.76
250.91
251.6
251.32
250.56
249.48
247.69
247
245.56
244.78
245.58
246.12
246.29
246.14
246.48
249.7
250.28
253.31
253.24
253.93
253.97
254.42
254.41
254.16
254.3
254.5
253.84
254.79
254.61
254.58
254.55
255.04
254.81
254.14
254.67
255.09
255.48
254.37
253.69
254.68
254.47
253.22
253.41
254.47
253.85
253.77
254.07
253.93
253.68
254.29
254.31
254.84
254.5
254.54
253.87
254.6
254.06
254.25
253.2
253.48
252.41
252.73
253.7
253.47
254.16
253.52
253.33
253.17
253.35
253.12
253.09
253.22
252.86
253.02
251.51
252.38
252.74
252.67
252.28
252.56
251.63
253.28
252.52
253.01
252.82
252.79
252.82
252.15
252.34
252.02
251.59
252.7
251.8
252.33
251.92
252.72
252.88
252.82
252.41
252.86
251.88
253.14
253.86
253.78
254.61
254.73
253.86
254.9
254.11
254.51
255.04
255.58
255.2
254.44
254.55
255.11
254.61
254.34
254.62
254.35
255.27
254.8
255.84
255.5
254.24
255.41
256.26
256.21
256.46
256.23
256.6
256.2
256.39
256.12
256.29
256.41
256.91
255.61
256.2
256.57
256.51
256.5
257
257.66
257.17
257.13
256.56
257.48
256.86
257.64
257.41
256.15
256.29
255.85
257.04
256.7
257.24
257.28
257.74
257.77
257.02
257.87
258.11
258.05
257.63
257.76
258.7
258.4
257.66
257.65
258.85
259.73
260.01
260.39
260.55
260.4
260.69
260.22
259.5
259.52
260.06
259.8
259.65
260.18
260.25
259.76
260.42
260.87
260.77
260.08
260.27
260.53
261.45
261.78
261.53
261.36
261.25
261.69
260.33
260.96
260.99
261.3
261.58
260.87
260.46
261.3
262.42
263.17
263.86
264.64
264.7
264.3
264.39
265.14
265.1
265.35
265.27
265.7
264.9
265.57
265.23
265.4
265.77
265.26
265.52
265.76
266.16
266.14
266.14
266.15
265.57
265.94
264.64
265.42
267
266.91
266.08
266.01
266.67
266.1
265.54
266.29
266.69
266.44
266.45
266.48
267
267.13
267.1
266.85
267.54
268.04
268.37
268.61
267.37
268.53
268.85
268.6
268.33
268.62
270.12
271.23
272.34
273.96
272.38
272.59
274.32
273.33
272.08
272.26
273.53
272.9
271.41
271.96
272.73
272.65
272.34
272.09
273.44
272.91
272.67
272.68
272.99
273.22
273.48
272.9
272.72
271.32
271.32
271.09
271.5
271.68
270.97
270.72
270.77
271.34
270.72
270.71
270.9
270.9
270.39
270.68
270.17
271.02
270.73
270.26
270.45
270.41
270.54
270.57
270.52
270.95
270.27
270.26
270.94
270.73
271.02
270.65
270.52
270.62
270.46
271.02
269.66
270.17
270.99
270.64
270.24
270.48
270.96
269.9
269.43
270.18
269.96
269.86
269.9
269.84
270.47
269.66
270.27
269.92
270.88
270.88
271.08
270.34
270.54
270.94
271.28
271.35
270.67
271.45
270.38
270.67
271.81
271.15
270.52
270.16
270.62
270.48
270.42
270
271.22
271.33
270.23
269.7
270.45
270.36
269.86
270.34
270.21
270.16
270.8
270.89
270.54
271
270.23
270.07
270.52
270.25
270.45
270.42
270.12
270.65
270.36
270.57
270.37
270.77
269.47
270.27
269.26
268.94
270.08
269.75
268.94
268.89
269.82
269.92
269.94
269.98
270.31
270.27
269.81
269.32
269.75
270.21
269.7
269.31
268.72
268.99
269.44
269.12
269.25
269.31
268.95
269.18
269.86
269.73
269.37
269.51
269.82
269.2
269.45
269.67
269.57
269.88
269.92
270.25
270.17
270.23
270.52
270.26
270.28
270.75
269.78
269.75
269.68
269.99
269.8
270.19
270.17
268.93
269.92
270.15
270.16
270.53
270.29
270.37
270.26
270.54
270.13
269.05
270.12
270.73
270.76
270.46
270
269.81
269.67
270.21
270.62
270.92
271.06
270.08
270.45
270.61
270.46
270.57
270.72
270.09
269.74
269.88
269.05
268.08
269.17
268.77
268.67
268.48
267.97
268.33
267.79
266.43
267.27
267.94
267.32
267.62
267.04
266.54
265.57
264.36
263.91
263.59
263.47
262.76
263.28
263.58
263.79
263.08
263.39
263.27
263.23
263.36
263.29
263.36
264.05
264.29
263.6
263.98
263.14
263.03
263.15
263.09
263.29
262.75
263.52
263.82
263.49
264.38
263.74
264.07
262.68
263.4
262.74
263.84
264.23
263.64
263.7
262.85
263.03
263.27
263.76
264.35
264.01
264.57
264.18
264.12
264.39
263.7
263.47
264.11
264.52
264.44
264.74
264.9
264.17
264.27
264.37
264.06
263.48
264.77
264.47
263.97
263.15
263.96
264.44
263.89
264.31
264.23
264.63
264.72
264.67
264.24
263.61
264.72
264.7
264.55
264.51
264.65
264.49
264.61
264.87
264.28
264.29
264.1
264.52
264.85
264.97
264.65
264.36
265.14
264.5
264.16
265.25
265.13
264.15
264.57
265.03
264.78
264.81
265.29
265.81
265.56
265.28
265.46
265.72
265.27
265.07
265.07
266.99
266.5
266.29
266.58
266.43
266.26
265.79
266.25
266.5
266.56
266.88
267.05
266.26
265.77
265.72
264.74
262.31
260.98
260.14
259.55
258.89
258.42
258.1
258.46
258.07
258.53
257.9
258.83
259.21
258.71
258.67
258.49
257.56
259.29
259.82
260.45
260.46
261.68
261.49
261.98
262.2
262.75
262.75
262.82
263.57
263.69
263.34
264.5
264.9
264.58
264.54
265.18
265.11
264.96
264.61
264.51
264.75
264.83
265.48
264.91
266.49
268.2
267.67
267.98
268.16
268.23
268.88
268.64
268.44
268.27
268.11
267.84
267.88
268.34
268.53
268.16
267.69
268.53
267.77
267.44
266.91
266.07
265.75
265.42
265.93
265.48
265.39
265.89
265.26
264.39
265.46
266.22
265.06
265.99
266.08
264.75
264.78
264.62
264.17
264.57
264.87
263.75
264.15
263.75
264.42
263.94
263.41
263.66
264.48
264.97
264.66
264.44
264.44
264.71
264.57
264.75
264.76
264.07
264.85
264.98
264.71
265.33
264.67
264.54
264.49
264.45
265.14
264.92
265.47
264.27
265.77
269.82
269.8
269.25
268.77
268.89
268.73
267.75
266.82
267.15
265.44
266.48
266.27
265.91
266.05
266.56
265.56
265.2
265.02
265.5
266.24
265.56
265.98
265.99
265.24
265.81
266.65
265.64
265.58
266.06
266.37
265.88
266.14
266.27
266.45
266.74
266.8
266.64
265.89
264.55
264.48
264.37
263.58
263.58
262.81
262.08
262.92
263.5
263.57
263.83
263.23
262.72
263.88
263.49
262.87
262.67
262.78
262.76
262.2
263.03
263.63
263.19
263.63
263.18
263.84
262.92
263.76
263.71
263.25
263.39
263.45
263.08
263.06
263.29
263.02
263.59
263.48
263.6
263.73
263.37
263.38
263.47
263.89
263.07
263.24
263.27
263.3
263.4
263.53
263.54
264.04
263.64
263.1
263.22
263.38
263.74
263.79
263.16
263.02
263.11
262.74
261.82
263.64
263.25
262.74
263.87
264.32
263.7
262.75
263.06
263.46
263.25
262.86
263.29
263.19
262.82
262.67
262.88
263.47
263.27
262.93
262.64
262.59
262.89
263.13
263.16
263.26
263.3
263.05
263.08
262.58
262.62
261.58
263.12
263.37
263.93
263.52
263.75
263.72
264.02
264.21
265.46
263.68
265.33
264.83
263.83
263.05
263.3
263.51
262.55
263.41
262.82
262.51
262.41
262.73
262.52
262.92
262.96
262.65
263.08
262.41
262.66
263.45
264.98
265.9
266.25
268.31
268.53
268.45
268.55
268.51
268.49
268.78
267.12
266.56
265.82
264.56
264.58
265.56
265.99
265.58
265.07
263.6
260.32
259.78
258.83
258.53
257.96
258.73
258.6
259.33
258.62
259.18
260.39
262.01
261.78
261.79
261.81
262.19
261.98
262.38
261.68
262.34
261.93
262.54
263.6
263.27
262.89
263.54
264.4
264.98
265.42
264.86
264.46
263.81
263.59
263.81
263.63
263.84
263.11
263
263.04
263.49
263.27
263.09
262.7
263
262.4
262.91
263.19
263.14
263.11
262.69
262.37
262.2
263.09
262.6
262.07
261.6
260.53
261.2
260.74
260.67
259.86
259.27
259.79
259.51
259.13
259.13
258.81
258.61
258.56
258.89
258.73
259.1
258.39
259.15
259.32
258.31
259.05
259.71
259.29
259.42
259.57
258.75
258.76
259.07
258.45
258.35
258.81
259.29
259.44
258.8
259.02
258.46
258.69
258.69
258.87
259.14
259.72
258.37
258.37
258.87
258.55
257.93
257.73
258.48
258.87
258.32
258.03
258.21
258.62
258.65
258.02
257.96
258.14
258.34
258.78
258.48
258.47
257.97
258.5
258.28
258.7
258.01
258.37
257.84
257.97
258.25
257.85
258.41
257.88
257.87
257.78
257.55
257.83
257.99
257.77
257.58
257.36
257.34
257.77
257.6
257.97
257.51
258.13
257.94
257.36
257.97
257.59
258
258.27
258.58
258.58
257.89
258.67
258.84
259.18
258.5
257.82
258.29
258.75
260.2
260.54
260.19
260.94
261.54
260.98
257.71
255.38
255.18
254.17
254.96
255.14
255.19
255.64
255.88
255.95
256.6
256.73
257.84
258.23
259.59
259.2
260.43
260.69
259.87
261.03
260.4
261.62
261.74
263.25
263.44
264.21
262.93
262.68
263.44
263.52
263.24
262.77
263.71
263.57
263.43
263.22
264.42
264.29
263.56
263.8
263.83
262.64
262.98
262.77
262.56
262.23
262.55
261.77
262.95
262.34
262.3
262.88
262.63
263.39
262.67
262.34
262.69
262.53
261.77
262.22
262.63
261.63
261.2
261.34
261.66
262
261.39
261.56
261.01
261.67
261.8
261.96
261.88
261.51
261.92
261.88
261.63
261.39
260.5
261.17
260.8
261.93
261.21
261.66
260.56
260.97
260.83
261.33
261.51
260.61
261.36
261.67
261.51
261.83
261.45
260.82
261.02
260.15
261.12
261.61
261.32
261.2
260.46
261.44
259.99
260.49
261.02
261.51
260.42
261.45
261.21
261.46
261.3
260.59
260.38
259.43
260.24
258.75
258.35
258.22
256.85
257.26
257.22
257.54
256.99
257.27
256.33
257.9
259.08
259.54
259.16
259.99
260.63
261.42
261.27
261.34
261.44
261.74
262.66
262.36
262.59
262.55
262.32
261.59
262.14
261.84
261.97
261.96
261.5
262.13
262.33
262.33
262
261.98
261.69
262.5
262.56
263.12
262.94
262.92
263.96
263.49
263.12
264.44
264.12
263.99
264.23
264.37
264.24
264.09
264.78
263.52
264.33
264.65
264.41
264.63
264.25
264.74
264.87
263.63
263.41
263.43
263.01
262.99
263.84
263.15
263.56
264.84
265.29
265.46
264.66
265.3
265.75
266.87
266.9
266.46
267.05
268.17
269.13
270.58
269.88
270.44
271.08
271.33
271.32
270.92
271.51
271.79
271.69
271.04
271.32
271.44
271.05
271.45
271.33
271.61
271.51
272.14
271.97
271.74
271.81
271.53
272.14
270.81
271.52
271.61
272.09
271.67
271.73
272.04
272.21
271.84
272.2
270.98
271.42
271.75
272.03
272.45
271.05
270.46
270.2
270.2
270.6
270.99
270.94
271.43
270.89
270.95
270.88
270.98
270.18
270.75
270.59
270.65
270.8
270.9
271.24
270.96
270.49
271.07
270.47
270.73
271.3
271.06
270.55
270.85
270.53
270.68
271.39
271.13
270.87
270.08
269.98
271.57
271.51
271.7
272.08
271.97
272.63
272.11
273.53
274.44
274.25
273.82
274.05
274.2
274.36
275.26
275.92
277.64
278.37
279.56
280.09
279.02
280.31
280.7
280.5
280.2
280.36
280.15
279.88
280.05
280.17
279.39
280.48
279.92
280.07
280.02
280.01
280.31
280.5
280.54
279.83
280.47
279.86
280.29
279.97
279.59
280.06
279.7
280.37
280.24
280.46
280.82
280.72
280.13
280.58
279.82
279.46
279.82
280.05
280.34
280.21
280.65
281.21
280.89
280.71
280.34
280.69
281.21
281.2
281.03
281.41
281.44
282.58
281.63
281.5
281.75
281.34
281.39
282.1
281.9
282.47
284.09
283.17
283.54
283.49
283.79
283.4
283.71
283.67
284.26
283.98
283.93
283.4
283.85
284.36
283.79
283.67
284.04
284.11
285.36
284.15
284.19
284
282.78
284.05
284.28
284.33
284.29
284.96
284.15
284.28
283.62
284.3
283.97
284.17
283.71
284.96
284.66
284.44
284.03
284.12
284.85
285.08
284.06
283.91
283.62
284.11
284.41
284.17
284.17
284.42
284.24
283.89
282.99
283.35
284.35
283.88
283.97
283.78
284.46
284.17
283.58
284.33
284.18
283.51
283.7
284.45
284.48
284.05
284.39
283.71
284.38
284.53
283.74
283.93
284.05
283.71
284.35
284.63
284.5
284.49
284.7
284.76
284.06
284.13
284.42
284
284.01
283.76
284.4
283.78
284.89
284.55
284.54
283.86
285.06
285.35
283.98
284.83
283.9
284.1
284.49
283.6
284.21
284.63
284.43
284.33
284.72
284.03
284.15
283.72
283.75
284.25
284.93
285
284.33
284.19
284.06
284.55
283.92
284.15
284.31
284.63
284.22
284.7
284.26
284.86
284.37
283.99
283.94
284.21
283.04
284.46
284.17
284.56
284.8
284.27
283.84
284.3
284.5
284.8
284.76
283.75
283.75
283.64
284.01
283.8
284.26
284.74
284.74
283.69
284.08
284.52
284.21
284.11
285.14
284.23
284.28
284.31
284.3
284.21
284.12
284.83
284.64
283.82
284.05
283.79
284.04
282.93
284.05
284.3
284.2
284.1
284.28
284.3
284.48
283.82
284.25
284.54
283.97
284.07
284.15
283.2
283.99
283.64
282.87
283.01
283.75
284.03
282.41
282
282.53
281.91
281.79
281.68
282.28
282.57
282.04
281.91
281.51
280.5
280.42
280.52
280.93
280.61
279.64
279.25
279.85
279.94
279.8
279.08
279.43
279.07
279.57
279.49
278.85
278.94
279.33
279.1
278.5
278.61
279.04
278.96
278.65
279.63
279.78
279.08
279.13
278.73
278.81
278.59
278.3
278.5
278.56
278.56
278.88
279.15
278.15
278.77
278.84
278.58
279.45
279.09
278.35
278.88
279.14
279.17
279.46
279.17
278.6
278.53
278.03
277.99
278.51
278.32
278.59
278.15
278.37
277.62
277.71
277.98
278.35
277.6
277.01
276.57
276.34
276.21
275.32
275.92
276
275.92
274.8
275.26
275.2
275.12
275.16
275.43
275.09
274.28
275.35
275.32
274.23
274.63
275.63
275.31
274.18
274.8
274.61
274.17
274.15
274.34
273.54
274.09
273.97
273.35
273.62
274.27
274.03
273.35
273.97
274.04
273.05
272.21
272.48
273.28
273.38
273.61
273.41
273.88
273.27
272.75
272.25
272.25
271.72
271.83
272.48
272.2
272.29
272.13
272.23
271.81
271.21
272.5
272.92
272.18
271.94
272.33
272.46
272.26
272.25
271.45
271.74
271.78
271.38
272.04
272.02
272.26
272.31
271.48
271.43
272
271.78
271.87
272.08
272.2
272.03
271.85
271.87
272.3
272.2
271.48
271.86
271.74
272.16
271.82
271.98
271.77
271.73
272.07
270.96
271.87
272.08
272.02
271.52
270.38
271.29
271.65
272.11
270.75
271.3
271.76
271.09
271.33
271.02
271.12
271.3
270.81
270.55
271.04
271.44
270.55
271.05
271.46
271.32
270.97
270.41
269.88
269.64
270.03
270.48
270.4
270.92
270.63
270.77
271.78
271.8
271.64
272.22
272.38
272.51
272.52
272.82
272.36
272.56
272.34
272.15
271.89
271.49
271.95
272.35
272.19
272.56
272.17
271.88
271.86
271.85
272.12
272.17
271.97
271.43
271.82
271.81
272.1
271.67
271.35
272.02
271.95
271.86
271.41
271.17
271.28
271.32
271.73
271.48
271.76
271.17
271.46
270.93
270.52
270.81
270.92
270.44
270.88
270.47
270.43
270.4
270.16
269.52
269.47
269.15
269.74
269.59
269.99
269.97
269.44
269.27
269.75
269.23
268.49
268.28
269.66
269
268.72
269.7
270.17
270.52
270.61
271.03
270.84
271.39
271.27
270.32
270.9
271.72
271.45
271.7
271.49
272.46
272.35
272.95
272.74
272.95
272.5
273.16
273.94
273.51
273.56
273.35
273.63
273.7
273.31
273.36
272.99
273.3
271.67
272.88
273.31
273.07
272.82
273.5
273.68
273.5
272.96
274.05
273.65
274.82
274.11
273.67
274.12
274.09
274.44
275.07
275.25
274.45
275.56
274.63
275.14
274.98
274.42
274.55
274.46
274.37
274.48
274.77
273.88
274.11
274.39
273.64
273.48
272.88
273.55
273.34
273.9
274.21
274
274.62
273.98
274.27
275.11
275.3
275.6
275.48
278.47
278.19
278.89
279.82
280.14
279.95
280.15
280.58
279.9
280.07
279.66
280.2
280.13
279.33
279.29
279.33
279.45
278.95
278.92
279.18
279.49
279.06
279.25
279.07
279.56
278.8
279.18
279.18
278.73
279.05
279.65
280.48
280.86
280.21
280.39
280.29
279.3
280.12
279.96
280.49
280.82
280.44
281.74
281.96
282.49
282.07
282.95
282.73
282.82
282.75
282.65
282.26
282.6
283.04
283.04
282.86
281.79
282.03
281.95
281.48
281.57
281.24
281.77
282.19
280.89
281.37
280.86
281.78
281.81
281.42
282.21
281.89
281.47
282.25
281.91
281.64
282.26
282.4
282.58
282.93
283.61
283.8
283.76
284.29
284.65
284.61
285.04
284.87
285.02
285.6
285.65
286.2
286.56
288.21
289.24
288.84
289
288.97
289.1
289.93
290.03
289.14
289.38
289.1
289.16
289.85
289.46
289.41
287.95
287.91
289.38
290.1
289.14
288.91
288.2
287.99
288.49
289.03
289.24
288.92
289.86
289.43
288.8
289.3
289.5
288.87
289.19
288.65
288.7
288.93
289.56
288.75
289.15
288.58
288.97
288.46
288.37
288.48
287.99
287.86
288.73
289.23
288.41
288.56
288.44
288.6
288.35
288.53
288.6
288.01
288.73
287.43
287.62
288.31
288.07
288.08
287.58
288.1
288.43
288.81
289.1
288.83
288.69
288.54
289.03
288.94
288.46
288.62
288.77
288.79
290.06
288.53
288.93
290.94
290.46
290.84
290.6
290.22
289.8
290.55
290.37
289.19
291.21
291.02
290.81
290.59
289.78
290.01
290.93
290.75
290.1
290.38
290.1
290.26
290.75
291.13
290.96
290.37
290.28
291.1
289.69
289.69
289.82
290.08
289.87
290.45
290.48
290.54
289.73
289.9
290.42
290.57
290.53
290.34
290.3
290.19
289.49
288.97
290.8
290.47
289.59
289.43
290.05
290.21
290.28
290.18
290.43
289.81
290.4
290.21
290.47
291.45
290.67
290.73
290.13
289.88
290.62
290.74
290.83
291.28
291.74
291.89
291.82
291.88
291.64
292.89
292.12
291.98
292.18
292
293.09
293.37
291.9
291.53
292.44
292.04
291.65
292.52
290.79
290.89
292.5
291.96
291.9
292.22
291.71
291.31
292.17
291.8
291.72
290.89
290.19
290.86
290.92
289.91
291.4
290.93
290.12
291.28
290.51
290.52
290.49
290.59
290.31
290.77
291.03
292
291.28
291.64
291.73
291.59
291.3
291.46
291.13
291.93
292.22
291.18
291.28
291.28
290.39
291.12
292.22
292.27
292.05
291.05
291.38
291.85
292.65
292.35
291.48
292.29
292.89
292.71
292.58
292.24
291.98
292.22
291.94
292.78
293.1
293.15
292.22
291.73
291.73
291.95
292.22
291.67
292.18
293.6
293.49
293.18
292.47
292.45
292.39
292.97
293.1
293.15
292.83
292.12
292.32
293.05
292.56
293.33
292.84
292.53
292.16
293.73
293.18
293.06
293.08
293.44
293.85
293.15
292.48
293.23
293.26
292.9
292.9
292.86
293.52
293.93
293.52
294.21
293.78
293.79
293.75
294.37
294.91
295.22
295.86
295.9
295.45
295.44
295.9
295.91
296.23
295.48
295.6
295.97
295.79
295.23
296.35
294.83
294.91
296.21
295.86
293.98
295.1
294.54
295.19
295.88
295.73
295.07
294.9
295.74
294.57
294.65
295.79
295.6
295.48
295.37
293.6
294.99
295.99
294.58
295.55
295.05
295.11
294.59
295.33
294.72
294.47
294.85
295.29
294.93
295.43
295.8
295.76
295.27
294.96
295.35
295.71
295.75
295.19
296.13
295.59
295.02
296.61
295.34
295.46
295.44
295.5
296.72
295.61
295.75
296.66
296.41
296.15
296.74
296.53
296.39
296.31
296.33
295.53
295.81
295.32
295.46
296.75
296.71
296.9
296.86
296.53
296.57
296.64
298.24
298.08
297.72
297.05
295.35
295.4
296.07
297.1
297.29
296.97
296.67
297.1
297.54
297.69
296.78
297.54
296.68
296.73
297.44
296.24
297.45
296.92
296.68
296.18
297.48
297.8
297.21
297.1
298.12
297.58
297.57
297.4
297.97
296.92
296.45
296.8
297.44
297.88
297.51
297.95
298.91
297.67
297.66
297.37
297.85
298.52
298.15
297.65
298.08
298.42
298.71
298.75
298.46
298.18
297.91
299.11
298.84
298.87
298.23
298.22
297.39
298.85
299.38
299.27
297.85
299.01
299.31
299.81
298.65
298.32
298.47
299.07
299.5
299.65
299.42
299.01
297.39
300.44
298.66
298.86
299.11
299.4
298.64
298.56
298.81
299.53
300.23
300.3
300.76
300.21
300.15
299.48
299.09
300.03
300.84
302.19
301.26
300.6
301.4
300.86
301.14
301.67
302.21
301.69
302.15
302.17
302.12
302
301.79
302.67
301.71
302.02
301.73
302.77
302.15
302.61
302.32
302.61
303.37
302.3
302.59
302.03
302.27
302.25
301.93
301.77
301.4
301.31
302.62
302.51
302.6
302.55
302.77
302.34
301.96
301.73
302.4
301.38
302.02
303.15
303.29
302.58
302.15
302.05
303.37
302.96
300.93
301.89
302.2
301.87
303.22
302.44
302.74
301.91
301.88
303.05
303.22
302.57
302.84
303.16
303.44
302.89
303.43
303.36
303.7
304.37
304.73
304.44
304.16
304.06
303.9
303.92
304.15
304.51
303.88
303.79
303.84
304.53
303.44
303.62
303.16
304.21
303.71
305.29
304.84
303.8
304.69
305.24
305.06
304.57
304.36
305.16
305.46
305.41
304.72
304.89
305.95
305.92
305.58
305.56
304.76
304.72
304.88
304.66
304.64
305
304.31
305.37
305.81
305.74
306.02
305.73
305.63
305.52
305.6
304.77
304.71
305.42
306.06
305.9
305.99
306.62
305.81
305.55
305.78
305.58
305.66
305.9
306.4
307.23
306.97
306.46
306.22
307.19
306.51
306.18
306.15
306.54
306.7
306.92
306.07
305.8
305.75
306.47
306.84
307.63
307.67
306.62
306.29
307.14
306.74
307.27
307.18
307.99
308.14
307.29
307.41
306.76
306.69
306.53
306.27
305.6
306.85
307.91
307.32
307.21
306.72
306.84
307.03
307.19
306.84
307.18
307.53
307.59
308.78
307.89
308.17
307.93
308.73
307.85
308.25
308.61
308.26
308.71
308.74
308.7
306.81
307.44
307.01
308.14
308.66
308.55
307.5
308.07
308.19
308.39
307.69
308.18
308.57
308.93
307.85
307.29
308.28
308.19
308.63
307.71
307.75
308.36
309.39
309.44
309.73
309.08
308.76
308.96
309.18
309.43
310.45
310.07
309.31
309.64
309.12
308.97
309.94
310
310.02
309.21
308.97
310.78
311.31
310.68
309.73
310.34
310.69
310.88
310.67
309.16
311.66
311.58
310.78
310.69
310.64
310.98
311.14
311.13
312.02
311.86
311.9
311.74
313.3
312.03
311.73
311.61
311.73
312.03
312.18
311.84
311.46
311.2
312.04
310.62
311.7
312.05
311.93
311.76
311.79
311.97
312.19
311.57
311.78
312.26
312.13
312.03
312.38
312.17
311.63
311.93
312.01
310.51
312.15
312.21
312
312.08
311.65
312.05
312.44
312.59
313.44
312.85
312.92
313.03
313.44
312.38
312.75
313.38
312.49
312.99
312.67
312.88
313.57
313.53
312.86
312.75
312.94
313.66
313.01
313.52
313.08
313.33
313.53
312.85
313.73
313.32
314.31
314.61
313.95
313.82
315.09
314.02
314.26
314.83
314.55
314.81
314.74
314.79
315.55
313.97
314.46
314.68
315.01
314.59
313.84
314.1
314.35
314.55
314.35
314.9
314.25
314.26
314.05
314.23
314.62
313.42
314.34
314.59
315.32
314.38
314.8
314.79
314.62
314.64
314.24
314.39
314.51
315.23
315.25
314.95
314.42
314.55
315.23
314.06
314.77
315.66
314.05
315.39
315
314.64
315.53
314.77
316.14
315.76
316.05
315.45
314.8
314.14
314.07
314.97
315.01
314.5
314.5
314.49
314.14
314.6
313.83
313.76
313.44
314.08
313.35
312.83
312.86
313.14
312.74
312.27
312.74
312.06
311.72
311.92
311.02
311.61
311.36
311.27
309.98
310.38
310.34
310.24
310.68
310.19
310.57
309.93
311.04
310.61
310.22
311.12
310.37
310.57
310.98
310.72
310.93
310.22
310.13
309.97
308.62
309.77
309.17
309
309.22
308.45
308.28
307.44
307.25
307.94
308.51
309.04
307.97
308.07
307.8
307.53
308.59
307.56
307.68
308.69
308.68
308.51
308.08
308.49
308.25
307.95
306.19
307.63
307.45
308.31
307.4
307.38
307.61
307.37
306.37
306.94
306.91
306.85
305.65
306.77
306.83
306.38
306.55
305.46
306.13
305.8
305.45
305.7
305.03
303.49
303.07
302.04
302.12
301.37
300.58
299.67
300.02
299.77
300.23
299.1
299.09
298.19
297.86
298.23
298.38
299.13
297.76
297.52
297.15
296.6
296.28
296.41
296.47
296.25
296.88
296.26
296.01
296.9
296.29
296.05
296.88
295.6
295.89
296.18
295.89
295.78
296.07
295.99
295.23
295.37
296.23
296.18
295.44
295.37
294.89
294.92
294.89
295.37
294.68
294.92
295.23
295.52
295.19
295.34
295.09
295.3
295.04
294.91
294.89
294.76
294.54
294.04
293.85
294.25
294.71
293.38
293.45
293.01
292.19
292.77
292.77
292.89
292.71
292.53
292.97
292.61
292.47
293.09
291.88
292.07
292.36
292.99
292.65
292.82
292.88
292.5
292.21
292.46
292.15
293.13
292.15
291.93
292.46
292.09
292.15
292.07
291
291.2
291.02
290.71
290.35
290.64
289.83
290.15
288.6
290.64
291.64
291.82
290.75
290.18
290.54
290.83
289.32
290.18
290.2
289.73
289.77
290.38
289.9
289.68
289.95
289.21
288.02
289.09
290.03
290.51
288.94
288.69
288.92
288.5
288.96
289.63
289.26
289.21
289.91
290.45
289.49
289.72
289.35
289.22
290.17
289.99
289.98
290.1
291.24
291.09
291.43
291.35
291.08
292.29
290.58
290.95
290.71
290.98
290.9
291.1
290.32
289.5
289.28
289.22
289.28
289.69
289.48
288.61
287.75
288.42
289.2
288.77
288.95
289.02
288.88
289.14
288.34
288.26
288.08
288.11
289.09
288
288.64
288.69
287.52
288.06
285.68
287.67
287.56
288.16
287.61
288.32
287.77
287.29
286.83
287.49
287.9
287.29
286.99
287.09
287.55
286.9
287.01
287.14
286.52
286.81
287.4
287.14
286.75
286.35
286.91
286.08
287.03
286.7
286.64
286.64
286.44
286.44
286.47
286.14
286.03
286.89
286.28
286.62
287.05
287.74
287.71
287.89
288.44
287.76
288.55
288.57
288.06
287.37
287.69
288.08
287.7
287.16
286.18
286.7
286.71
286.33
286.75
287.73
287.02
286.59
286.83
286.96
286.57
286.28
286.68
286.63
286.37
286.58
286.96
286.03
285.56
287.22
286.74
286.44
286.29
286.31
286.02
287
287.95
286.12
286.43
286.48
287.32
286.88
286.22
286
286.11
286.14
286.9
285.14
285.62
287.23
285.98
286.02
286
285.66
286.08
286.41
286.02
286.44
285.89
286.39
286.61
285.89
286.22
285.55
285.81
285.48
285.29
285.02
285.92
285.84
285.96
285.21
285.46
285.06
285.12
285.31
285.44
285.78
285.74
286.31
286.39
286.24
285.28
284.97
285.18
285.44
285.56
284.78
285.73
286.08
284.81
286.09
285.32
286.04
285.96
284.66
285.18
285.21
285.5
285.44
285.24
285.15
285.07
285.32
285.07
285.19
286.24
285.67
284.87
285.58
284.63
284.83
285.92
285.82
284.83
284.61
284.51
283.28
283.1
282.4
282.23
282.78
282.63
283.32
283.53
284.29
284.03
284.6
284.06
284.95
284.41
285.43
284.47
284.2
285.31
285.27
285.12
285.41
285.28
284.98
285.06
285.1
285
285.24
285.54
285.6
286.35
285.27
285.29
285.37
285.61
285.53
284.56
286.83
286.42
285.92
285.68
285.74
285.86
285.2
285.58
285.81
286.37
285.68
285.35
284.45
286.08
285.45
286.41
286.04
285.83
285.44
285.78
285.25
285.79
286
286.31
286.53
287.61
287.26
286.89
287.18
287.16
287.8
288.13
288.46
289.04
288.64
288.5
288.3
287.26
288.67
288.26
288.28
288
287.63
288.16
288.15
288.17
288.4
288.48
288.46
287.61
287.54
288.19
288.96
289.2
289.03
289.55
289.86
290.27
289.97
289.99
290.2
290.36
289.82
291.36
291.39
291.15
290.62
291.34
291.42
291.49
291.13
290.92
290.14
290.59
291.52
291.15
290.22
290.8
290.72
290.98
290.65
291.08
291.36
291.27
291.16
291.49
292.34
291.92
291.1
291.4
290.32
291.32
291.58
291.93
291.96
292.01
291.1
291.74
291.55
291.48
292.23
292.5
292.66
293.18
292.88
292.25
291.88
293.5
293.37
291.66
291.93
292.21
292.74
292.92
292.94
293.44
293.11
293.68
293.94
294.1
293.39
293.3
293.77
293.65
294.64
294.82
295.48
296.29
296.43
297.49
297.49
297.89
298.29
298.22
298.19
298.29
297.9
297.79
296.77
299.13
300.23
299.98
298.48
300.45
300.57
300.75
300.7
300.42
301.22
300.12
299.86
300.99
301.63
301.91
302.22
301.68
301.86
302.35
301.84
301.03
301.28
302.01
302.09
302.59
302.26
302.2
302.8
302.46
303.55
303.87
304.51
303.18
304.41
304.06
305.07
304.8
304.72
304.73
305.02
306.25
305.85
305.9
306.28
307.63
307.81
307.88
308.49
308.58
307.78
307.85
308.09
308.29
307.66
307.36
308.88
307.7
308.04
307.91
307.34
307.59
307.25
308.18
307.3
307.55
306.54
306.52
306.86
306.46
306.82
308.1
307.02
307.11
307.14
306.69
307.65
307.2
308.08
307.67
308.2
308.04
308.37
308.57
307.87
308.29
308.27
308.69
308.7
308.55
309.3
308.85
309.5
310.35
310.37
310.51
310.36
310.72
310.88
311.35
311.07
309.9
311.18
312.41
311.66
312.59
313.11
312.94
312.17
312.8
312.99
313.38
313.53
313.02
314.04
313.95
313.46
313.26
313.49
314.05
313.75
313.33
313.83
313.51
313.94
314.19
314.27
313.81
314.42
314.31
315.16
315.3
315.03
314.18
315.85
316
315.76
315.16
315.56
314.95
315.81
315.35
314.72
314.84
314.87
315.32
313.69
314.65
315.08
314.52
315.39
315.02
314.89
314.18
313.38
313.91
314.35
314.38
314.61
314.92
314.41
313.63
314.03
314.23
314.5
314.65
314.7
314.1
314.23
313.9
314.74
315.2
315.11
315.16
314.25
314.29
314.89
314.17
315.41
315.8
314.39
316.48
315.48
314.4
315.16
314.78
314.84
315.13
316.02
316.44
316.16
314.41
315.09
314.4
316.18
315.13
315.99
316.19
316.65
316.55
315.95
317.64
317.03
317.63
317.58
317.26
318.39
318.38
317.54
317.71
318.35
318
317.23
318.17
318.1
318.11
319.01
317.4
318.49
317.08
316.68
316.26
318.17
317.94
317.75
316.29
317.03
316.63
317.48
317.74
317.4
317.26
317.85
317.26
317.08
318.14
317.87
317.64
318.05
317.36
316.68
316.8
317.02
318.34
317.41
317.14
317.41
316.84
317.54
317.33
318.51
317.61
317.45
317.68
316.27
316.61
316.82
316.8
317.49
317.58
317.36
316.7
317.34
317.66
318.46
317.98
317.72
317.4
318.02
317.12
317.85
317.5
317.16
317.27
317.26
317.48
317.69
317.12
317.67
316.99
318.1
317.4
317.48
317.79
317.26
317.26
318.43
317.39
317.53
317.28
317.34
318.37
318.13
318.07
317.14
317.21
316.94
316.71
317.97
318.31
318.1
317.45
317.25
318.63
316
316.85
316.81
317.11
316.74
315.42
315.6
315.31
316
316.83
316.17
316.1
315.94
315.7
316.2
315.28
315.37
315.6
314.98
314
315.36
315
315.07
314.69
314.68
314.8
314.77
314.54
314.01
314.24
314.58
315.28
315.19
315.42
316.17
315.93
313.88
314.04
315.03
315.1
315
316.24
314.4
315.42
314.85
315.93
315.82
315.68
314.75
314.84
314.47
315.17
313.9
314.38
314.96
314.29
313.44
313.66
313.5
313.01
314.03
312.79
313.84
313.25
313.44
313.42
312.86
314.26
313.36
312.84
312.94
313.74
313
313.33
313.08
313.44
312.23
313.47
313.48
313.55
313.85
313.37
313.16
313.14
312.09
311.7
312.14
311.57
311.77
311.97
312.03
311.63
311.72
311.49
312.09
311.87
311.79
310.6
311.83
311.64
311.2
311.24
310.7
311.71
311.44
312.08
311.9
312.06
311.22
310.86
310.95
311.29
311.62
311.11
311.03
310.76
310.53
310.39
311.43
310.98
310.78
311.66
311.48
311.31
311.14
310.94
310.54
310.93
311.39
311.31
311
310.43
310.85
309.89
310.54
310.43
309.73
310.54
310.33
310.16
309.79
309.21
309.01
309.7
309.82
309.26
309.15
309.38
309.75
309.22
308.09
308.31
308.3
307.84
307.14
308.66
308.99
307.8
307.55
306.82
307.56
307.44
307.68
308.54
307.65
307.74
308.17
307.74
308.12
307.3
307.37
308.32
308.07
307.76
307.36
307.66
308.12
307.84
307.26
308.11
308.03
307.4
308.02
307.69
307.74
307.87
307.83
307.52
307.85
307.14
306.75
306.72
306.21
306.48
305.81
305.78
306.23
306.93
307.54
305.54
304.66
306.16
305.48
307.38
306.82
305.19
306.28
306.53
305.47
305.42
305.7
305.93
305.38
305.46
305.16
305.03
305.5
304.61
304.61
304.5
304.8
303.85
304.08
304.41
304.93
305.04
304.5
304.47
303.11
303.42
303.83
303.75
303.31
304.09
304.7
304.33
304.31
304.32
303.91
303.28
303.75
303.12
302.93
301.87
302.15
302.02
301.46
302.22
303.01
301.6
302.05
301.46
301.45
302.25
301.22
300.73
301.29
301.41
300.45
301.12
299.81
299.38
299.18
299.44
299.48
298.91
300.17
299.65
299.71
299.27
299.3
299.6
300.95
299.65
299.01
299.09
299.74
298.02
298.52
298.84
298.73
298
298.25
298.89
298.89
297.64
299.12
298.43
298.69
298.12
297.93
298.43
297.98
298.44
297.44
297.38
298.01
297.5
297.88
297.44
298.29
298.06
298.3
297.98
298.39
298.86
298.76
298.23
298.43
297.91
297.92
297.77
298.34
298.86
297.47
297.44
297.15
298.51
298.71
297.86
297.95
297.86
297.71
298.17
298.58
298.35
299.63
299.1
299.27
298.56
299.41
299.19
299.25
299.23
299.48
299.34
299.83
299.77
298.95
299.5
300.16
300.3
299.49
299.27
299.99
299.99
299.48
299.39
299.32
298.94
298.78
299.4
298.17
299.32
299.44
298.92
299.19
299.48
298.51
299.23
298.2
299.2
298.57
298.34
298.98
298.86
298.51
298.58
298.69
297.8
297.73
298.36
297.24
297.41
297.34
296.58
296.68
296.71
297.4
297.02
297.57
296.34
297.71
296.82
296.49
296.66
296.72
296.74
297.22
296.73
296.32
296.01
295.51
296.2
297.28
296.29
297.2
297.29
297.63
296.65
295.77
296.44
296.05
296.29
296.86
296.65
296.41
295.54
296.14
296.59
296.16
296.56
296.47
296.91
296.62
296.82
296.02
295.86
295.63
296.22
296.53
295.83
296.13
296.86
296.73
297.35
296.46
297.18
295.88
296.04
296.85
296.8
296.65
296.65
297.1
297.8
298.05
298.29
298.43
299.19
298.58
297.85
299.47
299.73
299.94
299.31
298.9
299.36
299.57
300.08
299.68
300.77
299.13
299.39
299.91
300.24
300.01
300.99
300.07
300.93
300.85
300.88
301.33
301.32
300.97
301.1
302.2
301.83
302.27
302.16
302.2
301.7
302.97
301.88
302.28
302.63
301.96
302.71
302.45
302.15
302.31
302.39
302.53
302.49
304.59
301.97
302.73
302.26
301.94
302.5
302.22
302.16
301.77
302.64
301.95
301.77
302.9
303.75
303.31
302.73
303.03
303.61
303.84
304.18
304.36
304.3
304.73
303.96
305.14
305.45
306.38
305.31
305.3
307.53
307.26
307.41
306.91
306.52
306.78
307.13
307.14
308.05
307.65
307.15
307.59
307.75
307.72
308.18
307.74
307.57
308.26
308.41
308
308.37
309.68
309.61
309.08
309.86
309.42
308.84
308.52
309.38
309.25
309.53
309.12
309.67
309.66
309.1
309.16
308.28
308.88
309.43
309.66
310.11
307.8
308.43
309.25
310.04
309.78
310.67
309.57
309.07
309.03
309.91
309.55
310.26
309.39
309.53
310.19
309.91
309.94
310.85
310.62
310.27
311.48
311.43
311.97
312.77
312.87
312.73
313.67
314.36
315.11
314.83
315.89
315.21
315.18
315.53
315.25
316.64
315.96
316.07
316.11
316.61
317.68
315.78
316.82
316.29
315.29
315.93
315.1
315.32
315.85
316.29
315.6
315.62
315.61
315.6
315.39
316.47
316.68
315.79
316.06
314.89
315.66
315.11
315.08
315.54
315.7
315.99
315.41
314.77
316.09
315.73
315.11
315.7
315.37
314.83
316.3
317.81
316.8
316.99
316.28
316.66
316.92
317.03
317.74
317.2
317.16
317.63
317.66
319.38
319.78
317.99
318.86
319.44
320.12
319.94
320.09
320.13
318.5
319.53
320.71
320.52
320.97
320.28
320.61
320.35
320.84
321.1
320.97
321.02
321.49
320.94
321.15
320.98
320.85
321.2
321.47
321.55
321.7
321.9
321.5
321.25
320.93
320.75
322.11
321.72
322.74
322.74
322.39
322.44
321.6
322.07
321.85
322.85
321.76
322.69
322.16
322.36
323
322.72
323.06
322.68
323.74
323.22
322.52
322.66
323.84
323.71
322.5
322.92
323.07
323.77
323.05
323.3
323.63
324.09
324.3
323.5
324.27
323.53
324.8
325.79
325.29
322.72
323.57
323.89
323.73
323.71
324.08
323.57
323.51
325.24
324.29
323.88
323.44
323.66
323.83
324.23
324.44
322.91
323.74
324.2
324.61
324.75
324.43
323.81
325.38
325.02
325.49
324.81
323.87
324.66
324.21
323.66
324.2
325.07
324.54
324.68
324.2
323.73
324.35
322.84
324.38
324.32
324.18
324.93
324.98
324.85
324.36
323.95
325.06
324.98
324.32
324.63
324.52
325.18
325.69
325.42
325.71
325.65
325.69
325.28
325.01
324.98
324.87
325.18
325.07
325.97
325.26
325.49
324.59
325.06
324.99
324.5
325.26
325.81
325.72
326.24
325.44
325.6
326.22
325.56
324.26
324.07
323.78
323.85
323.96
324.59
324.26
323.79
323.99
323.47
323.19
323.49
322.92
323.4
323.65
323.76
323.97
324.31
324.22
323.83
324.04
324.23
323.24
323.81
324.05
323.36
323.47
324.36
323.7
322.79
322.77
322.68
322.23
322.81
323.04
323.04
322.85
322.23
323.24
323.78
322.88
322.7
322.99
322.75
323.27
322.93
322.74
323.49
322.45
322.02
322.57
322
322.28
322
322.07
323.11
323.05
322.32
321.15
322.39
322.33
321.71
322.72
321.42
322.57
322.28
322.52
322.46
321.76
322.08
321.55
321.31
321.66
323.09
322.23
321.36
320.79
320.07
321.14
321.1
320.82
321.03
320.83
321.41
320.92
320.67
320.43
320.64
320.15
320.41
319.75
320.29
319.8
320.4
320.14
320.51
320.34
319.9
319.78
319.76
320.14
319.29
320.2
318.75
318.86
318.91
318.42
318.53
318.91
319.58
319.11
319.34
318.8
318.55
318.33
319.07
317.89
317.77
317.51
316.79
316.89
317.99
317.5
317.79
317.95
317.35
317.97
317.19
317.5
317.37
317.26
316.88
316.86
316.66
316.75
316.99
316.73
316.35
316.13
316.16
316.09
315.56
315.16
315.32
315.71
315.02
315.13
315.92
315.85
315.29
314.2
314.83
314.99
314.48
314.34
315.25
314.66
313.87
313.74
312.82
312.38
312.21
312.6
312.49
312.51
313.27
312.61
311.52
311.49
310.87
311.42
311.22
311.23
311.66
312
311.6
311.01
310.44
310.9
311.67
311.14
310.73
311.98
311.94
311.9
311.44
310.96
310.44
311.25
311.79
311.37
310.49
310.75
311.09
310.32
310.81
310.32
309.88
310.27
310.08
308.87
309.57
309.52
308.9
309.03
310.67
309.04
308.56
306.22
304.29
303.68
302.45
301.78
302.09
301.73
302.05
302.34
302.19
301.26
302.29
302.84
302.34
302.82
303.05
302.53
302.24
301.3
302.23
302.01
302.09
302.48
302.17
303.91
302.28
302.01
302.06
302
302.14
302.19
302.15
300.62
302.33
302.29
301.27
301.48
301.48
301.24
302.46
302.34
301.64
301.5
302.65
302.33
301.33
301.83
301.46
300.97
300.96
302.33
301.69
301.43
301.38
302.06
301.33
301.69
301.81
302.87
302.23
301.06
301.57
301.59
302.21
301.91
301.9
301.51
301.73
302.2
301.82
301.94
302.2
302.3
302.23
302.05
302.53
301.48
301.15
301.54
301.85
301.98
302.34
301.97
301.45
301.62
301.15
301.29
302.47
301.85
302.32
302.02
302.55
301.42
300.52
301.13
301
301.22
301.81
300.87
300.88
301.41
301.7
302.06
302.03
301.58
301.09
301.35
301.09
301.67
302.37
302.03
301.26
301.78
302.98
301.91
302.02
301.86
302.17
302.23
301.48
302.32
302.18
302.08
302.05
299.95
302.17
302.61
302.46
301.92
302.43
302.84
301.58
302.56
303.51
303.38
302.42
302.32
302.3
301.91
302.49
302.71
302.71
303.56
302.69
302.89
302.1
302.1
302.63
302.72
302.77
303.35
302.73
303.02
303.16
302.76
302.89
303.23
303.51
303.95
303.95
304.84
304.45
304.73
304.67
304.75
304.5
304.65
304.74
303.16
304.42
305.09
304.45
304.31
304.46
304.14
304.19
304.06
304.47
304.57
304.42
305.02
304.6
304.4
304.96
304.42
304.44
304.8
304.4
304.05
304.37
303.66
303.7
304.78
304.47
304.51
304.75
305.17
304.91
305.39
304.79
304.61
305.05
304.54
303.82
304.3
304.56
304.38
304.82
305.19
304.86
304.87
305.94
304.94
305.22
304.78
303.98
304.56
304.1
304.08
305.07
304.8
305.34
305.42
305.08
303.27
305.1
304.38
305.21
305.13
305.79
304.69
306.36
305.88
304.39
303.47
305.19
305.56
304.81
304.92
305.35
305.7
305.23
304.85
305.63
305.9
305.6
305.21
306.1
304.78
305.46
305.8
305.21
305.02
304.04
304.61
305.55
305.45
306.03
305.36
305.52
305.61
305.16
304.36
305.24
304.93
305.93
304.79
305.5
305.58
304.91
305.9
305.3
306.56
306.82
306.99
307.47
306.37
307.83
307.03
306.41
306.5
307.86
306.85
307.59
307.45
307.31
306.67
306.44
307.71
307.57
307.41
307.85
307.68
307.73
308.62
308.28
308.75
309.33
308.78
309.27
309.98
310.93
310.99
311.16
311.29
311.38
311.82
311.82
311.13
311.32
311.1
310.5
311.82
311.76
311.25
311.33
311.7
311.06
311.46
311.52
311.46
310.28
310.48
311.68
311.44
311.27
310.56
311.3
311.49
311.48
311.21
311.28
311.91
311.39
311.33
311.54
311.52
311.39
310.26
310.77
311.83
310.53
311.85
311.47
312.56
312.22
311.82
311.15
311.75
311.59
311.75
312.16
311.17
311.61
311.79
311.92
312.7
311.78
311.44
311.55
311.35
311.07
311.78
311.6
310.89
311.57
312.05
312.23
312.13
311.89
311.71
312.01
311.72
310.77
311.1
311.25
311.1
310.6
311.49
311.16
311.49
312.25
311.57
311.2
311.43
311.69
311.96
310.9
311.86
311.97
311.99
311.92
311.62
312.01
311.36
311.89
311.64
311.02
311.19
311.52
312.5
312.55
311.89
312.19
312.57
311.92
311.58
312.11
311.56
311.75
311.62
311.93
311.76
311.69
312.04
311.9
311.39
312.49
313.36
313.27
313.43
314.25
313.31
312.97
313.13
312.88
312.74
313.77
314.56
314.98
316.01
315.98
316.63
315.87
316.1
316.57
316.25
316.29
315.7
317.11
317.35
317.02
317.61
317.81
316.15
317.26
317.39
317.31
317.49
317.09
317.54
317.32
317.34
317.29
316.89
316.52
316.62
317.12
316.86
316.34
316.34
316.47
318.14
317.15
316.66
316.61
316.76
316.55
316.63
317.48
317.61
316.98
317.88
316.12
315.89
317
317.74
317.16
318.23
318.11
317.46
317.97
317.55
317.99
317.79
317.19
317.26
317.53
317.86
318.26
318.1
318.77
317.11
317.68
318.34
317.9
318.19
318.52
318.84
316.98
318.03
318.11
317.31
317.23
317.31
318.22
318.14
318.22
318.55
317.91
317.44
318.17
318.27
318.08
318.31
318.85
318.5
318.39
317.91
317.67
317.21
318.58
317.79
318.07
318.13
317.98
318.88
318.61
318.09
318.23
318.36
318.96
319.16
318.34
318.59
318.74
318.94
318.71
320.04
318.4
318.67
318.22
319.21
318.49
318.88
319.17
319.59
319.84
319.74
319.64
319.53
319.48
319.86
319.37
319.87
319.05
319.51
319.25
319.23
319.3
319.26
319.5
320.29
319.46
319.82
319.01
319.83
319.13
320.2
319.5
319.99
319.9
318.96
319.25
319.6
319.01
319.26
318.1
319.27
318.52
319.24
319.31
319.86
319.82
319.75
319.82
319.61
319.25
320.43
319.26
318.99
320.07
320.03
319.68
320.09
320.47
320.18
320.55
320.97
320.4
320.34
320.34
320.93
320.99
321.09
321.35
321.15
320.51
320.4
321.26
321.08
321.1
320.34
320.7
320.7
320.67
320.7
321.51
320.65
320.74
320.96
320.43
320.84
321.28
320.47
320.32
318.71
319.24
319.18
318.8
319.8
319.78
318.77
318.78
319
319.27
319.07
317.95
317.95
319.03
318.3
319.37
319.04
319.12
318.56
317.8
319.84
319.2
319.08
318.89
319.17
318.58
319.48
318.44
318.93
318.74
318.99
317.6
317.91
319.21
318.67
318.83
319.24
319.58
319.27
319.02
319.2
318.8
318.75
318.69
318.8
318.32
319.42
318.72
318.83
317.77
317.49
316.43
318.28
317.6
318.23
317.46
317.95
318.18
317.53
317.55
318.82
317.68
317.2
317.33
317.6
317.38
317.83
317.18
317.55
317.8
318.89
316.99
317.71
317.21
316.58
315.93
316.84
317.55
317.49
317.26
317.44
317.26
316.78
317.38
316.62
316.33
316.24
316.41
316.16
318.61
317.82
318.38
317.35
318.06
316.28
317.46
316.63
316.69
315.93
315.81
315.93
315.87
314.94
315.65
315.55
315.57
314.94
315.1
314.61
314.32
314.65
315.04
314.07
314.13
315.25
314.06
314.86
314.87
315.33
313.85
314.55
313.43
314.97
314.4
314.54
314.31
314.01
313.8
313.71
314.11
315.19
313.47
314
314.13
314.44
314.46
314.76
314.42
314
314.38
314.95
314.72
314.61
314.64
314.37
314.91
314.58
314.29
314.19
314.64
315.01
314.08
313.77
313.44
313.25
313.04
312.8
312.57
312.56
312.68
312.72
312.93
313.25
312.44
312.73
311.99
311.88
312.9
312.73
312.58
312.61
313.41
313.19
313.8
312.2
312.08
312.29
312.63
312.47
312.38
312.45
312.22
311.7
312.2
312.64
312.94
313.51
312.99
311.96
311.95
311.08
311.83
312.51
312.18
311.55
312.07
311.31
310.7
311.4
310.17
310.45
309.07
308.79
309.31
309.77
309.04
308.64
307.04
306.24
305.59
305.11
304.73
304.8
304.76
304.78
304.58
303.88
304.88
304.44
304.04
303.57
304.12
303.99
305.16
304.53
303.66
303.43
303.33
303.91
303.69
304.56
304.21
305.01
303.37
302.62
303.22
303.57
303.96
303.99
303.54
304.52
303.64
303.4
304.21
303
302.93
304.28
303.21
303.68
303.93
303.3
303.9
303.92
303.25
303.76
304.1
303.83
304.53
306.26
305.35
306.33
305.73
305.55
305.25
306.75
306.05
306.24
306.26
305.72
306.57
306.34
305.33
305.3
305.8
306.56
305.43
305.21
305.41
304.86
305.83
306.07
305.13
305.42
305.28
305.7
305.8
306.09
306.02
305.51
305.44
305.58
305.64
304.78
305.97
305.34
305.64
305.64
305.5
304.34
304.98
305.46
305.23
304.75
305.08
306.04
305.66
305.02
305.1
305.27
305.1
305.06
305.43
304.48
304.85
304.38
304.67
303.62
303.69
302.76
304.07
303.92
302.79
302.12
302.14
301.69
301.89
302.11
301.46
302.24
302.5
302.13
301.85
301.9
301.63
302.25
302.86
301.7
301.63
301.71
301.82
301.8
302.13
301.75
301.2
300.92
301.38
301.53
300.8
301.9
301.6
300.87
302.07
301.31
301.71
302.17
301.67
302.73
301.31
300.94
301.14
300.76
300.29
301.42
302
300.78
300.42
301.27
301.78
301.76
301.79
301.68
302.15
301.68
302.03
302.04
302.35
301.39
301.53
301.22
300.59
301.61
301.51
301.87
301.36
302.13
301.56
302.06
302.12
300.28
301.02
301.67
301.49
301.54
301.87
302.84
301.76
301.66
300.79
300.94
301.56
301.08
301.68
302.21
302.42
302
302.37
302.29
301.98
302.56
302.98
303.43
303.26
303.32
303.34
303.28
302.98
302.57
303.66
303.73
304.22
304.05
303.35
303.67
304.4
303.88
304.25
304.31
304.31
304.67
304.44
304.01
304.29
304.47
304.38
304.4
304.26
304.9
304.52
303.61
303.84
304.84
304.9
304.58
304.68
304.06
303.98
302.8
304.02
304.38
304.61
304.88
304.49
304.46
304.31
304.13
304.34
304.19
304.13
304.28
304.67
304.33
305.05
305.26
304.67
304.52
303.64
304.54
304.51
304.34
303.93
305.26
304.61
304.52
304.6
304.64
304.76
304.62
305.44
304.86
305.64
306.17
306.14
305.99
306.56
305.47
306.05
307.31
306.66
306.8
306.9
306.79
305.85
306.91
307.09
306.58
307.2
308
307.26
306.85
306.8
307.05
307.23
307.7
308.33
307.63
307.55
307.68
308.53
307.69
309.08
309.35
308.61
309.27
308.44
308.77
308.97
310.49
309.69
309.96
310.81
309.83
310.34
310.2
310.71
310.04
311.49
311.83
311.51
311.73
310.79
311.37
311.03
310.53
310.53
310.36
310.36
310.3
310.72
310.5
310.04
310.63
311.26
311.28
311.15
310.92
310.59
310.34
310.55
311.84
310.56
310.89
310.87
310.73
310.42
311.16
311.25
310.75
309.85
310.15
310.96
310.79
311.3
310.91
310.36
310.11
310.73
311.87
311.61
311.8
312.93
312.57
313.05
312.03
311.27
311.39
312.46
312.63
314.08
314.32
315.12
315.44
315.75
315.93
316.05
315.94
315.31
315.82
315.38
316.22
315.91
316.23
316.59
316.46
316.4
316.39
317.48
317.64
317.25
316.27
317.31
315.7
316.68
316.88
317.03
316.81
317.75
317.98
316.85
316.99
317.64
317.82
317.39
318.07
317.8
318.02
317.45
317.78
317.75
316.72
317.2
317.2
317.02
316.52
317.74
318.05
318.71
317.36
316.78
317.69
316.72
317.99
318.1
317.69
317.52
317.15
317.67
317.59
317.92
317.94
318.18
317.16
316.96
318.01
317.12
317.95
317.99
318.42
318.13
317.14
317.79
319.04
318.32
319.02
319.4
319.18
319.98
319.79
319.98
321.1
321.29
322.51
323.47
323.62
322.51
322.31
323.92
324.15
324.65
324.01
323.5
324.53
325.91
325.05
324.45
324.17
324.18
324.18
323.49
323.3
323.11
322.67
324.2
323.82
323.39
323.89
323.05
324.61
324.32
323.31
323.11
323.23
324.12
323.21
323.47
323.73
323.48
323.46
324
323.2
324.07
323.3
323.73
323.57
322.73
323.26
322.55
323.48
323.48
323.71
323.3
323.78
324.49
324.1
323.48
323.48
322.84
323.31
323
323.62
324.03
323.96
324.4
324.52
323.8
323.92
323.89
324.25
324.04
323.19
323.74
322.76
322.74
321.41
322.6
322.58
322.6
322.93
322.58
321.02
321.66
322.83
321.57
322.36
320.82
321.61
322.93
322.07
322.08
322.93
322.1
322.07
322.42
322.48
322.45
322.66
323.05
323.88
322.8
322.99
322.59
321.98
321.5
322.62
322.01
323.18
322.11
321.78
321.98
322.26
322.5
322.33
322.62
321.71
322.8
322.65
322.75
322.76
321.85
323.5
321.22
321.42
322.05
322.59
322.37
322.75
323.27
322.83
323.05
322.4
322.17
322.34
322.62
321.53
322.17
321.19
320.41
320.41
320.16
321.11
320.81
320.41
319.92
320.33
320.73
320.43
320.99
321.02
320.28
319.44
319.63
319.63
319.93
320.42
320.68
320.3
320.28
320.85
319.79
319.79
320.09
320.09
319.6
319.7
320.22
320.88
321.7
319.29
319.86
319.05
320.17
320.7
320.5
319.69
320.41
321.38
320.09
318.94
319.13
319.65
320.25
319.04
318.35
318.59
318.26
317.73
317.96
319.54
318.15
317.51
317.46
317.44
318.45
318.4
319.6
318.24
317.84
317.3
318.36
317.78
317.78
318.28
318.28
317.66
318.45
318.76
317.71
318.24
317.73
318.19
318.35
318.2
317.75
317.6
316.8
317.6
317.41
317.75
317.77
317.99
317.22
317.22
317.11
317.11
316.36
316.64
316.11
316.52
316.84
317.02
317.3
316.49
316.46
315.8
316.06
315.24
314.12
314.12
313.19
313.19
311.3
311.28
311.49
310.59
312.25
311.05
310.92
310.38
310.01
309.74
310.78
310.99
310.99
310.39
310.39
311.03
310.68
311.08
310.75
310.63
310.28
310.42
310.42
310.08
310.16
310.71
310.27
309.95
309.35
309.75
310.46
310.33
310.07
310.53
311.55
311.55
310.37
310.37
311.01
311.07
310.69
310.4
311.26
311.17
310.47
310.36
310.36
310.22
310.22
310.22
311.08
311.82
311.13
311.61
312.09
310.9
310.61
310.14
310.14
310.12
310.12
311.38
311.45
310.34
310.94
310.51
310.59
310.75
311.06
310.74
311.12
311.87
310.61
310.16
308.98
308.98
308
307.23
307.5
307.79
307.79
304.57
301.6
301.6
300.42
300.42
300.48
299.37
299.73
299.55
299.81
299.85
299.35
299.3
299.11
299.18
299.49
299.82
300.23
299.72
300.33
299.8
299.8
299.69
299.74
299.44
299.03
299.86
299.86
300.33
300.69
299.92
299.6
300.31
300.33
300.81
301.86
302.49
302.63
303.08
303.08
303.72
303.17
303.93
304.42
304.12
304.48
304.32
303.15
304.38
305.19
305.19
304.18
304.6
304.96
304.32
304.97
304.53
304.57
303.78
303.78
304.74
304.41
305.46
304.89
304.86
303.79
304.8
304.68
304.58
304.35
305.03
304.88
305.58
305.16
305.25
304.56
305.21
304.85
305.09
305.3
303.97
304.81
305.18
305.39
303.82
304.18
304.82
304.33
304.21
304.8
304.77
304.11
304.85
305.9
304.67
305.18
303.11
304.41
304.44
304.2
305.65
304.79
305.51
304.38
304.8
305.08
305.14
304.13
304.53
304.5
303.9
304.31
303.96
304.79
303.89
305.03
304.27
304.32
303.72
304.49
304.2
303.95
304.26
303.1
303.96
303.57
304.67
304.95
304.38
304.53
304.37
303.69
303.31
303.78
304.13
304.2
304.68
303.97
304.32
303.94
303.57
303.62
304.5
304.38
304.13
303.89
303.34
305.31
304.98
304.73
304.17
303.93
303.25
304.41
304.39
304.79
304.18
304.54
304.54
303.98
303.84
304.03
304.28
303.89
303.93
304.65
305.48
304.66
304.37
304.81
304.87
305.26
304.24
304.83
304.77
304.57
304.89
305.12
304.12
304.51
304.39
303.05
305.42
304.67
305.46
305.43
306.14
306.37
306.32
305.93
306.2
306.22
306.13
306.11
306.74
306.11
306.78
306.53
307.35
307.99
307.62
307.04
308.1
306.72
306.4
308.61
307.78
307.37
309.76
308.36
309.92
308.51
308.81
309.11
309.34
309.57
308.94
310.09
310.94
309.51
309.05
308.73
309.08
308.71
309.43
310.45
309.24
309.61
309.11
309.44
310.41
310.65
310.52
310.22
310.09
309.35
309.38
309.33
309.57
310.49
310.87
311.11
311.52
311.44