310.77
311.59
311.94
311.49
311.74
311.95
311.51
311.48
312.08
312.14
311.52
311.23
311.22
312.32
312.62
312.31
311.69
311.4
311.15
310.45
311.18
312.02
311.65
310.67
311.65
311.05
310.84
310.27
310.51
311.26
311.69
311.84
311.73
311.73
312.3
312.3
312.18
311.39
311.51
311.56
311.09
310.71
311.82
311.25
311.8
311.54
311.78
312.14
311.96
311.36
311.16
311.46
311.71
311
311.79
311.03
310.56
311.39
311.25
311.88
311.51
312.05
312.25
312.66
311.69
311.87
311.84
311.87
311.51
310.81
311.84
311.24
312.11
311.79
311.22
311.39
311.78
312.13
311.42
311.67
311.53
311.4
310.72
311.9
311.68
311.05
310.87
310.75
312.22
311.92
310.98
311.01
311.38
311.38
311.31
311.57
311.57
311.12
311.44
312.6
311.8
312.13
311.72
311.96
310.72
311.5
310.64
310.85
310.75
311.55
310.75
310.11
311.5
310.88
311.5
310.96
311.74
311.29
311.22
311.21
311.38
311.65
311.7
312.22
311.66
312.62
311.7
311.46
311.18
311.25
311.94
311.09
311.55
310.79
311.29
311.7
311.33
310.97
311.05
310.84
310.23
310.74
311.39
311.48
311.52
310.98
311.25
311.31
310.95
311.01
312.75
311.78
311.2
310.54
311.72
311.33
310.74
311.57
311.55
311.29
311.17
310.64
310.32
310.66
310.77
310.49
311.07
310.49
309.74
309.82
310.51
311.35
309.84
310.33
310.01
310.47
310.36
310.14
309.95
310.12
311.22
310.82
309.88
309.92
309.26
310.14
310.27
310.21
311.12
311.35
310.9
311.04
310.56
309.79
309.28
309.81
310.86
310.82
310.79
310.18
310.47
310.41
309.73
309.24
309.33
309.45
309.71
310.04
310.7
310.01
310.15
309.82
309.69
309.86
310.21
310.21
310.93
310.25
310.29
309.82
310.47
309.97
309.45
309.08
309.32
310.14
310.3
310.25
309.73
310.52
309.83
310.39
310.25
310.11
310.01
310
310.88
311.09
310.16
309.67
310.51
310.74
310.14
310.68
310.27
310.22
310.18
309.9
310.31
310.58
310.69
310.27
310.38
310.27
309.96
311.1
310.01
310.53
310.71
309.35
310.05
309.48
309.7
310.1
310.55
310.53
310.02
309.72
310.1
309.82
310.14
309.19
309.48
310.09
310.49
310.3
309.82
309.26
309.52
309.19
309.52
308.96
307.88
307.86
308.77
308.22
309.39
308.68
309.01
307.93
308.87
308.37
308.02
308.94
308.27
308.5
308.25
307.96
308.44
308.14
307.87
307.75
308.16
308.74
308.68
308.39
309.05
308.66
307.97
307.29
308.01
307.77
307.55
307.43
308.1
308.64
308.68
309.32
309.18
308.76
308.51
308.31
308.43
308.22
308.39
307.78
308.24
308.35
309.28
309.19
308.21
309.19
309.18
308.9
308.85
308.76
309.08
309.33
308.14
309.8
309.34
309.39
309.73
307.41
309.01
308.98
307.93
307.45
308.98
308.43
308.42
309.19
308.26
308.94
308.77
309.48
309.62
309.49
309.42
310.1
310.37
308.86
309.16
309.33
310.08
309.91
309.91
309.45
308.81
309.12
310.05
309.59
310.58
309.52
310.29
309.57
309.29
309.9
309.97
310.27
309.48
309.13
310.01
309.83
309.64
310.89
310.87
310.29
310.38
310.44
311.02
310.14
309.19
309.75
309.87
310.14
310.15
310.79
310.92
310.8
310.59
309.91
310.05
311.11
311.02
310.79
309.41
310.45
310.55
311.79
310.87
310.12
310.79
310.48
310.79
310.48
310.74
311.7
310.94
311.07
311.59
311.19
310.72
310.82
310.88
311.55
310.65
310.67
309.8
310.75
311.17
311.24
311.24
310.66
311.48
311.76
311.31
309.83
311.42
311.26
311.55
311.5
311.91
311.2
311.58
311.1
311.51
311.77
311.62
311.14
311.8
311.23
310.92
310.29
311.11
310.39
311
310.88
311.02
310.31
310.61
311.05
310.9
311.13
310.96
311.3
310.43
311.1
310.49
310.84
310.74
310.98
311.22
311.4
311.36
310.54
310.28
310.63
310.56
310.63
309.85
310.77
310.82
309.69
310.27
311.65
309.44
311.23
309.95
310.84
310.21
309.57
309.98
311.52
310.7
309.93
309.91
310.42
309.92
310.81
311.57
310.73
310.4
310.78
311.1
310.81
310.34
311.62
310.64
311.77
310.15
311.16
310.92
310.21
310.89
309.99
310.86
309.03
310.46
310.26
310.63
311.18
310.19
311.64
310.88
310.5
310.8
311.18
310.48
311.43
310.74
311.21
311.22
311.15
310.95
310.78
311.03
310.53
310.63
310.17
310.41
310.78
309.24
309.53
308.95
308.49
308.82
309.41
308.99
309.32
308.75
307.44
309.16
309.52
308.88
308.12
307.71
307.38
307.81
307.62
308.31
307.38
307.26
308.32
308.68
307.89
307.96
308.07
308.31
307.28
308.09
307.7
308.09
308.15
308.37
308.41
308.56
308.17
308.22
307.72
308.31
308.38
307.65
308.27
307.94
308.52
308.88
308.04
307.94
307.75
307.58
307.61
307.84
307.36
308.71
308.12
307.83
307.47
307.94
307.52
308.05
308.38
308.32
308.64
307.69
307.96
308.15
308.3
308.35
307.03
307.81
308.01
307.42
307.47
308.74
308.5
307.73
309
308.45
308.9
308.14
308.36
308.09
308.34
307.32
307.96
307.45
307.69
308.32
308.1
309.01
307.96
307.62
308.53
308.27
307.61
308.17
307.52
307.26
308.12
307.77
308.23
309.36
308.49
308.49
308.52
308.43
308.31
308.52
308.48
307.85
307.81
307.77
307.68
308.47
308.68
309.46
308.95
309.47
308.55
308.47
307.32
307.59
307.58
307.38
306.38
306.95
307.15
306.92
306.63
307.46
307.39
307.14
307.11
307.1
307.06
305.84
306.08
305.36
306.76
305.7
305.64
305.83
305.71
304.61
304.5
304.83
305.52
304.61
304.49
304.96
305.17
305.61
305.38
305.04
305.95
305.37
304.85
304.95
304.11
304.83
304.56
305.19
306
305.36
304.71
303.97
304.31
304.49
304.4
304.73
304.88
304.79
305.51
304.47
304.96
305.24
305.66
305.93
304.74
305.73
305.99
305.41
305.11
304.26
304.55
305
304.15
305.25
305.08
305.03
304.88
304.91
305.42
305.48
305.59
305.49
306.26
306.32
305.04
305.68
304.99
305.41
305.26
305.13
304.97
305.41
305.6
305.52
305.54
305.13
304.36
304.05
305.38
305.02
304.55
305.69
305.57
305.52
305.34
305.77
306.25
306.04
306
305.79
305.03
304.6
304.79
304.95
305.35
305.25
305.3
305.61
305.12
305.75
305.6
305.72
305.39
304.73
304.72
304.37
305.42
305.88
305.11
305.2
305.79
304.43
305.98
305.26
305.18
304.99
304.57
305
304.98
305.33
305.11
305.56
305.29
306.38
306.04
305.15
305.44
305.19
305.05
305.24
304.28
305.58
305.53
304.67
306.01
306.42
306.12
306.43
304.9
304.67
305.31
305.91
305.61
305.5
305.74
305.17
304.46
304.52
304.48
305.02
306.04
305.3
305.18
305.4
305.07
305.46
304.4
304.64
305.31
304.27
305.08
304.61
305.15
304.5
304.98
305.34
305.66
304.95
305.33
305.45
305.04
304.87
304.45
305
305.38
305.94
305.56
304.92
305.05
304.19
304.43
304.14
305.22
305.67
305.48
305.34
305.16
305
305.73
305.02
304.77
305.84
305.62
305.55
305.05
305.79
305.7
305.05
304.98
304.9
306.11
306.14
304.86
304.14
305.11
305.57
305.94
305.34
304.77
304.79
304.94
304.58
305.14
305.19
304.52
304.4
304.47
305.51
303.7
304.19
304.85
305.05
304.08
304.34
304.18
304.51
303.75
304.2
303.48
304.09
305.23
305.03
304.51
303.98
304.89
304.96
303.15
304.15
304.17
303.65
304.52
303.92
304.11
303.83
304.02
304.67
304.72
303.94
304.16
304.53
303.7
304.21
303.69
304.21
304.35
303.67
303.8
305.91
303.99
304.73
304.77
303.7
305.45
303.74
304.26
303.41
304.14
304.66
304.8
304.49
304.19
304.49
304.56
304.21
303.56
303.97
303.51
304.02
303.11
303.24
303.69
304.83
304.81
303.98
304.23
304.21
303.88
303.82
303.93
303.87
304.43
304.22
304.09
303.53
304.74
305.63
305.42
305.39
304.62
303.9
304.56
304.81
304.33
304.78
304.33
304.05
305.74
305.73
305.07
304.15
303.94
304.65
304.45
304.11
304.11
304.98
305.37
304.81
305.03
304.57
305.21
304.01
304.77
305.17
304.89
304.29
302.99
305.14
305.03
303.66
304.53
304.18
303.68
304.06
305.03
305.25
304.9
305.01
305.42
304.23
304.41
304.08
304.04
304.12
304.73
304.22
304.13
305.14
304.98
305.04
303.13
304.33
305.41
305.09
304.02
304.25
304.88
304.49
303.57
304.54
304.68
305.01
304.31
304.68
304.76
304.72
304.98
304.4
304.17
303.63
304.02
304.63
305.26
304.84
303.56
303.66
305.1
304.37
304.89
305.61
304.75
306.01
306.07
305.64
306.39
306.09
306.73
308.02
307.16
306.93
306.92
307.12
305.94
305.4
306.84
306.97
307.44
306.83
306.2
306.91
305.57
305.73
306.4
306.35
306.45
306.92
306.87
305.76
306.28
306.13
305.84
306.62
306.38
306.54
306.74
306.76
306.22
306.16
306.48
305.89
305.93
305.73
305.71
305.39
305.9
306.22
305.23
305.88
306.11
305.47
305.99
305.51
305.3
306.09
306.55
306.04
306.33
306.15
305.79
306.29
305.75
306.2
305.99
306.34
305.65
306.37
306.47
306.24
305.97
305.73
305.73
305.76
305.84
306.5
305.86
305.98
305.96
305.69
306.13
306.61
306.89
306.71
306.57
305.58
306.37
305.95
305.77
306.13
306.83
306.79
305.9
305.62
306.05
306.18
305.8
306.35
306.32
306.65
307.14
306.16
306.37
306.56
306.1
306.32
306.32
306.3
305.83
306.32
306.05
306.68
305.46
306.01
306.65
305.13
305.47
305.3
305.72
306.09
305.89
306.5
307.01
307.39
306.01
307.38
306.58
306.27
306.93
306.29
306.52
305.72
306.91
306.81
305.88
306.66
306.36
307.37
305.81
305.47
305.66
306.37
306.7
306.33
306.92
305.6
306.22
305.7
305.85
305.43
305.25
306.51
306.28
305.98
305.45
305.92
306.62
305.07
305.46
304.84
304.56
305.34
305.22
305.59
305.48
305.62
306.09
304.9
303.92
305.73
305.01
303.9
305.38
304.85
305.54
304.76
306.13
306.15
305.45
305.52
305.24
305.76
304.97
306.09
305.82
306.34
306.65
306.73
306.96
305.66
306.96
307.11
306.78
306.6
306.4
305.66
306.26
305.95
306.55
306.46
305.7
306.64
306.55
306.81
306.48
305.6
306.27
307.43
306.75
306.23
305.95
306.53
307.77
306.3
305.64
306.38
306.47
306.19
307.49
307.09
307.85
307.6
308.39
307.64
308.96
308.47
309.4
308.93
309.89
311
311.03
312.05
311.85
311.85
312.28
312.34
311.64
313.19
314.18
313.72
313.28
313.28
313.52
313.09
312.22
312.8
313.19
312.5
313.5
313.68
313.35
313.11
313.31
314.03
313.83
313.39
313.66
312.15
313.48
313.7
314.16
313.44
314.45
313.78
313.76
313.39
313.23
313.62
312.58
313.92
313.4
313.41
314.83
313.63
313.38
314.01
313.02
312.63
311.91
313.03
312.85
312.96
314.07
314.07
313.9
313.79
312.88
312.75
313.25
313.51
312.6
312.01
311.38
311.57
311.57
311.91
311.99
311.83
311.31
311.01
311.97
311.34
311.2
311.32
311.69
311.75
311.39
311.78
310.68
311.72
312.08
311.95
311.13
311.26
311.35
312.02
311.41
310.93
311.27
311.93
312.26
311.69
312.23
310.98
311.81
312.41
312.59
312.11
311.76
312.16
312.31
312.36
311.22
312.24
311.91
311.85
310.89
311.36
311.23
311.11
311.32
312.34
312.5
311.53
311.27
312.5
312.07
312.22
311.6
311.37
311.84
311.14
311.25
310.76
311.72
311.24
311.84
311.2
311.42
311.36
311.18
311.46
311.04
311.24
311.96
311.98
311.52
311.79
311.27
311.35
311.58
311.18
311.76
311.79
312.04
311.87
311.75
311.51
311.16
311.28
310.79
311.24
311.88
311.96
311.83
311.84
312.66
312.61
311.99
311.7
311.74
310.84
311.71
311.52
311.33
311.96
311.8
311.85
311.28
311.38
312.24
311.62
311.47
312.17
311.02
311.65
311.83
311.67
312.12
312.22
311.49
311.45
311.94
311.84
311.5
311.74
311.17
311.17
311.58
311.68
310.76
310.83
311
310.76
310.66
311.03
310.53
312.06
311.16
310.6
310.22
311.26
310.01
310.62
310.42
310.51
310.42
310.31
312.03
310.26
309.36
309.88
308.77
308.71
308.47
308.8
308.07
308.5
307.84
307.22
306.82
306.66
306.01
305.04
305.43
305.04
306
305.79
304.56
305.12
303.66
304.52
304.05
303.21
304.92
304.48
302.88
303.66
304.24
304.7
304.7
304.38
304.86
304.36
303.83
303.98
303.58
303.79
303.52
303.86
303.97
304.24
303.21
304.54
304.38
304.66
305.29
303.68
304.21
303.8
303.46
303.69
303.75
303.41
303.97
303.44
304.02
304.22
304.43
303.15
303.56
304.14
303.66
303.9
303.59
303.91
303.76
304.18
304.28
304.03
304.96
303.19
304.2
303.98
304.31
303.71
304.28
304.49
305.29
304.26
305
306.03
305.63
305.87
306.11
305.45
305.55
305.6
305.08
304.43
303.95
304.39
304.05
304.62
305.63
304.82
304.92
305.11
304.79
304.04
304.73
304.8
305.04
305.03
304.77
304.1
304.29
304.82
305.44
305.23
305.05
304.39
304.01
304.82
305.57
304.97
305.14
305.59
304.78
304.55
304.44
304.88
304.37
304.95
305.01
304.95
305.4
304.61
304.1
304.04
304.78
305.29
303.61
303.17
304.95
304.56
304.42
303.95
304.26
303.7
303.68
303.6
303.47
303.58
304.23
304.64
303.82
303.71
303.45
303.88
304.14
303
302.44
304
303.95
302.61
303.59
303.77
304.72
304.59
304.19
303.78
303.95
303.63
303.46
303.91
303.91
304.2
303.45
303
303.89
303.09
303.79
303.86
303.62
303.1
302.99
303.22
302.92
303.8
303.8
304
304.04
304.05
304.01
304.94
303.72
303.93
303.62
302.96
303.01
303.45
304.08
304.86
304.23
303.66
303.19
303.89
303.83
305.42
304.11
303.62
303.22
303.36
304.02
303.9
304.12
304.27
304.23
303.47
303.66
303.63
303.36
303.73
303.7
303.89
303.74
303.81
303.78
303.53
303.24
304.28
303.43
304.31
304.23
303.82
303.8
303.84
302.79
303.12
303.41
302.65
303.41
303.16
304.15
304.59
303.99
303.48
303.25
303.77
303.63
303.76
303.69
303.29
304.99
303.84
304.26
303.53
303.14
302.13
302.21
302.49
303.65
303.9
304.07
303.78
302.64
302.91
302.22
303.02
302.43
302.39
303.62
303.06
303.08
303.36
303.12
304.01
304.49
304.81
303.85
303.43
304.17
304.5
303.98
303.08
303.29
303.46
302.75
303.27
304.31
303.4
303.55
303.86
303.46
303.44
303.18
303.11
303.1
304.02
303.2
303.7
303.65
302.77
303.37
303.5
303.18
303.63
303.12
303.41
303.71
304.49
303.36
304.64
304.71
303.55
304.19
302.99
303.43
303.7
303.64
303.65
302.87
303.43
303.6
303.57
302.88
303.74
303.88
304.21
302.28
303.58
303.56
303.89
303.88
304.39
304.61
303.82
304.06
303.48
303.85
303.77
302.34
302.59
303.54
302.69
303.27
304.39
304.97
305.28
303.92
304.86
305.01
305.93
306.41
306.9
307.01
306.83
306.79
307.85
308.67
309.66
310.18
309.67
309.66
309.55
309.59
309.27
309.89
309.99
309.72
308.81
309.61
309.62
309.83
309.55
311.04
309.88
309.87
309.75
309.64
310.29
310.34
310.65
309.96
309.95
310.34
310.34
309.76
309.89
309.93
310
310.14
308.9
309.03
309.8
310.52
308.76
309.64
309.68
310.51
310.47
309.47
309.44
309.04
308.7
308.97
309.67
309.73
309.03
309.55
310.1
309.74
309.64
310.2
309.63
310.06
310.7
310.29
310.46
309.42
309.43
308.8
309.66
309.77
310.2
310.09
308.94
310.21
310.1
310.41
310.19
309.4
309.45
309.36
309.61
309.46
309.19
309.99
310.12
309.45
310.09
309.33
309.98
310.09
308.92
309.99
310.07
309.69
309.24
309.28
310.14
309.37
309.44
309.82
309.51
310.02
309.89
308.89
309.5
309.6
309.84
309.5
309.24
310.39
309.85
309.71
309.79
310.98
309.57
309.09
309.22
309.64
310.31
310.1
311.81
311.55
311.9
312.51
311.51
312.29
312.18
312.56
313.27
313.8
314.6
314.73
314.17
313.87
315.18
316.06
315.3
315.02
315.79
315.17
315.25
315.46
314.9
313.81
314.4
315.48
314.15
314.5
314.53
315.51
316.28
315.73
315.2
315.32
315.11
314.21
314.83
314.66
314.69
315.58
315.77
314.8
314.5
314.47
314.63
314.41
313.98
314.21
313.86
315.04
314.96
315
314.25
314.65
314.81
313.78
314.22
313.9
312.65
311.76
312.57
313.24
312.69
313.37
312.66
313.42
312.96
312.76
312.09
312.77
313.06
312.24
314.38
312.74
312.29
312.23
312.56
312.3
312.28
312.24
312.66
311.96
312.53
312.01
312.18
312.1
312.37
312.86
312.64
312.35
313.21
312.91
313.19
313.27
312.58
313.5
312.6
312.72
313.51
313.23
313.61
313.56
313.42
312.95
313.18
312.63
312.44
312.83
312.54
312.62
313.38
313.12
313.51
313.48
312.81
313.15
312.2
312.41
313.56
314.2
313.96
314.04
313.94
313.56
313.86
313.34
313.88
313.31
313.03
313.45
312.64
312.89
313.07
313.27
312.76
312.38
312.44
312.68
313.03
313.02
313.1
313.31
312.62
312.65
312.27
312.18
312.02
312.94
312.98
312.59
312.27
312.47
313.1
313.12
312.7
313.09
312.49
312.54
312.46
312.15
311.11
312.12
312.79
312.92
312.25
312.24
312.77
311.66
312.65
312.8
312.82
312.75
312.6
311.48
311.48
311.85
310.87
311.7
311.85
311.64
311.58
312.85
312.72
312.54
312.18
311.64
312.24
313.04
312.66
312.22
312.08
311.74
311.81
312.23
311.98
311.35
312.25
311.79
312.12
311.81
312.05
313.14
312.57
312.37
313.94
312.7
311.82
310.19
312.25
311.42
311.31
312.43
312.33
312.99
312.51
312.77
311.86
312.39
311.08
311.8
311.56
311.32
311.68
312.45
311.76
311.81
312.44
312.66
312.58
311.79
311.22
311.48
311.22
311.88
312.99
311.92
312.13
311.42
311.96
312.19
310.47
311.04
311.1
311.75
310.99
310.42
311.14
310.85
310.06
311.12
310.71
310.51
309.84
310.12
310.73
310.4
308.92
310.49
308.99
309.97
309.74
310
310.04
308.18
308.81
309.01
309.11
308.06
308.44
308.32
308.69
309.16
308.2
308.42
307.89
308.94
308.9
308.61
308.69
308.94
308.75
308.74
309.09
309.24
308.72
309.48
309.26
308.47
309
309.31
309.12
308.94
307.48
308.83
308.78
308.31
308.19
308.86
307.88
307.82
307.88
308.23
308.12
306.86
307.84
307.94
307.62
307.09
306.66
307.46
307.74
307.42
307.96
307.61
307.15
305.86
307.35
307.88
307.84
307.95
307.71
307.32
306.9
307.01
307.09
306.67
306.76
306.5
307.29
307.63
306.39
307.59
306.94
306.51
307.38
307.29
307.52
307.82
307.67
306.45
307.06
307.39
307.05
306.24
305.96
307.31
307.74
307.09
307.33
307.5
306.1
306.15
306.4
306.88
306.48
306.79
306.97
306.96
306.6
306.56
305.94
305.97
305.48
305.77
306.2
305.77
306.73
306.29
305.89
305.98
305.58
305.38
305.31
305.16
305.41
305.64
306.1
306.06
305.6
305.68
305.31
305.8
305.54
304.94
305.21
305.4
305.05
305.09
304.27
303.85
303.73
304.13
303.64
303.56
304.28
304.29
304.29
303.57
303.44
303.55
303.13
303.15
303.19
303.57
302.98
302.47
301.86
301.88
302
302.21
300.91
301.29
302
302.36
302
301.86
302.64
301.17
302.04
301.6
302.17
302.12
301.88
301.21
302.38
302
302.14
301.73
301.92
301.92
301.76
302.37
301.18
301.83
301.65
301.46
302.44
302.35
300.71
301.51
301.83
301.13
301.28
301.98
301.53
301.55
301.71
301.3
301.59
301.54
301.81
301.83
300.78
300.73
301.15
301.67
301.71
301.48
302.15
300.71
302.28
301.73
301.74
301.78
301.11
300.54
301.43
301.79
301.32
301.3
301.12
301.29
301.13
301.5
300.5
300.69
301.69
301.69
301.69
301
301.33
300.8
300.92
300.92
301.6
301.71
301.61
300.42
300.42
300.55
300.91
300.92
300.51
300.58
301.21
301.72
301.46
301.39
301.42
301.14
299.96
301.11
301.43
301.24
300.92
301.75
301.67
300.43
300.62
300.87
300.38
300.6
300.09
300.65
300.86
300.52
300.67
300.42
301.67
301.93
300.63
300.97
300.5
299.96
299.84
300.86
300.17
300.6
300.63
299.64
300.68
300.46
300.3
300.42
300.75
301
300.89
301.19
300.03
299.98
300.23
300.25
300.16
300.38
300.91
300.78
300.81
300.48
300.24
302
301.5
301.3
302.24
301.75
302.26
302.34
301.9
302.15
302.32
303.14
303
302.27
302.27
302.02
302.41
302.23
301.14
302.19
302.19
302.58
302.31
301.56
302.17
302.4
302.53
303.25
303.64
303.48
303.18
302.21
302.76
302.21
303.07
303.57
304.06
304.63
304.52
304.94
303.72
303.31
303.35
303.25
303.43
303.34
303.65
304.21
303.37
303.3
303.35
303.96
303.58
303.59
303.07
302.91
304.17
304.22
303.34
303.83
304.06
304.08
303.74
304.32
304.18
304.21
304.45
305.04
304.89
305.2
304.43
304.67
304.71
305.57
305.29
304.44
304.75
304.77
304.88
305.99
306.83
306.19
306.44
306.12
306.43
306.46
306.38
306.8
307
307
307.51
306.21
307.14
306.55
307.69
307.36
306.79
307.38
307.45
307.04
307.56
305.93
307.8
307.12
306.19
307.21
306.5
306.82
307
307.65
307.25
307.84
307.56
307.32
308.2
308.04
307.54
308.3
307.89
308.39
308.76
308.33
308.9
307.99
308.64
308.32
308.42
307.12
308.44
308.48
308.76
308.76
307.17
307.47
308.33
308.1
309.4
308.9
308.84
309.33
308.47
308.45
309.17
309.83
309.76
309.18
307.5
309.94
310.75
311.34
310.98
311.8
311.5
311.71
311.8
311.87
312.3
311.37
311.91
311.47
311.08
313.85
311.95
311.56
311.17
311.94
312
311.84
311.26
312.62
312.58
311.3
311.56
311.17
311.58
311.21
312.2
311.98
311.38
311.78
311.21
310.86
311.98
311.91
311.67
311.19
310.94
311.61
311.64
312.32
312.81
312.42
312.68
311.83
311.84
312.4
312.38
312.56
312.92
313.77
313.77
313.58
314.28
314
313.82
314.43
315.07
315.6
315.36
315.28
314.44
313.35
314.09
315.16
314.17
314.73
314.32
314
314.99
314.76
315.07
315.36
314.97
315.44
315.27
315.19
315.67
314.58
314.18
314.83
315.34
315.11
315.29
315.46
314.88
315.36
315.96
315.23
315.11
314.12
314.65
313.34
314.44
313.96
314.47
313.52
312.99
311.89
313.07
312.97
312.86
313.39
313.03
312.74
313.1
312.74
312.52
312.64
312.94
312.84
313.53
312.98
312.29
312.16
313.07
312.49
312.77
311.74
312.03
312.01
312.8
312.35
312.58
311.46
312.16
312.38
312.26
312.68
313.06
312.22
311.48
311.91
311.65
310.87
312.15
311.91
312.4
312.06
311.95
311.75
311.17
311.5
311.2
312.27
312.17
312.13
312.15
311.86
311.17
311.51
312.31
311.28
311.05
312.27
311.31
311.33
312.16
312.04
311.79
311.43
312.26
311.55
311.75
311.76
311.76
311.89
311.7
311.84
312.43
311.51
310.59
310.95
311.48
311.11
311.59
311.85
312.76
311.81
310.74
310.85
311.24
312.03
311.89
312
311.56
311.65
311.63
311.61
312.13
312.42
312.39
312.32
311.89
312.15
311.89
312.7
312.02
312.19
312.25
312.75
312.13
312.11
312.87
312.37
311.85
312.46
312.77
312.15
312.81
312.76
313.17
313.19
312.75
312.86
311.75
312.33
312.43
312.89
313.32
312.67
311.52
311.67
312.55
313
312.69
311.86
312.9
313.11
312.04
312.63
312.8
313.99
312.98
312.95
312.23
312.83
313.11
312.93
313.45
312.42
312.71
313.28
312.02
313.28
312.59
312.56
312.28
312.47
312.4
311.59
311.41
310.85
311.6
311.07
311.36
311.31
309.97
310.08
310.79
310.87
310.92
310.87
311.07
310.34
309.63
309.4
308.69
309.01
308.44
309.04
307.97
308.11
308.54
308.47
309.35
309.28
308.95
309.08
309.08
308.55
308.4
308.4
308
308.29
308.29
307.67
309.04
309.04
308.77
308.85
308.33
309
307.73
308.85
309.08
309.09
308.34
308.54
309.43
309.28
309.77
308.85
308.62
308.57
309.07
308.75
308.85
308.67
308.84
308.85
309.49
308.56
308.36
309.15
308.51
308.76
308.78
309.47
308.24
307.45
309.01
308.59
308.89
308.15
307.34
308.39
307.97
308.6
307.89
308.24
306.89
306.31
306.54
306.87
306.45
306.25
306.12
305.27
304.48
304.85
303.9
304.25
303.99
304.08
304.08
303.63
303.63
303
303.66
304.08
304.12
303.48
303.44
303.49
303.7
303.7
303.83
303.74
303.26
303.79
303.68
303.78
304.09
303.95
304.4
304.65
303.89
305.37
304.21
304.1
304.44
304.16
304.5
304.31
304.01
303.05
303.36
303.18
303.26
303.86
303
303.92
303.48
303.3
303.32
302.96
304.49
304.09
303.9
304.64
303.93
303.59
303.59
302.63
303.71
303.74
304.35
304.27
303.92
303.33
302.74
303.82
304.59
303.96
303.59
302.91
302.91
303.04
302.8
302
303.33
303.72
303.49
302.87
303.18
303.6
304.1
304.1
304.24
303.72
303.97
302.65
303.22
303.22
303.36
303
303.03
303.92
303.17
303.42
303.32
302.91
303.63
303.69
303.74
302.93
302.77
302.97
303.27
302.45
303.28
303.29
303.35
303.08
302.36
302.36
303.25
302.88
303.49
303.21
303.06
303.99
303.07
303.84
303.79
303.81
303.16
302.48
303.78
304.08
304.05
304.05
304.52
302.94
303.68
302.83
303.26
303.15
303.95
303.45
302.84
303.96
302.48
302.62
303.67
303.67
303.2
302.65
303.43
302.96
302.37
302.37
302.43
302.75
302.84
303.28
303.95
303.28
302.77
302.77
303.01
302.5
302.5
303.42
303.25
302.72
302.07
301.72
302.39
302.35
303.15
303.32
303.19
303.04
302.67
303.38
303.4
303.25
302.92
303.57
303.57
302.77
302.77
302.65
302
301.11
303.13
303.13
302.56
302.56
303.8
302.91
303.04
303.65
303.96
303.4
302.87
303.52
303.26
302.19
302.19
303.35
303.25
304.02
303.79
303.73
303.73
303.66
303.28
303.28
302.03
303.1
303.61
303.74
303.39
303.66
303.35
303.54
303.54
302.52
302.52
303.2
303.4
302.97
303.37
304.12
304.06
303.33
303.33
303.62
303.59
304.76
304.78
304.33
304.33
304.79
305.63
305.87
304.12
304.89
304.59
304.74
304.46
304.35
304.7
304.48
305.1
304.94
304.94
304.45
304.22
304.35
304.48
304.83
304.2
303.86
305.29
304.18
304.18
304.93
306
304.97
304.97
305.27
305.15
304.97
305.47
305.54
305.54
306.13
306.48
305.96
305.7
306.33
306.05
306.03
306.2
305.7
305.41
305.72
305.49
306.57
306.17
306.67
306.46
306.04
305.39
306.3
305.57
305.49
304.78
304.99
305.48
306.04
305.68
305.61
306.22
305.64
305.54
305.17
306.06
306.26
306.54
306.17
306.05
305.82
305.81
305.68
306.07
305.6
305.51
305.51
306.22
306.22
305.49
304.68
305.6
304.6
305.61
305.68
306.41
306.51
305.85
305.43
305.43
306.04
305.49
305.37
305.48
305.48
306.29
306.48
306.54
306.6
306.6
306.85
306.85
306.86
306.69
306.84
307.05
306.92
307.24
307.61
307.61
308.42
308.12
308.29
308.94
308.23
308.58
308.91
309.44
309.52
308.35
309.57
310.23
309.63
310.08
309.2
309.2
309.67
309.78
309.64
309.64
310.04
310.44
309.9
309.88
310.08
310.47
310.97
309.86
310.12
309.91
309.91
310.62
311.08
310.58
310.77
310.77
311.44
310.96
311.56
311.56
311.42
311.64
311.34
311.21
310.47
312.4
312.4
312.37
313.15
312.84
312.36
313.43
312.97
313.54
313.43
313.26
313.5
313.69
313.61
313.13
313.36
313.51
313.54
313.54
313.79
313.47
314.39
313.47
313.69
313.69
313.42
313.33
313.34
313.38
313.38
313.44
313.62
313.03
314.04
314.04
313.34
313.14
314.16
313.53
313.53
313.29
313.34
312.9
313.14
313.65
313.01
313.01
313.86
312.38
312.22
312.95
313.36
314.05
313.08
313.5
313.5
313.19
312.19
312.43
313.66
312.76
312.93
312.03
313.32
313.72
313.32
313.97
314.16
313.44
313.57
314.04
313.27
313.59
312.44
313.77
313.67
313.07
313.88
313.88
314.06
312.9
313.86
312.87
312.87
312.48
313.51
312.97
313.36
313.07
313.49
314.18
312.44
313.19
313.37
313.37
313.66
313.68
313.76
313.97
313.99
313.59
313.14
313.9
313.73
312.72
314.36
313.54
313.34
313.97
313.52
313.65
313.45
312.99
313.07
313.49
313.62
311.96
311.96
312.79
312.79
313.81
312.9
314.08
313.52
313.31
313.31
314.23
312.06
312.06
313.17
313.8
313.89
314.29
313.76
314.55
314.22
313.8
313.54
311.08
311.08
313.18
313.28
312.9
312.75
313.34
313.14
312.64
312.36
312.88
311.92
311.48
312.15
312.84
312.55
311.64
312.1
312.38
312.69
312.69
311.93
311.93
311.9
312.75
312.71
312.99
312.46
311.75
312.38
311.62
311.62
311.9
312.43
311.7
312.14
312.03
312.03
311.79
311.84
311.84
312.78
313.34
313.21
312.86
313.09
312.39
311.73
312.41
312.54
312.54
312.84
312.84
312.82
312.27
312.32
313.49
311.66
313.37
312.9
313.23
313.23
313.13
313.16
313.16
313.14
312
312
312.9
313.24
312.99
313.36
313.36
312.69
312.69
312.93
312.7
312.98
311.68
312.75
312.45
312.92
312.98
312.32
312.8
312.8
312.41
312.42
312.49
312.97
311.43
311.88
312.04
312
311.48
311.79
311.28
311.28
312.44
312.44
311.38
311.38
310.21
310.05
311.23
311.42
311.12
310.92
310.92
311.44
311.38
311.29
311.4
311.56
311.56
311.59
311.6
310.81
309.56
310.77
254.13
253.87
253.33
253.14
252.84
253.5
253.62
253.62
252.99
253.14
251.85
249.9
246.9
246.22
245.97
244.84
244.48
245.31
246.35
248.1
250.1
250.66
250.66
250.91
250.34
250.64
250.5
250.46
250.81
250.72
251.13
250.97
251.2
250.25
250.97
251.59
252.2
252.78
253.46
253.8
252.83
253.56
253.86
253.2
253.41
253.89
253.17
253.56
252.82
253.21
253.11
253.27
253.41
253.51
254.06
253.39
253.11
253.34
253.49
253
253.34
253.92
253.04
252.85
252.47
252.31
252.34
253.01
253.15
252.92
252.34
253.08
252.99
252.06
252.5
252.56
252.34
252.63
253.09
253.18
253.02
252.49
252.7
251.95
251.83
251.86
252.78
252.63
252.63
252.21
251.88
251.64
251.88
251.69
252.56
251.59
251.82
252.5
252.13
251.95
252.15
251.61
251.43
251.95
251.48
251.31
251.52
251.21
251.22
251.58
251.95
251.75
251.2
251.33
251.11
250.93
250.93
250.65
249.38
248.13
247.62
246.64
245.73
245.83
246.26
246.41
246.15
247.81
248.45
249.04
250.63
252.5
254.07
255.98
256.84
256.83
257.74
258.67
259.19
260.07
259.38
259.67
259.41
259.18
259.4
259.46
258.11
259.1
259.19
259.03
259.89
259.7
259.01
258.14
257.36
256.56
256.41
256.65
256.72
256.97
256.58
255.89
255.59
255.61
255.53
254.36
255.15
255.99
255.58
255.5
254.78
255.16
254.76
255.07
255.4
254.58
254.86
254.91
254.67
254.51
254.04
254.63
255.29
254.43
254.62
254.84
254.43
255.72
255.51
254.8
254.34
254.47
254.27
254.06
254.33
254.14
253.97
254.45
254.33
254.5
254.53
254.2
255.08
255.42
255.81
255.95
255.88
255.34
255.22
255.34
255.11
254.9
253.96
254.07
254.88
253.79
254.86
255.5
255.29
254.86
255.36
255.44
255.11
254.7
254.32
255.2
255.5
255.02
254.23
254.37
254.48
254.93
254.48
254.32
255.06
254.69
253.87
254.27
255.11
253.98
254.13
254.26
254.92
254.42
254.17
255.23
254.96
255.36
255.52
256.5
257.47
257.14
257.08
257.94
258.38
258.32
258.54
258.91
258.8
258.7
259.23
258.71
259.16
257.81
258.07
257.97
258.02
257.99
257.97
258.66
258.54
258.53
258.2
258.64
258.62
258.23
258.29
257.88
257.41
257.76
257.81
257.63
257.32
257.08
257.63
257.5
256.79
254.68
254.28
259.1
259.09
258.6
258.81
259.37
258.93
258.57
258.39
257.8
257.72
257.49
256.88
255.82
255.95
255.93
254.98
246.8
240.19
239.43
239.58
239.97
239.86
240.91
242.63
243.91
244.21
245.36
246.58
248.11
249.89
251.45
252.16
252.27
251.73
252.33
254.13
256.72
257.83
258.69
258.27
258.22
259.31
258.96
259.08
259.4
259.39
259.69
258.8
259.44
259.74
257.87
256.51
255.22
254.87
254.55
256.24
256.6
256.58
256.54
256.39
256.41
256.79
256.34
256.12
256.05
255.91
255.79
255.73
255.45
255.1
254.9
255.43
255.94
255.9
255.42
255.51
255.06
255.3
255.38
255.49
255.49
255.65
254.73
254.11
253.94
252.99
252.69
250.97
250.85
249.73
248.39
247.77
247.66
246.67
247.2
247.66
247.43
247.91
247.57
247.58
249.03
249.91
250.1
250.26
250.46
251.44
252.08
251.9
253.34
255.26
255.4
256.18
257.35
259.32
259.94
258.94
258.59
259.62
259.87
259.87
259.6
259.94
259.82
258.75
257.29
256.41
255.95
254.63
254.63
254.38
254.28
254.47
254.01
253.98
253.9
253.47
253.83
253.78
253.55
252.7
252.75
253.27
253.61
253.43
253.28
253.82
253.13
252.84
253.73
253.39
253.06
252.29
252.37
252.43
253.26
252.98
252.66
252.14
253.1
252.5
252.9
252.98
251.96
252.64
252.01
252.93
252.35
252.02
252.15
252.42
252.66
252.11
252.06
251.61
251.68
252.02
252.27
252.97
252.13
251.96
252.12
250.93
251.7
251.9
251.82
251.06
252.33
251.54
251.96
252.04
252.39
252.68
252.44
252.24
251.58
251.82
251.63
251.37
251.69
252.16
252.84
252.9
252.15
252.27
251.73
252.06
251.97
252.21
252.43
252.07
252.33
252.41
252.45
252.64
251.84
251.52
251.44
250.5
249.71
248.3
247.38
245.74
245.41
245.98
246.23
246.57
246.53
246.98
249.89
250.74
252.8
253.44
254.26
254.39
255.26
254.69
254.66
254.76
254.02
254.2
255.34
255
255.19
254.95
255.48
254.79
254.79
254.88
255.06
255.18
253.81
254.09
253.92
254.47
254.38
254.06
254.45
253.5
254.13
253.65
254.32
253.95
254.65
254.87
254.98
254.43
254.59
254.24
254.43
254.16
254.2
253.84
253.76
253.34
253.52
253.8
254.21
254.11
253.95
254.08
253.81
253.71
254.16
254.18
253.44
252.66
253.26
253.23
253.12
252.76
252.74
252.63
252.58
252.86
253.09
253.07
252.45
252.43
252.98
253.19
252.61
252.85
252.31
252.67
253.29
252.44
252.34
252.61
252.78
253.19
253.07
252.75
252.97
252.51
253.26
254.58
255.04
254.77
254.89
255.1
254.69
254.02
254.58
255.71
255.96
255.6
255.24
255.18
254.99
254.65
255.26
255.43
255.22
255.52
255.93
256.31
256.42
255.36
256.18
256.74
256.37
256.65
256.28
256.64
256.46
256.24
256.28
256.6
257.07
257.16
257.05
256.6
256.63
257.02
256.94
257.41
257.02
257.73
257.49
257.2
257.68
257.76
258.19
257.71
257.21
256.61
256.7
257.11
256.99
257.69
257.61
257.76
257.97
257.31
258.16
258.28
258.18
258.19
258.36
258.63
258.65
258.38
258.76
259.43
259.98
260.3
260.87
260.98
260.88
260.92
260.76
260.56
260.59
260.85
260.33
259.98
260.35
260.29
260.73
260.94
260.83
260.71
260.68
260.81
261.28
261.68
262.39
262.45
261.73
261.36
261.38
261.17
260.67
261.28
261.08
262.34
260.82
260.63
261.79
262.34
263.62
264.42
264.86
264.86
264.68
265.19
265.3
265.71
265.74
265.77
266.13
265.41
265.83
266.16
266.89
265.95
265.63
266.12
266.41
266.14
266.89
266.91
266.85
266.46
266.43
266.5
266.44
266.59
267.49
266.51
266.5
267.36
266.47
265.81
266.85
266.91
266.96
266.86
266.54
267.31
267.22
267.35
266.99
268.01
268.73
268.63
268.77
267.87
268.34
269.5
269.22
269.3
269.21
270.21
271.54
272.38
274.23
272.95
272.34
273.49
274.02
272.98
273.26
273.84
272.82
273.35
273.26
273.9
273.25
272.87
273.22
273.9
273.91
273.04
272.99
272.96
273.68
274.3
273.54
273.07
271.75
271.74
271.76
271.89
272.54
271.62
271.1
271.32
272.07
270.95
270.87
271.49
271.36
270.49
271.74
271.22
270.83
271.32
270.45
271.1
270.93
271.43
271.28
271.16
271.93
271.23
270.75
271.35
270.79
271.19
271.13
271.06
271.45
271.55
272.13
270.59
270.46
271.62
270.99
270.71
270.52
271
270.89
270.62
270.6
270.73
270.42
270.86
270.59
270.73
270.32
270.27
270.14
271.29
270.77
270.97
270.82
271.08
271.74
271.09
271.12
271.8
271.71
271.19
271.35
271.26
271.33
270.78
270.15
270.99
271.19
270.79
270.99
271.68
270.83
270.18
270.91
270.98
270.78
271.16
271.06
270.32
271.06
271.51
271.5
271.54
271.11
270.15
271.06
270.98
270.96
270.79
271.38
270.99
270.58
270.73
270.49
270.63
270.65
270.27
270.43
269.9
270.37
270.6
270.05
269.53
269.92
270.29
270.77
270.05
270.37
270.78
270.83
270.16
269.94
270.04
270.12
269.82
269.94
268.94
269.59
269.9
269.64
269.4
270.12
269.68
270.24
270.08
270.1
269.77
270.11
269.94
269.75
270.05
270.33
270.02
269.96
270.12
270.79
270.66
270.61
271.05
270.28
270.93
271.02
270.29
270.26
269.64
270.84
270.23
270.45
270.5
270.41
270.89
270.66
270.39
271.29
269.98
270.99
271.22
270.72
270.45
270.52
270.77
271.08
271.58
270.92
269.95
270.02
270.5
270.39
271.25
271.32
271.66
270.91
270.67
271.08
271.29
271.2
270.85
270.69
270.31
270.2
269.64
269.22
269.51
269.28
269.19
268.76
268.43
268.32
268.29
267.37
268.15
268.19
268.51
267.87
267.64
267.21
265.97
264.61
264.43
264.23
263.93
263.58
263.7
263.52
263.56
263.57
263.95
263.73
264.96
263.97
264.18
264.02
263.82
264.43
263.56
263.85
263.44
263.54
264.19
264.43
263.22
263.15
264.42
264.12
264.29
264.09
263.94
265.15
264.47
264.09
263.67
264.23
263.91
264.31
264.11
263.72
263.9
264.12
264.05
264.67
264.15
264.88
265.26
264.89
265.08
264.77
263.97
264.32
264.87
264.18
265.38
265.41
265.15
264.64
264.63
264.23
264.64
264.71
264.23
264.21
264.09
264.69
264.74
264.31
264.72
264.8
264.99
265.09
265.25
264.91
264.44
265.3
264.52
265.7
265.09
265.77
264.65
264.71
264.9
264.3
264.39
265.22
264.94
265.59
265.16
264.97
264.54
264.56
264.74
264.67
265.89
265.96
265.82
265.31
265.13
265.29
265.14
265.56
266.14
265.77
265.89
265.5
265.68
265.97
265.89
265.87
267.28
267.1
266.83
266.86
267.17
266.96
266.17
266.96
267.22
267.16
267.22
267.58
266.3
265.98
265.92
265.28
263.13
261.59
260.73
259.8
259.55
259.57
258.83
258.63
258.78
259.23
259.12
259.44
260.01
259.52
259.82
259.08
258.17
259.58
260.15
261.2
260.86
261.97
261.95
262.88
263.19
263.07
263.24
263.22
264.14
263.68
263.69
264.7
264.96
264.65
265.14
265.36
265.45
265.36
264.92
264.74
265.44
265.84
265.1
265.7
267.19
268.92
267.74
268.9
268.76
268.54
269.28
269.4
268.92
268.68
268.31
268.57
268.34
268.76
268.69
268.33
267.87
269.02
268.48
267.44
267.07
266.38
266.16
266.81
266.5
266.4
265.97
266.47
266
265.48
266.19
265.7
265.65
265.88
265.81
265.68
264.84
265.29
264.57
264.82
265.46
264.94
264.82
264.1
263.32
264.02
264.27
264.59
265.08
265.5
265.08
265.39
264.71
264.93
265.19
265.3
265.24
264.89
265.67
265.36
265.32
265.79
265.5
264.7
264.85
264.87
265.32
264.98
265.52
265.29
266.71
270.63
270.36
269.82
269.34
269.12
268.84
267.7
267.71
268.44
267.61
266.89
266.63
266.25
266.44
267.06
266.52
266.13
266.31
266.19
266.16
266.4
266.38
266.42
265.28
266.06
266.76
265.95
265.61
266.57
266.98
266.94
266.67
266.63
267.51
267.22
266.89
266.82
266.49
265
264.44
264.75
264.52
264.4
263.54
263.32
263.11
263.52
263.41
263.88
262.89
263.81
264.19
263.5
263.62
263.48
262.18
262.33
262.74
263.79
263.5
263.68
263.81
263.66
263.49
263.69
263.9
263.94
263.66
263.9
264.1
263.63
263.51
263.91
263.38
263.22
263.7
263.34
263.78
263.91
263.73
263.67
264.11
264.33
264.03
263.84
264.03
263.72
263.93
263.66
263.48
263.93
263.57
263.5
263.84
263.71
263.85
263.85
264.12
263.42
263.33
263.32
263.72
263.75
263.54
263.9
263.9
264.23
262.65
263.64
263.89
263.4
263.1
263.37
263.94
263.36
263.66
263.03
264.19
263.65
263.34
263.4
262.88
263.24
263.29
263.56
263.54
263.35
263.19
263.54
263.19
262.96
262.69
263.08
263.78
264.06
264.33
264.12
263.64
264.44
264.49
265.27
265.44
265.9
265.28
264.38
263.58
263.36
263.24
262.99
263.18
263.32
262.91
262.98
262.9
263.22
263.69
263.28
263.91
264.07
263.08
263.15
264.68
265.21
266.15
267.07
268.29
268.5
269.23
268.87
268.92
268.7
268.88
267.29
267.08
266.7
265.73
265.11
265.67
265.87
266.36
264.54
263.78
260.92
260.39
259.21
259.22
259.08
259.3
259.19
259.48
259.33
260.09
260.47
262.1
262.61
262.05
262.62
262.84
262.16
262.97
262.94
262.6
262.16
263.09
263.82
263.74
263.33
263.73
264.61
265.22
265.98
265.47
264.68
264.08
264.3
263.99
264.16
263.76
263.66
263.78
263.72
263.95
263.96
264.05
264.05
263.7
262.87
263.45
263.36
263.55
263.9
263.48
262.78
262.64
263.56
263.32
262.37
262.18
260.99
261.3
261.18
260.99
259.9
259.99
260.29
260.19
259.29
259.02
259.31
259.22
259.33
259.43
259.46
260.05
258.37
259.93
259.97
259.77
260.1
259.91
260.14
260.44
259.92
259.09
259.22
259.89
258.62
259.11
259.55
259.76
259.85
259.8
258.94
258.56
259.28
259.14
259.32
259.35
259.52
259.65
259.12
258.66
258.96
258.73
258.25
258.5
259.18
258.94
258.25
259.05
259.27
258.94
257.49
258.15
259.39
259.23
258.91
258.53
258.6
258.83
258.99
258.82
259.25
258.65
258.72
258.1
257.96
258.63
258.25
258.78
258.16
258.06
258.16
258.14
258.78
258.33
258.38
257.83
257.42
258.04
257.73
258.02
258.06
258.04
258.56
257.63
257.98
258.07
258.47
258.03
258.3
258.56
258.51
258.72
259.18
259.49
259.95
259.23
258.55
259.05
259.83
259.77
260.33
260.38
260.96
261.12
261.92
257.49
255.81
255.89
254.99
255.95
256.2
255.74
256.06
256.14
256.17
257.02
257.38
258.12
258.52
260.34
260.09
261
261.19
260.05
261.5
261.51
262.38
261.98
263.17
263.34
263.82
263.41
264.04
264.15
264.2
264.08
263.6
264.58
264.06
263.14
263.94
264.29
264.22
263.83
264.47
264.16
263.5
263.84
263.29
263.15
262.94
262.86
262.03
263.38
263.08
263.37
263.46
263.91
263.19
263.37
263.5
263.17
262.82
262.78
262.91
263.04
262.05
262.1
262.19
262.19
262.27
262.13
262.56
261.65
262.11
262.57
262.6
262.54
262.53
262.75
262.34
261.75
261.29
261.39
261.85
261.17
262.4
261.14
262.24
261.55
261.5
260.23
261.19
261.75
261.8
262.09
262.15
262.07
262.04
261.79
261.56
262.19
262.1
261.79
261.95
261.68
261.67
261
261.18
260.56
261.22
261.3
262.01
261.36
261.35
261.72
262.01
261.99
261.12
260.75
260.72
260.27
259.39
258.73
258.92
258.33
257.86
258.29
258.06
258.06
257.49
257.11
258.15
259.92
259.82
260.33
261.59
261.23
261.31
261.26
261.68
261.9
261.98
262.41
262.61
262.74
261.88
262.37
262.9
262.56
261.99
262.29
262.02
261.96
262.9
262.49
262.35
262.49
262.61
262.13
262.74
262.97
263.3
263.61
263.77
264.08
263.53
264.67
264.52
265.17
264.43
265.09
264.83
264.44
265.06
264.64
264.07
264.49
265.12
264.16
264.76
264.72
265.03
265.45
264.56
263.99
263.72
263.34
263.54
264.16
263.91
264.77
265.17
265.5
265.82
266.05
266.2
266.36
267
267.31
267.01
267.88
268.43
269.62
270.48
270.19
271.05
271.61
271.87
271.95
271.6
271.49
271.81
271.51
271.37
272.14
271.75
271.18
272.28
271.82
272.02
272.62
272.56
272.42
272.62
271.91
271.83
273.01
271.08
271.99
272.49
272.58
271.98
272.42
272.61
272.34
272.49
272.29
272.38
271.67
271.98
272.18
272.61
271.71
271.38
270.5
270.74
270.89
271.3
271.33
271.48
271.64
271.22
271.36
271.94
270.52
271.65
271.42
271.36
271.21
271.47
271.42
271.22
271.16
271.14
271.03
271.53
271.98
270.74
271.04
271.59
271.29
271.53
271.61
270.91
270.76
270.91
271.08
272.31
272.3
272
272.24
272.12
273.56
273.32
274.07
274.66
275.16
275.28
274.99
275.13
275.12
276.06
276.23
277.87
279.32
279.99
280.52
280.17
280.97
281.06
281.22
280.88
281.07
281.11
280.74
280.7
280.47
280.08
280.52
280.14
280.65
280.99
280.12
280.66
281.09
281
280.16
280.84
280.53
281
280.38
280.77
280.43
279.81
280.89
281
280.97
281.17
281.24
281.2
280.78
280.6
280.11
280.13
280.59
280.91
280.98
281.13
281.77
281.25
281.07
281.04
281.84
281.79
281.75
281.18
281.76
281.66
281.96
282.12
281.92
282.42
281.64
281.01
282.35
282.43
282.76
283.07
283.56
284.57
284.24
283.82
283.65
283.8
284.02
284.46
285.16
284.79
284.07
284.39
284.64
284.22
284.53
284.49
284.18
284.41
284.19
284.28
284.68
284.46
284.02
284.44
285.05
285.26
285.4
284.59
285.2
284.84
285.05
284.3
284.67
284.35
284.96
284.96
284.58
284.81
283.93
285.15
285.75
284.5
284.41
283.91
284.69
284.56
284.65
284.58
285.1
284.42
284.65
284.12
283.88
284.69
284.22
285.04
284.14
284.48
284.04
284.15
284.55
284.56
284.43
284.81
285.22
284.8
284.09
284.17
284.14
284.86
284.36
283.95
284.54
284.24
284.59
284.91
284.74
284.92
285.02
285
285.33
284.04
284.02
284.48
284.5
284.46
285.15
284.79
284.3
285.08
285.1
284.1
284.48
284.54
284.96
284.67
285.28
284.52
284.43
284.53
284.47
284.92
284.81
284.72
284.61
284.93
284.65
284.65
284.25
284.3
284.82
285.44
285.11
284.82
284.76
284.64
285.17
284.92
284.11
285.03
285.2
284.88
285
285.22
284.9
284.98
284.24
284.76
284.58
284.52
284.98
283.94
284.83
284.76
284.41
284.43
284.87
285.11
285.38
285.35
284.78
284.02
284.28
284.61
284.3
284.23
283.99
284.59
284.23
284.43
284.74
284.83
284.52
284.54
284.44
285.24
284.41
284.74
285.29
284.91
284.78
284.59
284.43
284.73
284.69
284.74
283.9
284.81
284.89
284.65
284.57
284.6
284.73
285.07
284.02
284.91
285.26
284.4
284.75
284.5
283.97
284.13
284.39
283.33
283.57
284.34
284.15
282.88
282.74
283.45
282.65
282.6
282.33
282.81
283.44
282.63
282.72
282.43
281.72
281.4
281.24
281.42
281.25
280.63
279.79
279.94
280.48
280.32
279.11
279.76
280.02
279.7
280.01
279.64
279.52
279.34
279.79
278.8
279.89
279.43
279.69
279.02
279.95
279.92
279.25
279.5
279.55
279.68
278.92
279.15
279.02
278.48
279.36
279.36
279.09
278.43
278.91
279.38
279.47
279.73
279.24
278.9
279.38
279.47
279.77
279.52
279.41
279.21
278.62
278.36
278.64
278.45
278.76
278.8
278
277.94
277.93
278.21
278.83
278.34
277.82
278.19
277.09
276.65
276.72
276.06
276.74
276.18
276.15
275.75
276.26
275.95
275.77
275.7
275.6
275.47
275.37
275.12
275.41
274.72
274.82
275.63
274.93
274.88
275.42
274.95
274.36
274.79
275.22
273.57
274.52
274.36
273.78
273.95
274.01
274.34
273.9
274.06
273.7
273.42
273.09
272.97
274.01
274
273.66
273.44
274.46
273.73
273.01
272.52
272.47
271.95
272.58
272.7
272.71
272.39
272.33
272.33
272.3
272.28
272.78
273.25
272.7
272.2
272.54
272.7
272.76
272.88
272.68
272.91
272.52
272.04
272.5
272.49
272.98
271.61
271.49
272.41
272.46
272.41
272.36
272.79
272.81
272.26
272.85
272.69
272
272.82
271.39
272.49
272.76
272.35
271.75
272.27
272.39
272.12
272.38
272.05
272.41
272.47
272.15
271.87
271.11
271.91
271.59
271.76
271.29
272.07
271.99
271.78
271.69
271.63
271.78
272.05
271.71
271.22
271.61
270.66
270.77
271.24
272.13
272.5
271.25
270.51
270.22
270.64
270.79
270.81
270.69
271.24
271.03
271.04
271.93
272.21
272.05
273.32
272.65
272.72
272.96
273.18
272.99
272.4
272.34
272.49
272.05
272.39
273.06
272.23
272.42
272.57
272.75
271.74
272.33
272.2
272.51
271.95
272.43
271.91
272.25
271.71
272.45
271.71
271.77
272.41
272.28
272.06
271.86
272.08
271.65
272.14
272.16
272.2
272.12
271.54
271.58
271.01
271.02
271.38
271.7
270.94
271.3
270.75
270.68
270.45
270.47
270.06
270.11
270.05
270.24
270.04
270.11
270.29
269.97
268.94
269.77
268.88
269.04
269.58
270.11
269.34
269.37
269.76
270.16
270.93
271.14
271.41
271.29
271.18
271.56
270.9
271.18
271.81
272.26
272.05
272.41
273.1
272.97
273.8
273.1
273.19
273.04
273.4
273.8
273.81
273.51
273.19
273.71
274.12
273.76
273.68
273.38
273.48
273.24
273.32
273.45
273.53
273.54
274.03
274.01
273.96
273.61
274.37
273.95
274.71
273.73
274.2
274.73
274.57
274.98
275.17
275.36
274.91
275.07
274.95
275.67
275.8
275.11
274.74
275.46
274.95
274.84
275.11
273.98
274.92
274.6
274.22
273.83
273.63
273.97
273.61
274.47
274.67
274.3
275.4
274
275.4
274.95
277.39
276.8
277.27
279.72
278.83
279.55
280.39
280.42
279.99
280.37
280.67
280.7
280.92
281.02
280.68
281.18
280.23
279.6
279.31
279.51
280.12
279.66
279.34
279.99
280.07
280.12
279.5
280.21
279.56
280.18
279.59
278.73
279.23
279.65
280.32
280.25
280.48
280.91
280.53
280.48
280.72
280.1
281.06
280.64
281.36
282.41
282.89
282.43
282.23
282.92
282.95
283.41
282.85
282.65
282.46
283.29
283.75
283.49
283.28
281.93
282.52
282.14
282.59
282.26
281.76
282.4
282.6
282.09
281.59
281.33
282.3
282.42
282.02
282.96
283.1
281.75
282.52
282.17
281.86
283.08
282.53
283.43
283.73
284.55
284.16
285.11
285.05
285.46
285.32
285.41
286.14
286.07
286
286.09
286.81
287.22
289.65
289.5
289.54
289.77
289.34
289.61
289.62
289.91
289.63
290.07
290
289.81
290.57
290.07
289.67
288.97
288.73
289.75
290.46
289.78
289.78
289.4
289.77
288.99
289.72
289.73
288.94
289.93
289.86
289.65
289.46
289.76
289.34
289.77
288.79
289.05
289.48
290
289.26
289.5
289.76
289.3
289.11
289.26
288.97
289.47
289.18
289.46
289.4
288.99
289.6
288.74
288.03
288.76
288.51
289.46
289.03
288.37
287.18
288.22
289.11
288.49
289.31
288.02
288.48
288.46
288.31
289.37
289.24
289.03
288.49
289.67
289.55
288.6
289.14
289.23
289.45
290.34
289.19
290.3
289.71
290.1
291.28
292.23
291.24
291.04
291.96
291.29
291.09
291.3
291.57
291.32
291.09
290.99
290.58
290.93
291.41
290.59
291.06
290.32
290.68
291.52
291.55
291.21
290.92
290.83
290.84
291
290.6
290.4
290.3
290.78
290.55
290.39
290.7
290.22
290.16
291.12
290.94
290.91
291.27
290.54
290.2
290.23
289.77
290.12
291.1
291.07
290.08
290.31
290.77
290.35
290.18
290.24
290.35
291.39
290.66
290.89
291.71
291.29
291.29
290.41
290.67
290.94
291.44
291.48
291.75
292.34
292.25
292.27
292.38
292.46
293.78
292.41
291.96
292.18
292.92
292.44
292.45
291.92
291.8
292.59
292.86
292.79
292.07
291.41
291.07
292.54
292.3
292.42
292.7
292.4
291.67
292.4
292.31
292.43
291.2
291.35
291.97
292.11
290.62
291.35
290.95
290.57
292.13
290.76
290.55
290.72
290.69
291.07
291.25
291.69
292.17
292.02
292.33
292.29
291.71
291.51
291.86
291.84
292.48
292.15
291.2
291.8
291.9
291.11
292.08
292.31
292.62
292.37
292.19
292.23
292.44
293.36
292.59
291.97
293.05
293.6
293.24
292.89
292.78
292.42
292.46
293.05
293.37
293.83
293.22
292.65
292.16
292.42
292.67
292.53
293.16
292.86
292.75
293.23
293.57
293.85
293.58
292.99
292.9
293.39
293.24
293.41
292.59
294.04
294.03
293.05
294.26
292.89
292.84
292.99
293.51
294.01
293.95
293.53
294.43
293.77
293.67
293.29
293.43
293.67
293.56
293.93
294.14
293.91
294.74
294.42
294.34
294.23
294.51
295.11
294.92
295.43
295.07
296.78
295.79
295.81
295.57
296.66
296.08
297.07
296.32
295.97
296.69
296.12
296.09
296.16
294.98
296.13
296.37
296.25
295.08
295.59
294.91
295.48
295.56
295.88
296.32
295.72
295.82
295.72
296.31
295.95
296.57
296.3
296.66
295.25
295.98
296.19
296.44
296.13
295.53
295.91
295.29
295.46
295
294.94
294.82
295.04
296.04
295.98
296.31
296.54
296.17
295.39
296.4
295.95
295.89
296.57
296.35
296.05
295.67
295.4
295.65
296.56
295.66
296.8
296.44
296.25
295.82
297.2
296.93
295.88
297.15
297.52
296.77
297.31
296.85
296.44
296.53
295.76
296.07
296.91
296.88
297.43
297.05
297.04
297.5
297.72
298.03
298.61
297.99
297.68
296.23
296.31
296.48
297.93
297.14
297.66
297.07
297.19
297.62
297.58
297.24
297.95
296.98
296.56
297.7
297.73
297.9
298.19
297.7
296.76
297.93
298.33
297.45
298.3
298.87
297.95
297.47
298.15
297.96
297.31
297.04
298.06
298.01
298.71
298.23
298.21
299.33
297.94
298.56
298.07
298.79
299.26
298.89
297.8
298.31
299.43
299.14
300.05
299.57
299.03
298.72
299.72
299.56
299.56
298.97
298.72
297.81
298.71
299.26
299.65
298.79
299.7
299.83
300.16
299.59
299.89
299.15
299.67
300.69
300.35
299.86
299.83
297.67
298.92
299.99
298.83
300.2
300.56
299.15
299.2
299.23
300.92
300.65
300.73
300.55
300.6
300.57
300.46
300.16
300.77
301.23
301.77
302.06
301.21
301.98
300.97
301.57
302.21
302.34
301.77
303.15
302.38
302.52
301.98
302.58
301.87
302.1
302.55
302.52
302.84
302.85
302.36
303.11
303.83
303.81
302.95
302.87
302.76
302.74
302.97
303.03
302.51
301.54
301.54
303.53
303.16
303.74
302.65
303.53
303.23
302.87
302.6
302.98
302.84
302.49
303.55
303.55
303.21
302.73
302.99
303.92
303.58
302.75
302.87
302.98
302.7
303.96
304.04
303.18
302.43
303.37
303.95
303.73
303.09
302.99
303.3
303.88
303.82
304.4
303.73
303.99
304.41
305.36
304.65
304.6
304.79
304.52
304.14
304.32
305.04
304.6
304.66
305.18
305.04
304.59
304.42
302.59
304.95
304.47
306.49
305.96
305.1
304.66
305.6
305.43
305.25
304.78
305.39
305.75
306.14
305.41
306.1
306.5
306.46
306.36
305.72
305.08
305.2
305.33
304.99
305.95
305.82
304.92
305.98
305.67
306.49
306.8
306.35
306.28
307.14
306.15
305.67
305.66
305.68
306.24
306.93
306.79
307.31
306.34
306.55
306.34
306.2
305.56
305.85
306.98
307.48
307.92
306.52
307.02
307.62
307.02
306.25
306.82
306.91
306.86
307.81
307.23
306.79
305.78
307.3
307.08
308.5
307.76
306.58
307.11
307.39
307.22
307.53
307.36
308.17
308.39
308.22
307.29
307.2
307.55
307.39
306.87
306.56
307.02
308.36
308.21
308.01
307.44
307.4
307.41
307.43
307.51
307.76
307.9
308.21
308.4
307.51
307.7
308.6
308.76
307.94
308.48
308.68
308.23
308.71
309.5
309.03
308.06
308.41
308.51
308.72
309.66
309.45
309
308.55
308.65
308.75
308.05
308.6
309.67
309.36
308.95
309.44
309.62
308.77
308.89
308.31
308.2
309.05
309.05
309.97
310.17
310.23
309.45
309.65
309.31
310.38
310.84
309.91
309.94
309.91
309.06
309.02
310.66
311.1
310.62
309.68
309.93
311.44
311.47
311.14
309.99
310.71
310.95
311.64
311.38
310.63
312.12
312.09
310.99
311.41
311.23
311.46
311.61
311.76
312.79
312.84
312.35
312.72
313.45
312.78
312.38
312.72
312.59
312.62
312.66
312.57
312.27
312.03
312.61
311.72
312.48
312.24
312.41
312.88
313.43
313.13
312.75
312.32
312.41
312.75
312.35
312.24
313
313.25
312.6
312.89
313.1
311.87
312.69
312.58
312.12
312.72
312.13
312.73
312.96
313.03
314.07
313.8
314.48
313.84
313.57
312.43
313.55
313.74
313.77
313.88
313.18
313.78
314.29
313.83
313.4
313.4
313.87
313.88
313.99
314.6
314.13
313.9
313.42
314.07
314.07
314.37
314.85
314.96
314.63
314.54
315.07
314.42
314.18
315.13
314.69
315.09
315.4
315.16
315.73
315.16
314.65
315.14
315.63
314.98
314.33
314.21
314.58
315.27
315.21
315.43
314.47
314.59
314.96
314.48
315.12
314.54
314.88
314.92
315.49
314.18
315.5
315.06
314.77
315.39
314.86
315.53
315.59
316.04
316.09
315.39
314.69
314.86
314.82
314.47
314.78
316.08
315.64
315.93
315.59
315.13
315.91
315.99
316.35
316.05
316.13
315.38
315.3
314.83
315.25
315.27
315.67
315.09
315.35
315.09
314.29
314.88
315.94
313.94
313.87
314.24
314.08
313.98
314.05
312.99
313.6
312.74
313.01
312.39
311.43
312.72
311.77
312.22
312.01
311.51
310.46
311.14
311.24
311.14
311.66
311.11
311.24
310.85
310.9
310.63
310.9
311.51
310.93
310.95
311.52
311.04
311.3
310.98
310.89
310.46
309.43
310.05
309.88
309.68
309.86
308.62
309.14
308.45
308.59
308.67
308.86
309.67
308.57
308.76
308.86
308.63
309.22
307.85
308.34
309.01
310.08
309.18
308.77
308.79
308.44
308.12
307.47
308
307.94
308.61
307.72
307.99
308.12
308.18
306.99
307.63
307.32
306.91
306.51
307.2
307.95
307.44
307.15
307.02
307.09
306.94
305.99
306.43
305.96
304.76
303.23
302.75
302.13
302.48
301.54
299.59
300.08
300.39
299.61
299.05
299.22
298.72
299.04
298.81
298.6
299.04
298.32
298
298.34
298.05
297.6
297.06
296.84
296
296.84
296.47
297.27
297.68
297.09
297
296.46
296.47
296.62
296.99
296.79
296.95
296.17
295.74
295.79
295.6
296.88
296.55
295.96
295.72
295.6
295.29
295.57
295.66
295.29
295.53
295.88
295.9
295.7
295.74
295.93
295.99
296.42
295.51
295.83
295.25
294.68
294.46
294.54
294.51
294.53
293.37
293.84
293.49
293.27
292.89
293.36
293.84
292.65
293.58
293.78
294.48
294
293.28
292.35
292.64
292.76
293.53
293.41
293.26
293
292.84
293.23
293.12
292.9
293.08
292.07
291.91
292.63
291.82
292.15
291.83
291.6
291.79
290.98
290.84
290.65
290.94
290.33
290.84
290.98
291.1
291.58
291.88
291.6
290.67
290.68
290.94
291.17
290.94
290.86
290.42
290.47
290.17
290.08
290.46
290.34
289.43
290.15
290.2
290.33
289.45
289.83
289.62
289.81
288.96
289.26
290.16
289.45
290.08
290.17
290.77
290.33
290.61
289.46
289.43
290.68
290.47
290.69
290.84
291.83
292.06
291.63
291.69
291.51
292.31
291.46
292.11
291.39
291.75
291.37
291.24
290.62
289.92
289.52
289.42
289.88
290.28
290.27
288.65
289.18
288.81
289.54
288.39
289.09
289.5
289.48
289.5
288.58
288.48
288.33
289.07
288.81
288.22
289.37
288.72
288.18
288.53
286.99
288.25
287.37
288.93
288.16
288.9
288.63
287.9
287.39
287.61
287.77
287.43
287.55
287.61
287.75
287.51
287.47
287.5
287.24
287.55
287.98
287.72
286.61
286.83
287.14
286.51
287.96
287.14
287.2
287.02
287.05
287.71
286.72
286.61
286.69
287.69
287.12
287.13
287.71
287.98
288.24
288.67
289.13
288.61
288.87
289.09
288.45
287.84
287.89
288.43
288.18
288.02
287.2
287.43
287.36
286.53
287.16
287.62
287.65
286.5
287.72
287.65
287.4
287.1
287.05
286.94
287.44
287.36
287.38
286.33
286.25
286.97
287.71
286.88
286.26
286.65
286.58
287.11
286.9
286.64
286.83
286.68
287.61
286.92
285.83
286.28
286.77
286.43
287.03
286.48
286.7
286.67
286.18
286.6
285.43
285.78
286.16
286.12
285.73
286.97
285.27
286.74
286.9
287.3
287.06
286.54
285.83
286.15
285.64
286.12
286.52
286.52
286.95
286.29
286.49
285.42
286.11
285.46
286.02
286.33
285.86
285.96
286.79
286.11
285.71
285.18
285.42
285.85
286.15
285.81
286.59
286.24
285.25
285.83
285.18
285.22
286.27
285.69
285.37
285.5
285.7
285.64
285.23
285.77
285.48
285.19
285.52
286.23
286.46
286.24
285.35
286.31
285.21
285.36
286.41
286.06
285.98
285.28
284.12
283.71
284.3
283.22
281.62
282.9
283.19
283.56
284.79
284.59
284.49
284.74
285.17
285.44
284.95
285.81
284.72
285.23
286
285.42
285.75
285.93
285.71
285.02
285.49
285.81
285.85
286
286.19
286.08
285.35
285.74
285.69
285.66
285.9
285.79
285.23
286.08
286.89
286.81
285.5
285.54
286.27
285.92
286.21
286
286.25
285.62
286.39
285.8
285.67
286.44
286.3
286.19
286.47
286.2
285.54
285.35
286
286.6
287.19
286.87
286.89
287.73
287.56
287.84
287.99
288.6
288.98
289.1
289.26
289.08
289.12
288.92
287.92
288.43
288.55
288.15
288.07
287.88
288.72
288.58
288.51
288.55
288.84
288.54
288.46
287.79
288.79
289.39
289.66
289.5
290.11
289.79
290.32
290.53
290.25
290.85
291.31
290.5
291.31
291.13
291.17
291.63
291.51
292.37
292.13
291.93
291.55
290.6
290.95
291.58
291.72
291.17
291.4
290.9
291.62
291.06
291.19
291.46
291.95
291.82
291.89
292.56
292.08
292.34
292.35
292.41
292.52
292.07
292.2
292.13
292.48
292.7
292.17
291.84
291.65
293.08
292.88
293.09
293.47
293.31
293.04
292.94
292.42
293.21
292.46
292.13
292.49
293.3
293.53
293.49
293.65
292.85
293.75
294.33
294.34
294.08
293.41
294.66
294.18
295.01
295.35
296.13
297.12
296.82
297.6
298
298.45
298.63
298.42
298.72
298.47
298.69
298.25
298.62
299.27
300.04
300.05
299.32
299.14
300.82
301.14
301.29
300.97
301.87
301.59
301.03
301.08
301.87
302.59
303.1
302.53
303.11
303.28
302.56
302.01
301.41
301.78
303.23
303.45
302.8
302.84
303.46
302.71
303.65
304.56
304.67
304.76
304.98
304.87
305.96
305.26
305.1
304.91
306.14
306.71
306.39
306.25
306.7
308.73
308.5
308.62
308.54
308.08
307.96
307.78
307.85
308.17
308.27
308.23
308.45
307.49
308.54
307.55
307.74
307.92
307.81
308.15
308.05
308.45
308.09
307.29
306.98
307.09
307.6
308.31
307.82
307.68
307.43
307.35
308.31
307.84
308.3
308.24
308.76
308.4
309.32
308.61
308.57
308.87
308.81
309.09
308.99
309.09
309.55
309.15
309.9
310.67
310.58
311.1
310.77
311.98
312.25
311.62
311.73
311.83
311.56
313.08
311.67
312.03
313.22
313.57
313.57
313.06
312.9
313.25
313.47
313.64
314.38
314.65
314.1
313.6
313.77
315
313.52
313.45
313.71
313.92
314.29
314.84
314.89
314.93
315.23
314.44
315.64
315.99
314.85
315.16
316.6
317.12
316.37
316.34
315.78
316.52
316.71
316.03
314.96
315.2
314.71
315.74
314.71
314.91
315.15
315
315.73
315.59
315.09
314.54
314.01
314.3
314.47
314.46
315.26
315.22
315.31
314.13
314.54
314.05
314.82
314.52
314.85
314.66
315.28
314.54
313.36
315.38
314.73
315.53
315.03
314.8
315.58
315.3
314.91
316.18
315.66
316.19
316.26
315.06
316
314.94
314.96
315.97
315.88
316.57
316.86
315.94
315.64
315.69
316.29
315.78
316.97
316.43
316.91
317.49
317.32
317.94
317.92
317.95
318.61
318.58
319.21
318.83
318.62
318.66
318.66
318.77
318.47
317.72
317.95
317.07
319.33
317.22
318.91
317.69
316.92
317.36
318.58
318.37
316.99
315.91
316.47
317.14
317.74
317.57
317.46
318.45
318.87
318.11
317.97
318.22
318.36
317.92
318.14
318.03
317.54
318.09
317.88
318.32
317.25
318.03
318.31
317.7
317.83
317.3
318.39
318.29
317.79
317.47
317.61
316.91
317.43
317.55
318.37
318.22
318.38
317.34
318.09
318.34
318.86
318.53
318.07
317.89
318.12
318.01
318.54
318.54
317.88
317.78
318.36
318.25
318.56
317.75
318.43
318.54
318.98
318.79
317.94
318.43
317.94
317.74
318.72
318.45
318.63
317.31
317.68
318.23
318.17
318.19
317.58
317.99
317.91
318.69
318.33
319.23
319.34
318.39
318.12
318.7
317.26
317.4
317.65
317.74
317.37
317.01
316.49
316.7
316.83
318.51
316.77
316.7
316.22
315.94
316.68
315.77
316
316.14
315.48
315.36
315.55
315.93
315.13
315.8
315.59
314.89
315.21
315.45
314.95
315.01
315.25
316.03
316.29
315.04
316.52
316.69
315.08
315.3
315.42
315.38
315.36
316.19
315.74
316.17
314.9
315.53
315.76
315.64
315.72
315.54
315.52
316.13
315.06
314.71
314.93
314.83
314.4
313.88
313.35
313.85
313.94
313.23
314.28
313.89
313.33
313.87
313.53
314.58
313.8
313.73
314.08
314.68
313.05
312.93
312.87
313.9
314.1
314.41
314.34
313.94
313.59
314.57
314.42
314.29
312.1
312.27
312.48
312.1
312.17
312.4
312.21
311.9
312.93
311.7
312.55
311.91
311.74
311.49
312.02
312.46
312.11
312.05
311.59
312.08
311.52
312.76
312.4
311.62
311.37
311.5
311.62
311.67
311.2
311.67
311.56
310.84
311.37
311.35
312.03
311.93
311.97
312.14
311.96
311.95
311.27
311.55
311.17
311.83
311.6
311.65
312.2
311.09
310.93
309.98
310.38
310.72
311.52
310.98
311.1
310.72
310.61
309.63
309.68
310.36
310.11
310.12
309.72
310.61
309.87
309.32
308.62
308.67
308.81
308.92
308.2
308.92
309.16
308.16
308.12
307.08
307.97
308.4
308.33
308.87
307.62
307.62
308.61
308.09
308.68
308.03
307.75
308.91
308.58
308.2
308.33
308.41
308.75
308.68
308.23
308.73
308.31
308.2
308.57
308.19
308.09
309.74
307.87
307.87
308.03
308.53
307.01
307.43
307.21
306.68
306.25
306.57
307.78
307.3
307.61
307.01
306.3
306.67
306.22
306.96
307.36
307.56
305.93
306.98
306.55
306.76
306.52
306.43
305
306.08
306.33
305.39
306.34
305.38
305.43
305.52
305.16
304.32
304.44
304.89
305.37
305.54
305.32
304.86
303.94
304.01
304.52
304.65
304.03
305.17
304.66
304.76
305.05
304.95
304.72
303.73
304.06
303.39
303.86
302.61
302.98
302.5
302.68
302.8
303.48
302.69
302.77
301.98
302.59
302.47
302.15
301.38
302.31
302.17
302.12
302.22
300.54
300.1
299.75
299.95
300.42
299.75
300.78
300.05
299.2
299.69
299.91
299.96
300.1
300.03
299.79
299.82
299.74
299.31
298.72
298.83
299.34
298.65
298.97
299.1
298.83
299.24
299.23
299.11
299.23
298.42
298.84
298.94
298.31
299.06
298.4
298.12
297.47
297.7
298.96
298.46
299.15
298.27
298.9
298.86
298.86
299.85
299.11
299.11
298.95
298.7
297.99
298.83
299.61
299
298.55
298.55
297.83
298.57
299.34
297.89
298.73
298.53
298.65
298.45
299.27
298.73
299.72
299.53
299.87
299.89
299.78
299.97
299.81
300.01
299.95
300.04
300.59
300.04
300.6
300.09
300.39
301.04
300.67
300.59
300.41
300.08
300.34
300.49
300.2
299.45
299.9
299.98
298.75
300.15
299.78
299.75
299.92
300.38
299.07
299.96
298.9
299.17
299.35
298.67
299.92
299.73
299.48
298.65
298.73
298.13
298.19
298.04
298.13
297.41
298.21
297.38
297.24
297.09
297.6
297.4
298.01
297.22
297.73
297.63
297.64
296.8
297.2
298
297.81
297.06
297.76
297.08
296.44
296.35
297.6
297.03
296.94
297.4
297.15
297.61
297.05
297.03
298.25
297.57
297.07
297.45
296.92
296.87
297.23
296.98
296.14
296.68
296.64
297.5
297.13
297.5
296.88
296.24
296.16
295.93
297.13
296.82
296.14
296.74
297.28
298.12
297.64
297.53
295.82
296.49
297.44
296.91
296.97
296.51
297.2
298.05
298.6
298.96
299.32
299.69
299.46
299.7
299.96
299.87
300.38
300.19
299.87
299.92
300.65
300.2
299.43
300.5
300.21
300.28
300.47
301.04
300.3
300.86
300.95
301.4
301.18
301.37
301.84
301.81
301.36
302.25
302.35
302.31
302.98
302.78
302.92
303.1
303.84
302.63
303.22
303.26
303.05
303.16
303.78
302.43
302.75
303.03
303.04
303.14
302.89
303
303.74
302.98
302.32
302.99
302.96
302.77
302.92
303.05
302.56
302.73
303.49
303.98
303.62
303.14
304.06
304.43
304.03
304.64
305.34
304.76
305.31
304.16
304.72
305.89
307.11
305.57
305.84
307.9
307.13
307.76
307.07
307.49
307.86
307.94
307.82
308.51
308.06
307.46
308.69
308.06
308.19
308.24
308.52
308.24
308.66
309.2
308.15
308.86
309.25
309.77
309.96
309.9
309.47
309.89
309.25
310.08
309.62
310.2
310.02
309.68
309.26
309.81
310.07
309.14
309.65
310.09
310.06
310.76
309.83
309.94
310.15
310.76
310.15
309.96
309.48
309.83
310.54
310.52
310.09
310.07
309.83
309.95
310.32
311.17
310.91
311.65
310.22
310.99
312.08
312.52
312.3
313.55
313.45
313.57
314.27
315.16
315.55
315.64
316.25
315.63
315.5
315.86
316.29
316.66
316.2
316.97
316.83
317.24
317.38
316.46
316.55
317.19
316.78
316.75
316.02
316.58
317.89
316.65
315.84
316.11
316.25
316.54
315.63
317.22
316.91
316.68
316.38
315.42
316.09
316.2
315.86
316.32
316.31
316.27
316.16
315.81
316.51
316.4
315.87
315.46
315.66
316.85
317.22
317.7
316.99
317.33
316.93
317.35
318.1
317.95
318.28
318.18
317.72
318.23
318.26
319.14
320.1
319.87
320.54
319.84
320.9
320.59
320.02
320.99
320.13
320.7
321.7
321.27
321.23
321.44
321.02
321.2
321.41
321.76
321.83
321.78
321.87
321.74
321.52
322.08
321.64
322.2
322.01
322.11
322.29
322.51
322.31
322.35
322.04
322.1
322.31
322.24
322.9
322.9
323.04
323.59
322.74
322.41
322.47
322.87
322.88
323.27
322.62
323.2
323.95
323.68
323.7
323.27
324.39
323.72
323.33
322.88
324.41
324.31
324
324.3
324.42
324.32
323.59
323.28
324.35
324.28
324.36
324.19
324.48
324.37
325.26
325.79
325.91
324.1
324.38
324.85
324.46
324.78
324.8
324.65
324.35
324.72
324.24
324.45
324.01
324.58
324.74
325
324.71
323.76
324.57
324.47
324.95
325
324.84
324.98
325.38
325.64
325.68
325.8
324.79
325.4
325.18
324.92
324.95
325.52
325.29
325.05
325.2
324.18
324.95
324.61
324.88
324.87
325.71
325.33
324.66
324.55
325.32
323.89
324.84
325.21
325.08
325.12
326.01
325.76
326.06
326.03
326.04
326.47
326.13
326.08
325.44
324.89
325.66
325.9
326.29
327.1
325.97
326.29
325.59
326.33
325.72
324.5
325.77
325.88
325.51
326.23
325.1
326.22
326.32
326.62
325.26
324.92
325.17
324.6
323.74
324.78
325.09
324.19
324.01
324.34
323.83
323.99
323.46
324.45
323.73
324.17
325.31
324.72
325.13
324.54
324.79
324.29
323.66
324.85
323.97
324.09
324.61
324.54
323.34
322.68
323.95
323.55
322.99
323.16
324.13
323.38
323.95
323.69
323.77
322.79
323.38
323.34
323.35
323.63
324.18
323.59
324.28
324.27
323.04
322.95
322.75
323.32
322.77
323.16
322.9
323.51
322.95
323.09
321.81
322.79
323.15
322.17
323.2
323.09
323.41
322.79
323.57
322.99
321.62
322.51
322.39
322.01
322.36
322.57
322.03
322.09
321.42
321.82
322.39
321.96
321.53
321.42
321.53
321.4
320.78
321.19
320.79
321.43
321.33
321.59
319.8
320.65
321.06
320.77
320.52
320.99
321.14
320.49
320.33
319.76
320.12
319.08
319.67
319.27
319.24
319.47
319.2
319.42
320.25
319.64
319.65
319.73
320.44
318.98
320.05
319.87
318.87
318.75
318.6
318
317.64
318.62
318.44
317.5
318.35
318.09
318.28
318.2
318.37
317.97
318.66
317.2
317.24
317.24
317.72
317.03
317.57
317.68
317.13
315.58
316.77
316
315.72
315.87
317.24
316.51
315.57
315.68
316.91
315.85
315.27
315.15
315.8
315.16
314.73
316.43
315.49
314.87
315.03
313.85
313.1
313.1
313.48
312.42
312.19
313.23
312.8
311.87
312.22
312.45
312.13
312.87
312.72
312.4
312.58
312.29
312.2
311.16
312.21
311.92
311.19
310.49
312.56
312.48
312.46
311.6
312.02
311.49
312.16
312.25
311.1
311.15
311.51
311.72
311.18
311.14
310.74
310.3
310.75
310.55
310.27
310.48
310.15
309.13
309.93
310.39
309.7
309.59
306.48
305.06
304.48
303.68
302.68
302.77
302.19
302.57
302.47
302.59
302.57
303.8
302.96
302.81
303.13
303.03
303.16
302.92
303.06
303.03
302.8
303.17
302.01
301.77
302.48
302.44
302.61
302.73
302.35
302.76
302.81
301.65
301.29
302.15
301.77
302.23
302.4
301.88
301.88
302.46
302
302.25
302.39
303.39
302.94
303.11
302.5
301.88
302.08
301.72
302.51
301.72
302.17
302.47
302.89
301.96
302.26
302.57
303.34
302.24
301.96
301.61
302.33
303.2
301.83
303.15
302.1
302.2
302.45
302.52
302.49
302.94
302.62
302.54
302.74
302.72
302.95
302.08
302.15
302
302.06
303.14
302.3
301.47
302.64
302.36
301.21
302.06
302.77
302.5
302.77
302.59
302.8
302.03
302.12
302.26
301.73
303.16
302.13
301.64
301.87
302.86
302.46
302.25
302.58
301.27
301.63
301.81
302.83
302.79
302.58
302.17
302.32
302.14
302.58
302.52
303.1
303.31
303.14
302.23
303.29
303.22
302.43
302.14
301.61
302.32
302.46
302.54
302.77
303.5
303.38
302.46
303.26
304.06
303.77
303.25
302.68
302.74
302.8
303.49
302.91
303.15
303.55
303.87
303.34
302.41
302.2
303.18
303.32
304.03
303.66
303.96
303.38
303.82
304.15
303.9
304.79
304.09
304.01
305.2
305.3
304.78
304.93
304.86
305.62
304.83
305.03
305.29
304.65
304.88
305.52
304.57
304.81
305.62
304.65
304.33
304.91
305.07
305.53
304.41
306.33
305.52
305.45
305.63
305.55
305.29
305.97
304.9
304.76
304.81
304.62
304.23
305.43
304.88
304.85
306.06
305.41
305.39
305.86
304.33
304.69
305.63
305.03
304.88
304.8
304.92
305.14
305.89
305.76
305.61
305.51
305.65
306.34
305.95
305.12
305.36
305.82
304.52
304.56
306.33
305.24
306.36
306.27
305.51
305.23
306.42
305.59
306.08
306.12
305.66
305.43
306.81
306.09
304.92
304.82
305.16
305.72
305.79
305.93
305.68
305.61
306.01
306.08
306.01
305.77
306.17
306.28
306.08
305.31
306.28
306.06
305.97
305.59
306.42
306.39
306.52
306.68
306.5
306.75
306.55
305.87
305.87
304.78
305.38
305.45
306.08
305.06
306.08
306.35
305.26
306.31
305.81
306.57
307.22
307.7
308.44
308.37
307.56
307.54
307.52
307.42
307.57
307.11
307.86
307.74
307.49
307.53
307.5
308.47
307.84
307.7
308.93
308.45
308.6
308.59
308.71
309.62
309.51
309.21
310.35
310.34
311.39
311.19
311.73
311.92
312.03
312.58
312.13
312.41
310.6
311.19
312.15
311.85
311.49
312.15
311.97
311.19
311.65
311.63
311.93
312.22
311.4
311.62
312.48
311.79
311.72
310.72
311.82
312.21
311.2
310.98
311.63
312.73
312.52
312.05
312.22
312.5
311.96
311.54
310.65
311.75
311.72
312.12
312.5
313.3
312.8
312.4
311.12
312
312.3
312.26
312.79
312.48
312.52
312.32
312.27
313.34
312.44
311.28
311.46
311.94
311.81
312.58
312.56
311.6
311.95
312.66
313.22
313.19
312.65
312.22
312.16
312.46
311.46
311.85
312.02
311.05
310.68
311.75
312.1
311.96
312.49
311.97
311.38
312.05
312.21
312.65
311.72
311.77
312.4
312.1
312.55
312.53
312.54
312.68
313.2
312.61
311.92
311.3
312.4
312.52
313.4
312.24
312.65
312.71
312.35
312.23
313.3
312.34
312.76
312.18
311.54
312.11
312.95
312.71
312.45
312.71
313.59
313.69
313.74
314.26
315.45
314.12
313.73
313.56
314
313.58
313.99
315.24
314.94
315.93
316.72
317.07
316.7
317.36
316.96
316.74
316.66
315.96
316.65
316.91
317.19
318.37
318.17
316.83
318.12
317.86
317.76
318.07
317.94
318.76
317.8
318.3
318.48
317.96
317.05
317.24
317.97
317.34
316.86
316.9
317.54
318.05
316.92
316.81
317.39
318.14
317.07
317.24
317.7
317.41
317.24
318.24
317.32
316.72
317.3
317.93
318.34
318.85
318.53
318.23
319.18
318.3
318.51
318.68
318.14
317.92
318.55
318.35
318.04
319.4
318.83
317.88
318.37
319.13
318.75
318.3
318.66
319.55
318.2
318.69
318.28
317.75
317.64
318.13
318.75
319.06
318.61
319
318.49
318.17
318.75
318.66
318.51
318.15
318.29
319.36
318.58
318.97
317.31
317.89
318.72
317.99
318.5
318.63
318.58
319.47
318.26
319.07
318.58
319.25
319.34
319.99
319.28
319.27
319.5
319.99
320.06
319.66
319.12
319.56
318.9
319.23
318.83
320.03
319.16
320.64
320.73
319.86
320.31
320.47
320.18
320.74
320.04
320.69
319.91
320.67
319.28
319.32
320.15
319.64
320.11
319.75
319.79
319.9
319.59
319.9
319.57
320.58
320.29
320.98
320.51
321.14
319.46
318.59
318.82
319.82
318.87
319.53
319.58
320.02
320.25
320.2
320.26
319.71
320.7
319.91
320.2
321.11
320.25
320.27
320.63
320.85
320.86
320.92
321.06
321.39
321.17
321.21
320.7
320.74
320.79
321.54
321.16
320.97
321.57
322.01
320.9
320.85
322.14
321.76
321.73
320.96
321.08
321.8
321.1
321.66
322.14
321.22
322.03
322.03
321.23
321.24
321.65
321.28
320.5
319.96
319.87
319.6
319.94
320.31
319.69
320
319.33
319.9
319.38
319.54
317.93
318.04
318.71
318.68
319.75
319.53
319.82
318.99
318.58
320.84
319.6
319.96
319.56
319.87
319.48
320.16
319.33
319.34
319.5
319.56
317.81
318.82
319.8
319.16
319.65
319.74
320.37
319.65
319.83
320.27
319.69
318.95
319.09
319.02
319.03
319.92
319.81
318.88
318.34
318
317.84
318.6
317.75
318.76
318.37
318.49
318.41
318.24
318.51
318.77
318.15
318.39
318.25
318.58
318.01
318.33
317.1
318.18
317.75
318.45
318.74
318.12
318
315.98
316.98
318.24
318.28
318.31
317.37
317.88
317.08
317.5
318.02
318.22
317.2
314.66
316.25
317.4
318.24
317.66
317.4
318.51
318.21
318.26
318.07
317.91
317.88
317.04
316.84
316.65
316.09
315.07
315.91
315.58
315.99
315.56
316.13
315.43
315.16
315.79
315.67
315.19
314.88
315.61
314.66
314.17
315.12
315.67
315.19
315.71
314.46
315.14
315.04
315.94
314.69
314.24
315.13
314.5
314.77
316.55
313.85
314.88
315.47
315.31
314.61
315.91
315.03
315.41
315.13
315.63
315.19
315.08
315.22
314.28
315.4
315.52
315.77
315.39
315.6
314.93
314.68
314.08
313.91
313.9
313.86
313.14
313.06
313.36
313.35
313.84
313.72
314
313.54
313.06
314
313.37
313.31
313.6
314.06
312.76
313.76
313.81
313.54
313.3
313.55
312.67
312.64
313.07
312.82
312.96
313.03
312.69
312.7
313.29
313.56
314.17
313.07
312.64
312.82
313.1
312.9
312.9
312.59
312.62
312.86
312.23
311.31
311.33
311.18
311.36
309.92
310.23
309.46
309.83
309.07
308.64
307.73
306.81
306.46
305.39
305.41
305.47
304.76
305.3
304.99
304.6
304.69
304.78
305.2
304.53
304.41
304.91
305.35
305.03
304.82
304.08
303.54
304.69
304.21
303.99
304.1
304.68
304.04
303.46
303.21
304.28
304.26
304.76
304.54
304.08
303.55
303.15
304.4
303.26
303.66
304.45
304.22
304.81
304.31
303.71
304.74
305.09
304.49
304.6
304.41
304.75
305.19
305.57
306.15
305.82
305.56
306.07
305.93
306.18
306.43
306.63
306.22
306.16
306.89
306.93
305.76
306.58
306.58
307.14
306.07
306.37
306.46
305.77
307.26
307.17
305.84
306.61
306.16
306.05
306.53
306.82
306.09
306.32
306.28
306.15
306.37
304.85
306.14
306.42
306.4
306.36
305.83
304.89
305.98
304.79
305.46
304.93
305.32
305.97
306.06
305.55
305.72
305.98
305.27
305.72
306.57
305.75
305.86
305.57
304.95
303.72
303.75
304.26
304.2
304.31
303.14
303.02
302.71
302.35
302.68
302.56
302.03
303.39
303.21
302.36
302.35
302.71
302.26
302.35
302.88
302.44
302.2
302.26
302.4
302.57
302.6
302.53
301.79
301.3
301.7
301.96
301.84
302.16
301.9
301.37
301.9
302.81
302.57
303.08
302.54
302.4
301.89
302.02
301.69
301.5
301.91
302.21
302.56
301.85
301.95
301.7
302.86
302.56
302.54
302.29
302.5
302.34
302.86
303.06
302.87
302.48
301.7
300.99
301.61
303.13
302.58
302.64
301.75
302.45
302.49
302.25
302.4
301.98
302.35
302.3
302.61
302.12
301.81
302.69
301.31
302.22
301.47
302.49
302.14
301.72
302.04
302.94
303.2
302.73
302.36
302.9
302.9
303.1
303.36
303.97
303.74
304.15
303.72
303.28
303.32
302.83
303.75
305.48
305.03
304.83
304.58
304.62
304.14
304.23
304.64
304.93
304.84
305.39
304.39
305.1
305.14
305.5
304.94
304.7
305.19
305.49
304.54
304.64
304.54
305.43
305.39
305.18
305.58
304.36
305.41
304.25
304.17
304.92
304.8
304.83
305
305.44
304.86
304.76
305.19
304.68
304.59
304.99
304.84
305.51
305.56
305.43
304.93
303.4
305.09
305.57
305.75
304.79
305.06
305.52
305.18
305.31
305.18
305.53
305.28
304.53
305.76
305.25
306.35
306.58
306.92
306.7
306.46
306.11
306.88
307.93
307.42
307.26
306.91
307.24
307.05
307.69
307.68
307.58
307.92
308.07
307.78
307.73
307.47
307.97
308.72
307.64
309.21
308.07
308.15
308.09
309.68
308.85
310
309.92
309.17
309.9
309.33
309.53
309.72
310.4
310.57
310.75
310.28
310.74
311.1
311.07
311.35
311.21
311.97
311.97
311.7
312.28
311.6
311.51
311.04
311.01
311.6
311.6
311.27
311.27
311.84
311.09
311.58
311.68
312.24
311.87
312.32
311.63
311.38
310.92
311.11
311.88
311.25
311.53
311.37
310.96
311.24
311.51
312.01
310.33
310.49
310.48
311.68
311.81
311.97
311.61
310.89
311.43
311.5
312.43
313.03
312.89
313.46
313.39
313.88
312.41
311.72
312.36
312.5
314.12
315.16
315
316.21
316.4
316.72
316.24
316.46
316.21
316.72
316.53
315.88
316.49
316.8
317.09
317.18
317.34
316.97
317.09
318.28
317.72
317.24
316.48
316.91
316.66
317.08
317.14
317.44
317.81
317.95
317.93
317.63
317.73
318.28
318.35
318.26
318.62
318.65
318.65
318.2
318.8
317.71
317.67
318
317.64
318.06
317.16
318.41
318.8
318.99
318.02
318
319.07
316.65
318.82
318.61
318.21
318.12
317.21
318.69
318.18
318.32
318.12
318.74
318.14
317.87
318.1
318.04
318.03
318.51
318.92
318.58
317.84
318.95
318.7
319.64
319.36
320.01
319.9
320.82
320.24
321.27
321.44
321.87
323.49
323.79
324
322.8
323.28
323.76
324.74
325.73
324.34
323.26
324.62
325.32
325.09
324.91
324.27
324.22
324.53
324.53
323.45
324.12
323.7
324.15
323.89
324
324.34
323.93
324.6
324.69
324.16
324.39
324.41
325.08
324.82
324.44
324.2
324.11
324.35
324.99
323.27
324.32
324.57
324.24
323.95
323.91
323.7
323.39
324.32
324.1
324.1
324.03
323.67
324.63
323.88
324.15
323.89
323.56
324.25
324.15
324.08
324.81
324.24
324.67
324.49
325.04
324.67
324.01
325.13
324.38
323.35
324.27
323.9
323.51
322.16
322.81
323.38
323.33
323.33
323.41
322.33
323.27
323.42
322.76
322.84
322.48
322.77
323.43
322.89
322.27
322.94
323.38
322.93
322.82
322.58
322.07
323.34
324.41
323.23
323.43
323.94
323.31
323.27
322.55
322.66
322.46
323.17
322.62
322.02
322.66
322.7
323.02
323.02
322.85
321.76
322.6
323.27
323.72
324.5
323.58
323.89
321.69
322.19
322.71
322.73
322.54
323.32
323.73
323.52
323.44
323.03
322.63
322.55
323.77
322.65
322.77
322.21
321.31
321.15
321.15
321.17
320.59
320.51
320.45
321.5
321.82
321.25
321.53
321.74
321.58
319.87
320.41
320.41
320.64
321.06
321.14
320.88
321.93
321.54
320.61
320.55
320.55
320.58
320.58
320.45
320.94
320.85
321.63
320.48
320.7
319.79
320.84
321.65
321.76
320.59
320.71
320.57
320.95
319.82
319.32
320.01
320.59
319.72
318.84
319.19
319.09
319.18
318.45
318.9
317.85
317.55
318
318.13
319.11
319.04
318.68
318.68
319.15
318.42
318.66
318.39
319.11
319.11
318.33
318.15
318.72
319.4
318.67
318.25
318.62
318.74
318.95
318.39
318.74
318.49
317.51
318.67
317.8
318.39
318.46
318.62
317.83
316.78
316.78
317.55
317.55
317.64
316
317.38
317.3
317.92
317.69
317.92
317.58
316.77
316.26
316.68
314.67
312.85
312.85
312.01
312.01
311.71
311.91
311.45
312.01
311.78
310.87
310.55
310.66
310.4
310.52
311.45
311.12
311.12
311.32
311.32
311.4
311.83
311.18
311.38
310.78
311.71
310.9
310.9
310.64
311.24
310.88
310.74
310.36
310.42
311.38
310.74
310.9
310.77
311.05
311.1
311.1
311.34
311.34
311.71
310.79
311.07
311.49
311.53
311.28
310.95
310.64
310.64
311.33
311.33
311.58
311.08
311.71
311.93
312.27
311.07
311.18
310.04
310.68
310.68
311.66
311.66
311.86
311.26
311.62
310.9
310.75
311.65
312.19
311.76
311.78
312.1
311.21
310.7
309.56
308.55
308.55
308.58
308.19
308.42
305.63
305.63
302.21
301.64
301.75
301.13
301.13
300.82
300.58
299.68
300.2
300.86
300.26
300.26
300.28
299.88
300.07
300.88
301.3
300.54
300.81
300.49
299.43
299.43
300.43
300.32
299.69
299.33
300.55
300.55
301.1
300.25
300.57
301.08
300.69
301.07
303.01
303.69
303.35
303.96
304.28
304.28
303.32
305.04
305.53
304.63
304.69
304.78
302.88
304.29
304.42
304.84
304.84
305.39
305.94
305.85
305.44
304.75
305.23
304.29
304.12
304.66
305.14
305.47
304.65
305.48
303.71
304.97
304.88
305.95
305.01
304.69
305.44
306.13
306.13
305.75
304.26
306.05
305.4
305.17
305.58
304.72
305.31
304.85
305.22
304.12
305.26
305.26
305.5
305.2
304.74
305.04
304.98
305.47
306.02
304.78
306.5
304.4
304.84
304.32
304.65
305.69
305.16
306.11
305.02
304.76
305.31
305.19
304.78
304.55
305.68
305.14
305.32
304.71
304.81
304.11
304.68
304.77
305.01
305.38
305.63
305.09
304.54
304.69
303.76
304
304.34
304.94
305.45
304.59
304.8
304.51
304.45
304.37
304.58
304.18
305.01
305.28
304.95
305.45
304.77
304.42
304.44
305.08
305.01
304.17
303.94
304.56
304.59
304.51
304.92
305.2
304.44
304.61
304.88
304.92
305.92
304.98
305.16
305.5
304.6
305.23
304.79
305
303.23
304.91
305.26
305.52
305.16
303.8
304.97
306.4
305.42
305.01
304.75
305.8
305.32
305.32
305.47
305.01
304.59
304.79
304.82
306.02
306.47
305.69
305.97
306.58
307.36
307.06
307.07
306.78
307.38
306.59
306.64
307.82
307.42
307.26
306.96
307.88
308.27
307.97
308.41
309.12
309.26
307.81
309.52
308.81
308.24
309.76
309.31
310.55
309.51
309.99
309.88
310.17
309.63
309.57
311.07
309.33
310.07
310.33
309.33
309.44
309.81
309.31
310.12
310.34
310.91
310.13
310.12
310.93
311.03
310.32
309.62
310.83
310.22
309.76
310.07
310.32
311.19
311.29
312.24
312.48
312.46
312.62