-5.93
-5.98
-5.42
-5.08
-5.06
-5.51
-5.78
-6.55
-6.72
-5.91
-5.86
-6.18
-6.18
-5.54
-6.44
-6.9
-6.49
-6.6
-6.95
-6.86
-6.95
-7.73
-7.67
-6.4
-5.52
-5.04
-4.98
-5.42
-6.14
-5.89
-6.04
-6.62
-6.75
-6.31
-6.74
-6.82
-5.73
-6.04
-6.19
-5.84
-6.16
-6.58
-6.52
-6.11
-6.32
-6.57
-6.05
-5.66
-5.8
-5.97
-5.45
-5.51
-5.66
-5.37
-6.4
-7.16
-6.89
-7.16
-7.31
-6.98
-5.94
-6.1
-6.04
-6.02
-6.02
-6.28
-7.19
-6.54
-6.25
-6.24
-5.35
-5.82
-6.08
-6.02
-5.69
-5.71
-5.82
-5.75
-6
-6.1
-6.1
-6.14
-6.29
-6.29
-5.95
-6.37
-6.61
-6.28
-6.58
-7.31
-6.86
-6.75
-7.33
-7.23
-6.67
-6.84
-6.53
-5.8
-6.1
-6.47
-6.05
-6.05
-5.86
-6.08
-5.74
-5.94
-6.27
-5.42
-5.3
-6.55
-6.61
-5.71
-5.67
-5.81
-5.62
-5.29
-5.51
-5.82
-5.82
-5.93
-5.97
-5.53
-5.61
-5.62
-5.11
-4.6
-5.39
-5.41
-5.6
-6.09
-6.23
-6.23
-5.94
-6.28
-6.51
-6.51
-6.21
-5.96
-5.34
-5.69
-5.66
-5.15
-5.05
-5.5
-5.63
-5.2
-6.16
-6.62
-5.79
-5.67
-5.67
-5.77
-5.68
-6.55
-7.08
-6.25
-6.06
-6.19
-5.8
-5.71
-6.1
-6.52
-6.24
-6.63
-6.56
-6.39
-6.37
-6.41
-5.84
-5.23
-5.1
-5.45
-5.41
-5.36
-5.75
-5.77
-6.5
-7.22
-7.58
-7.58
-6.99
-7.06
-6.59
-7.06
-7.22
-6.7
-5.96
-5.96
-6.33
-6.25
-6.45
-6.99
-6.69
-6.54
-6.94
-6.89
-6.37
-6.07
-5.83
-5.15
-5.04
-5.89
-5.7
-5.85
-6.37
-6.22
-6.06
-6.44
-6.76
-6.65
-7.27
-7.06
-6.39
-6.08
-6.3
-6.52
-6.52
-6.09
-6.87
-6.38
-6.56
-7.02
-7.11
-6.49
-6.39
-6.23
-5.72
-5.47
-6.11
-6.39
-6.17
-7.23
-7.53
-6.92
-6.74
-6.65
-6.43
-6.43
-6.74
-6.22
-5.83
-6.05
-6.54
-6.06
-6.09
-6.53
-6.3
-6.26
-6.44
-7.07
-6.21
-6.3
-7.11
-6.78
-6.68
-6.59
-6.64
-6.25
-6.6
-6.63
-6.11
-5.96
-6.39
-6.31
-5.96
-5.62
-6.53
-6.83
-7.54
-8.05
-7.44
-6.96
-6.87
-6.87
-6.55
-6.6
-6.54
-6.02
-6.26
-6.99
-7.12
-6.49
-6.78
-6.88
-6.09
-6.08
-5.76
-5.31
-5.31
-5.31
-5.46
-5.41
-6.57
-7.86
-8.05
-7.09
-6.75
-5.95
-5.25
-5.54
-5.78
-5.41
-5.93
-6.02
-5.44
-5.22
-5.22
-5.71
-5.96
-5.96
-6.33
-5.97
-6.41
-7.24
-7.35
-6.7
-6.64
-5.68
-4.81
-4.61
-4.61
-5.42
-5.79
-5.79
-5.98
-5.15
-5.33
-6.06
-5.32
-5.84
-6.29
-6.26
-5.59
-5.35
-5.29
-4.95
-5.26
-5.72
-5.72
-5.53
-6.08
-6.59
-6.26
-6.53
-6.88
-6.59
-6.56
-7.01
-6.54
-5.95
-6.19
-6.76
-6.53
-6.47
-6.71
-6.16
-6.16
-5.94
-5.33
-5.07
-5.69
-5.59
-5.24
-5.36
-6
-5.75
-5.58
-6.08
-6.61
-5.67
-5.62
-5.97
-6.6
-6.6
-6.56
-7.46
-6.54
-6.65
-6.19
-5.68
-5.67
-5.94
-5.54
-5.76
-6
-6.84
-6.28
-6.37
-6.66
-6.51
-5.95
-6.35
-6.56
-6.56
-5.96
-5.51
-5.11
-5.42
-6.09
-6.48
-6.64
-6.36
-6.21
-5.25
-5.15
-5.15
-5.17
-4.67
-5.35
-5.74
-5.48
-6.07
-6.14
-6.31
-6.17
-6.7
-6.72
-6.52
-6.49
-6.4
-6.09
-5.62
-5.62
-5.81
-4.87
-5.38
-5.9
-5.68
-6.15
-5.98
-5.73
-6.13
-6.56
-6.53
-5.77
-5.63
-5.88
-5.88
-6.29
-6.73
-6.59
-5.9
-6.32
-6.27
-5.71
-6.22
-6.65
-6.02
-5.25
-5.73
-5.44
-5.11
-5.44
-6.19
-6
-6.35
-6.55
-6.55
-6.32
-6.63
-6.52
-5.4
-5.22
-4.94
-4.6
-5.87
-5.98
-6.14
-5.95
-5.8
-5.51
-4.77
-5.15
-6
-5.94
-6.04
-6.35
-6.72
-6.19
-6.39
-6.08
-5.69
-5.74
-6.23
-6.04
-6.01
-6.35
-6.32
-5.86
-6.25
-6.25
-5.8
-6.1
-6.3
-6.84
-6.16
-6.69
-6.7
-6.25
-6.74
-7.5
-7.2
-6.64
-6.83
-6.75
-6.44
-6.62
-6.54
-6.24
-6.08
-6.2
-5.98
-5.32
-5.32
-6.1
-5.22
-5.34
-6.21
-6.76
-6.63
-6.78
-6.17
-5.25
-5.4
-5.7
-5.33
-5.33
-5.7
-5.9
-5.27
-5.93
-6.18
-6.14
-6.08
-6.42
-6.34
-6.38
-6.78
-6.95
-6.48
-6.77
-6.68
-6.05
-5.97
-5.97
-5.81
-5.77
-6.24
-6.88
-6.4
-6.42
-6.92
-6.96
-7.04
-7.79
-7.59
-6.62
-6.43
-6.27
-5.63
-6.43
-7.45
-7.93
-7.81
-8.05
-8.15
-7.07
-6.64
-6.31
-6.43
-6.56
-7
-7.1
-6.5
-6.34
-6.78
-6.78
-6.13
-5.71
-5.76
-5.76
-5.63
-6.13
-5.88
-6.24
-6.46
-6.27
-6.65
-7.16
-7.06
-5.68
-5.63
-5.63
-5.35
-5.35
-6.86
-6.85
-6.68
-6.95
-6.55
-5.47
-5.22
-5.72
-6.14
-6.53
-7.58
-8.68
-8.44
-8.05
-8.3
-7.84
-7.41
-7.41
-7.37
-6.82
-6.65
-6.53
-6.26
-6.46
-6.53
-5.98
-5.82
-5.16
-5.13
-4.75
-5.21
-5.57
-5.41
-5.41
-5.11
-5.29
-4.88
-5.66
-6.14
-5.44
-5.35
-5.83
-5.99
-5.89
-6.41
-6.08
-5.57
-6.28
-6.34
-5.92
-5.79
-6.03
-6.03
-5.86
-6.16
-6.09
-5.87
-6.06
-6.49
-6.17
-6.06
-6.61
-6.79
-6.13
-5.65
-5.83
-5.55
-5.73
-5.73
-6.07
-5.43
-6
-6.44
-5.24
-5.22
-5.35
-5.03
-4.9
-5.13
-5.32
-5.14
-6.59
-7.57
-6.72
-6.72
-5.85
-5.95
-5.83
-6.11
-5.86
-5.4
-5.89
-6.37
-5.72
-5.41
-5.68
-6.34
-6.41
-6.67
-6.48
-5.27
-5.26
-6.13
-6.39
-6.23
-6.38
-6.95
-6.3
-6.2
-6.34
-6.19
-6.29
-6.85
-6.8
-6.77
-7.42
-7.58
-6.6
-6.56
-6.84
-6.89
-6.91
-6.91
-6.25
-5.49
-5.52
-5.82
-5.33
-5.7
-6.88
-7.63
-7.86
-7.77
-7.5
-6.96
-6.45
-6.69
-6.51
-5.78
-6.02
-6.24
-5.77
-6.2
-6.32
-5.91
-5.35
-5.13
-4.75
-4.94
-5.77
-6.2
-5.36
-5.71
-6.53
-7.27
-7.17
-7.31
-7.49
-6.97
-6.73
-6.04
-5.56
-5.96
-6.37
-6.04
-5.59
-5.76
-5.71
-5
-5.11
-5.06
-5.22
-4.68
-5.19
-5.38
-5.25
-5.64
-5.9
-6.19
-6.25
-6.51
-6.55
-5.94
-6.21
-6.09
-5.06
-4.92
-4.95
-4.58
-4.48
-5.44
-5.46
-5.29
-5.77
-6.44
-6.04
-5.85
-5.72
-5.53
-4.54
-4.74
-4.71
-4.14
-4.77
-5.38
-5.39
-5.21
-5.16
-5.07
-4.69
-5.27
-5.38
-4.71
-4.19
-4.58
-4.28
-3.71
-3.42
-3.87
-4.17
-5.17
-5.19
-4.35
-4.34
-5.22
-5.36
-4.93
-5.46
-5.46
-4.45
-5.05
-5.35
-5.54
-5.42
-5.4
-5.65
-5.47
-5.77
-5.83
-5.58
-5.29
-5.5
-5.75
-5.41
-5.63
-5.65
-5.07
-5.35
-5.56
-5.54
-5.14
-5.56
-5.68
-5.46
-6.23
-6.92
-6.83
-7.06
-6.87
-6.43
-6.19
-7.13
-7.09
-6.88
-7.11
-7.68
-7.43
-7.13
-7.05
-6.8
-7.14
-7.6
-7.52
-7.01
-7.36
-7.63
-7.52
-7.06
-6.6
-6.62
-6.24
-6.02
-6.26
-6.39
-6.69
-7.18
-7.14
-6.96
-7.13
-7.14
-6.17
-6.16
-6.75
-7.35
-7.35
-7.44
-7.49
-7.04
-7.59
-7.38
-6.4
-5.84
-5.99
-6.15
-5.95
-6.27
-6.38
-5.98
-5.95
-6.74
-7.02
-6.41
-6.35
-6.13
-5.39
-5.71
-6.57
-6.77
-6.61
-6.53
-6.41
-6.04
-5.77
-5.49
-4.39
-4.44
-5.41
-5.7
-5.7
-7.04
-7.44
-6.68
-6.79
-6.67
-6.38
-6.25
-6.96
-7.32
-6.79
-6.48
-6.51
-6.08
-5.52
-6
-6.26
-6.32
-6.61
-5.96
-5.21
-5.88
-6.51
-6.57
-6.17
-6.85
-6.86
-6.62
-6.35
-5.64
-4.79
-5.08
-5.83
-6.7
-6.22
-6.44
-6.46
-5.55
-5.14
-5.29
-5.19
-4.76
-5.47
-5.65
-5.13
-5.23
-5.15
-4.75
-5.01
-4.8
-4.8
-3.88
-4.65
-4.8
-4.49
-5
-5.32
-4.64
-4.1
-4.57
-4.67
-4.33
-4.72
-5.16
-4.65
-4.03
-4.61
-5.02
-5.27
-5.16
-4.98
-4.58
-4.89
-4.91
-4.37
-4.89
-5.44
-5.19
-5.26
-5.46
-5.3
-4.54
-5.34
-6.26
-5.74
-5.41
-5.47
-5.4
-5.27
-6.17
-6.41
-6.28
-6.24
-5.94
-5.7
-5.44
-5.49
-5.62
-5.03
-5.82
-6.4
-5.96
-6.12
-6.12
-5.98
-5.47
-5.94
-6.4
-6.28
-6.84
-6.55
-5.82
-5.71
-6.42
-6.27
-5.59
-6.21
-6.53
-5.84
-6
-6.45
-6.34
-5.76
-5.99
-5.99
-5.73
-5.79
-6.45
-5.94
-5.73
-5.85
-5.68
-4.88
-4.69
-4.85
-4.97
-4.97
-5.27
-5.62
-5.71
-6.29
-6.18
-5.16
-5.21
-5.57
-5.77
-6.17
-6.23
-6.25
-5.54
-5.99
-6.19
-5.65
-5.76
-6.26
-6.03
-5.9
-6.27
-6.55
-5.87
-6.37
-6.47
-5.85
-5.6
-5.69
-5.3
-5.06
-5.84
-5.66
-4.97
-5.06
-5.06
-5.41
-5.5
-5.97
-5.99
-6.15
-6.6
-5.93
-5.14
-5.59
-6.24
-6.07
-5.74
-6.42
-7.06
-6.77
-6.76
-6.55
-6.43
-6.42
-6.6
-6.66
-6.03
-5.95
-5.08
-4.44
-4.82
-5.6
-5.25
-5.7
-6.06
-6.5
-5.85
-5.95
-5.68
-5.1
-5.47
-5.68
-6.03
-5.87
-6.17
-6.32
-5.71
-5.57
-5.82
-5.02
-4.68
-5.29
-5.18
-4.67
-4.82
-4.9
-4.09
-4.5
-4.76
-4.59
-4.29
-5.17
-5.66
-5.07
-5.14
-5.36
-5.04
-4.9
-5.1
-5.16
-4.83
-5.05
-5.05
-4.39
-4.31
-4.51
-4.09
-3.63
-3.44
-4.11
-4.66
-5.36
-5.91
-5.62
-5.16
-5.25
-4.65
-3.92
-4.03
-4.55
-4.74
-5.21
-5.74
-5.87
-5.77
-6.52
-6.47
-6.63
-7.07
-7.09
-6.33
-6.34
-6.35
-6.47
-6.17
-6.08
-6.08
-6.29
-6.71
-6.78
-5.98
-5.44
-5.8
-5.92
-5.8
-5.91
-5.9
-5.08
-5.04
-5.38
-5.71
-5.94
-6.01
-6.51
-6.2
-6.77
-6.78
-6.58
-6.39
-5.98
-5.91
-5.48
-5.42
-5.68
-5.2
-5.79
-6.68
-6.87
-6.62
-6.39
-6.33
-6.15
-6.23
-6.23
-5.49
-5.7
-5.82
-5.83
-5.3
-5.68
-5.97
-5.96
-6.37
-6.22
-5.58
-5.5
-6.04
-6.2
-5.84
-6.53
-6.32
-5.83
-6.48
-6.76
-5.79
-5.75
-6.27
-6.69
-6
-6.36
-6.32
-6.13
-5.71
-6.14
-6
-5.43
-4.94
-5.23
-5.06
-5.07
-5.27
-5.57
-5.86
-6.15
-5.92
-5.52
-5.95
-6.35
-6.38
-6.72
-7.02
-6.43
-5.95
-6.82
-6.44
-5.81
-5.74
-5.96
-5.72
-5.34
-5.83
-6.64
-6.07
-5.95
-5.81
-5.25
-5.48
-5.7
-5.02
-5.29
-5.17
-5.29
-5.32
-6
-6.23
-5.8
-5.67
-5.82
-6.06
-5.99
-6.24
-6.01
-5.48
-5.29
-5.13
-4.86
-4.86
-5
-5.24
-4.94
-5.78
-6.56
-6.28
-6.3
-6.34
-5.85
-5.56
-6.08
-6.32
-5.74
-5.86
-5.78
-5.63
-5.39
-5.69
-5.06
-4.55
-5.05
-5.01
-4.22
-4.79
-5.3
-5.09
-5.51
-6.11
-6.29
-5.76
-6.34
-6.68
-6.5
-6.47
-6.53
-6.65
-6.49
-6.44
-6.24
-5.4
-5.49
-5.53
-5.51
-5.9
-6.5
-6.66
-6.39
-6.63
-6.74
-6.78
-6.34
-6.41
-6.58
-6.02
-5.59
-5.96
-5.96
-6.12
-6.39
-5.78
-5.77
-6.27
-6.65
-6.7
-6.35
-6.75
-5.77
-5.21
-5.21
-5.31
-5.33
-5.83
-6
-5.88
-6.48
-7.33
-7.21
-6.71
-6.94
-6.96
-6.67
-6.72
-7
-6.35
-6.52
-6.52
-5.71
-5.75
-5.93
-5.94
-5.41
-5.89
-6
-5.74
-5.87
-6.64
-6.83
-6.52
-6.53
-6.91
-5.83
-5.49
-5.49
-6.33
-6.19
-6.9
-6.99
-6.09
-6.13
-6.08
-5.98
-6.51
-6.62
-5.95
-5.73
-6.13
-6.39
-6.22
-6.64
-6.82
-6.15
-5.64
-5.92
-5.56
-5.27
-5.47
-5.25
-5.18
-5.29
-5.87
-5.6
-5.42
-5.97
-6.26
-5.62
-5.76
-5.76
-5.53
-4.86
-5.31
-5.15
-3.85
-3.91
-4.15
-3.42
-3.2
-3.5
-3.69
-4.47
-5.58
-5.72
-4.7
-5.24
-5.98
-5.57
-5.66
-5.7
-5.66
-5.66
-5.92
-5.67
-4.8
-5.2
-6.08
-5.72
-5.38
-5.72
-5.32
-4.8
-4.95
-5.52
-5.52
-5.05
-5.75
-5.6
-4.84
-5.58
-5.85
-5.5
-5.14
-5.21
-4.98
-4.92
-5.38
-5.44
-5.11
-5.55
-5.72
-5.2
-5.74
-5.62
-4.45
-4.38
-5.21
-6.11
-6.05
-6.69
-7.11
-6.79
-5.69
-5.37
-5.95
-6.4
-7.32
-7.65
-6.99
-6.85
-6.76
-6.28
-6.12
-6.59
-6.85
-6.27
-6.57
-7.25
-7.44
-7.31
-7.28
-6.88
-6.22
-6.14
-5.67
-5.59
-6.1
-6.8
-7.09
-6.41
-6.58
-6.5
-6.31
-7.19
-7.03
-6.36
-5.91
-6.17
-6.68
-6.72
-7.23
-7.23
-6.51
-6.54
-7.07
-6.78
-6.16
-6.14
-6.14
-5.96
-6.88
-6.99
-6.24
-6.67
-6.84
-6.99
-6.59
-6.67
-6.67
-6.64
-6.66
-7.01
-6.05
-5.99
-6.39
-5.95
-5.88
-6.48
-6.73
-6.55
-6.93
-7.03
-6.82
-5.92
-6.29
-6.29
-5.92
-6.19
-6.69
-6.45
-6.54
-6.38
-6.04
-5.4
-5
-5
-4.59
-4.73
-5.15
-5.49
-5.2
-5.28
-5.31
-5.31
-4.9
-5.47
-5.35
-5.39
-5.81
-5.11
-4.92
-5.01
-5.36
-4.48
-4.86
-4.63
-4.88
-5.43
-5.59
-5.77
-5.77
-5.67
-6.24
-5.84
-5.19
-5.35
-5.08
-4.97
-5.35
-5.88
-5.06
-5.37
-5.39
-5.56
-5.73
-6.15
-5.9
-5.9
-5.35
-4.98
-4.54
-4.95
-5.09
-5.15
-5.42
-5.5
-5.12
-4.65
-5.15
-5.47
-5.61
-5.93
-6.75
-6.37
-5.32
-5.35
-5.72
-5.25
-5.57
-5.98
-6.31
-5.76
-6.22
-6.15
-5.46
-5.68
-6.13
-5.62
-5.67
-6.05
-6.32
-5.92
-6.03
-5.94
-5.84
-5.88
-6.32
-5.84
-6.02
-7.07
-7.75
-7.44
-7.77
-7.46
-6.48
-6.13
-6.69
-6.59
-6.59
-5.73
-6.17
-5.37
-5.39
-6.04
-5.81
-5.66
-5.93
-6.26
-5.88
-6.7
-7.09
-6.95
-6.87
-7.19
-6.73
-6.36
-6.49
-6.83
-6.31
-5.74
-5.69
-5.43
-5.37
-5.93
-6.57
-6.39
-6.72
-6.78
-6.08
-5.87
-5.82
-6.08
-6.08
-6.44
-6.52
-5.56
-5.57
-5.84
-6.18
-6.08
-6.3
-5.83
-4.72
-4.69
-5.03
-4.92
-5.25
-6.03
-5.68
-5.38
-5.95
-5.98
-5.17
-5.14
-5.82
-5.75
-6.15
-6.68
-6.35
-5.25
-5.53
-6.05
-6.17
-6.35
-6.21
-5.75
-5.75
-5.75
-6.35
-5.21
-5.45
-6.01
-6.48
-6.93
-7.31
-6.6
-6.12
-5.78
-6.01
-5.39
-5.31
-5.14
-5.24
-5.24
-5.41
-5.62
-5.25
-5.99
-6.74
-6.27
-5.59
-5.35
-4.69
-4.17
-4.68
-5.11
-4.81
-5.13
-5.73
-5.61
-5.61
-5.41
-5.24
-4.93
-5.52
-5.66
-5.38
-5.13
-5.73
-6.12
-6.19
-6.35
-6.23
-5.44
-5.45
-5.5
-5.52
-5.62
-6.07
-6.14
-5.47
-5.65
-5.26
-5.08
-5.36
-5.67
-5.4
-4.81
-4.97
-5.02
-4.36
-4.69
-5.26
-5.14
-5.01
-5.06
-4.85
-4.38
-5.09
-6.05
-5.91
-5.8
-5.77
-5.47
-5.65
-5.74
-5.8
-5.28
-5.65
-5.58
-5.09
-4.81
-5.73
-6.08
-5.74
-6.45
-6.61
-6.25
-6.01
-6.52
-6.81
-7.31
-7.5
-7.13
-6.17
-6.09
-6.43
-6.46
-6.65
-6.65
-6.81
-6.29
-6.46
-6.56
-6.32
-6.34
-5.69
-5.42
-5.68
-5.67
-5.88
-5.11
-4.93
-5.5
-6.34
-6.88
-6.88
-7.66
-6.53
-5.62
-5.13
-4.91
-5.17
-5.4
-5.55
-5.72
-6.62
-6.88
-6.23
-6.3
-6.33
-5.78
-6.03
-6.03
-6.4
-6.23
-6.51
-6.36
-6.05
-6.33
-6.5
-6.43
-6.62
-6.71
-6.74
-6.19
-6.27
-6.5
-6.16
-5.87
-6.22
-6.39
-5.59
-5.96
-5.85
-5.72
-6
-6.41
-6.16
-6.02
-5.88
-6
-5.9
-6.41
-6.66
-5.98
-6.29
-6.79
-6.79
-6.48
-6.88
-6.63
-6.25
-6.27
-6.41
-6.46
-6.85
-7.03
-6.81
-6.44
-6.56
-6.47
-5.61
-5.55
-5.25
-5.25
-5.85
-6.74
-6.31
-5.76
-5.61
-5.22
-5.5
-5.47
-5.62
-5.77
-5.31
-5.85
-5.74
-4.9
-5.09
-5.08
-5.08
-4.35
-5.06
-5.06
-4.57
-4.51
-4.07
-3.58
-3.8
-4.65
-5.2
-4.83
-5.36
-5.71
-5.31
-5.53
-5.85
-5.69
-5.8
-6.34
-6.89
-6.67
-7.05
-7.08
-6.09
-5.94
-5.92
-5.77
-5.5
-5.63
-5.94
-5.48
-6.13
-6.37
-5.46
-5.15
-5.35
-6.44
-7.15
-7.55
-8
-7.07
-6.94
-7.04
-6.66
-6.42
-6.68
-6.83
-5.98
-6.16
-6.11
-5.72
-5.02
-5.66
-5.9
-5.35
-5.44
-5.65
-5.75
-6.14
-6.63
-6.85
-6.36
-6.6
-6.76
-6.22
-6.32
-6.77
-6.13
-6.13
-7.33
-8.08
-7.94
-8.1
-7.91
-7.46
-7.18
-7.38
-7.5
-7
-6.76
-6.97
-6.87
-7.22
-7.79
-7.17
-6.82
-6.75
-6.37
-5.96
-6.48
-6.79
-6.84
-6.93
-7.16
-7.02
-7.07
-7.07
-6.92
-6.27
-6.67
-6.75
-6.61
-6.35
-6.51
-6.47
-5.88
-6.58
-7.28
-7.15
-7.66
-7.29
-7.03
-6.91
-7.01
-6.89
-5.96
-6.2
-6.67
-6.33
-6.07
-6.21
-6.4
-5.62
-5.78
-5.81
-5.12
-5.61
-5.95
-6.09
-6.29
-6.61
-6.43
-5.41
-5.83
-6.18
-6.05
-6.05
-5.56
-5.52
-4.66
-5.39
-5.69
-5.56
-5.89
-6.22
-6.2
-5.68
-6.28
-6.47
-5.43
-4.99
-5.16
-4.83
-4.73
-5.06
-5.25
-4.88
-5.41
-5.38
-5.09
-5.42
-5.43
-5.71
-5.8
-6.37
-6.32
-5.71
-5.73
-6.18
-5.74
-6.05
-6.27
-5.69
-4.67
-4.75
-5.69
-5.54
-5.47
-5.66
-5.54
-5.71
-5.74
-6.08
-5.75
-6.24
-6.11
-5.12
-5.61
-5.61
-5.46
-5.66
-6.55
-6.52
-5.87
-6.2
-6.32
-6.19
-5.66
-6.38
-6.47
-5.11
-5.28
-5.78
-5.53
-5.78
-5.78
-6.08
-5.79
-5.82
-5.7
-5.04
-5.6
-6.28
-5.98
-5.58
-6.45
-6.7
-6.17
-6.55
-7.03
-6.63
-6.4
-6.27
-6.37
-6
-6.2
-6.46
-6.31
-6.58
-6.57
-5.62
-5.25
-5.42
-4.91
-5.18
-7.08
-8.85
-8.88
-9.05
-9.05
-7.99
-6.92
-6.94
-7.12
-6.59
-7
-7.4
-7.16
-6.85
-6.65
-6.11
-6.25
-6.69
-6.88
-6.45
-6.2
-6.31
-6.05
-5.96
-6.55
-6.32
-5.57
-5.47
-5.73
-5.74
-5.82
-6.37
-5.94
-6.14
-6.46
-6.71
-6.55
-7.38
-6.93
-6.93
-5.62
-5.58
-5.83
-5.38
-5.33
-5.65
-5.46
-5.71
-6.2
-5.73
-4.91
-5.02
-5.65
-5.35
-5.47
-6
-6.68
-6.65
-6.44
-6.24
-5.5
-5.61
-6.02
-5.78
-5.19
-4.91
-4.97
-5.3
-6.51
-7.37
-6.82
-6.81
-6.72
-6.72
-5.41
-5.87
-5.79
-6.07
-6.93
-7.01
-6.03
-5.88
-6.41
-7.35
-7.67
-7.8
-7.34
-6.29
-6.12
-6.18
-6.18
-5.64
-6.25
-6.3
-6.34
-6.49
-6.15
-5.45
-5.77
-5.89
-5.59
-5.44
-5.58
-5.42
-4.83
-4.81
-4.72
-4.97
-5.48
-6.29
-6.88
-6.36
-6.25
-6.14
-5.61
-5.58
-5.85
-5.2
-5.51
-5.96
-6.29
-5.84
-5.83
-6.03
-6.03
-5.65
-5.83
-5.42
-4.92
-5.69
-5.81
-5.4
-5.56
-5.74
-5.64
-5.5
-5.98
-5.68
-4.73
-4.7
-4.62
-4.7
-4.7
-6.43
-6.39
-5.83
-5.77
-5.51
-4.72
-5.13
-5.74
-6.1
-6.12
-6.75
-6.79
-6.85
-6.97
-6.97
-6.13
-5.69
-6.02
-6.31
-6.33
-7.65
-7.5
-6.63
-6.32
-6.22
-5.62
-5.02
-5.36
-5.46
-4.55
-5.27
-5.95
-5.91
-5.9
-6.11
-5.74
-5.43
-5.81
-6.11
-5.72
-5.83
-6.1
-5.88
-5.11
-5.27
-5.26
-5.1
-5.41
-5.44
-4.96
-5.13
-6.2
-6.34
-6.07
-6.25
-6.74
-6.82
-6.34
-5.62
-4.77
-5.39
-5.78
-6.22
-6.62
-7.16
-6.48
-5.64
-6.15
-5.98
-5.17
-4.75
-5.37
-5.62
-5.19
-5.5
-5.83
-5.71
-6.41
-6.89
-6.91
-5.78
-5.86
-6.34
-5.93
-5.91
-6
-6.16
-6.31
-6.15
-6.69
-5.84
-5.85
-6.4
-6.57
-6.83
-7.07
-7.13
-6.41
-6.55
-6.58
-5.73
-5.83
-6.69
-6.94
-6.58
-6.29
-6.29
-5.32
-5.64
-6.1
-5.92
-5.55
-5.62
-5.84
-5.48
-6.09
-5.72
-5.48
-5.48
-5.66
-5.34
-4.76
-5.19
-5.02
-4.87
-4.92
-5.08
-5.13
-5.32
-5.78
-5.47
-5.47
-5.56
-6.13
-5.61
-5.89
-6.2
-5.99
-5.58
-5.99
-5.95
-5.31
-5.9
-6.07
-5.72
-5.2
-5.65
-5.94
-5.41
-5.59
-5.98
-6.06
-5.9
-5.9
-5.44
-5.53
-5.59
-5.03
-4.86
-5.22
-5.21
-5.05
-5.93
-6.14
-6.07
-5.77
-6.29
-6.38
-5.68
-5.87
-6.3
-6
-6.12
-6.5
-6.99
-7.18
-7.61
-6.97
-6.21
-6.38
-6.49
-6.23
-6.14
-6.45
-6.54
-5.65
-5.9
-6.7
-6.67
-7.14
-7.37
-7.11
-6.31
-6.19
-5.95
-5.9
-6.55
-7.27
-7.23
-6.91
-7.05
-7.12
-6.46
-6.46
-6.33
-6.22
-6.46
-6.3
-6.05
-5.59
-6.34
-6.77
-6.18
-6.27
-6.42
-6.34
-6.05
-6.53
-6.68
-6.68
-6.49
-6.58
-5.88
-5.76
-6.47
-6.56
-6.43
-6.78
-6.75
-6.5
-5.95
-6.19
-5.74
-6.23
-6.68
-7.13
-7.13
-6.2
-6.8
-6.14
-5.56
-5.23
-4.7
-4.42
-4.35
-4.59
-4.78
-4.8
-5.04
-5.14
-5.72
-6.58
-6.69
-6.41
-6.41
-6.32
-5.81
-5.61
-6.11
-5.71
-5.27
-5.69
-6.07
-6.13
-6.55
-7.14
-6.42
-5.51
-5.84
-6.11
-5.79
-5.79
-5.84
-5.36
-5.53
-6.02
-6.43
-6.29
-6.52
-6.38
-5.9
-5.75
-5.74
-5.02
-4.16
-4.92
-5.72
-5.07
-5.05
-4.78
-4.49
-4.76
-5.04
-5.32
-5.07
-5.54
-6.18
-5.16
-5.24
-5.7
-5.4
-5.49
-6.13
-6.35
-6.13
-6.04
-5.9
-5.9
-4.87
-4.99
-5.33
-4.97
-5.07
-5.73
-5.83
-6.05
-5.73
-5.04
-4.68
-5.12
-5.42
-4.92
-4.92
-5.23
-5.78
-6.1
-6.05
-5.61
-5.34
-5.56
-5.5
-5.15
-5.47
-5.85
-5.31
-5.71
-6.05
-6.46
-6.22
-6.22
-6.64
-5.92
-5.78
-6.52
-6.6
-5.85
-6.46
-6.28
-5.59
-5.89
-6.04
-6.11
-6.16
-6.86
-6.83
-6.51
-6.56
-6.56
-6.58
-5.69
-6.1
-6.1
-5.51
-5.68
-4.99
-4.3
-4.37
-5.12
-5.58
-6.08
-7.12
-7.06
-6.17
-6.22
-6.51
-6.51
-6.17
-6.8
-6.53
-5.8
-6
-5.7
-5.21
-5.98
-6.21
-6.11
-5.79
-6.36
-6.13
-5.8
-5.89
-5.89
-6.03
-5.74
-6.1
-6.2
-5.8
-6.06
-6.08
-5.31
-5.45
-5.77
-6.03
-5.45
-5.98
-6.46
-6.17
-6.35
-6.35
-6.33
-5.69
-6.28
-6.66
-6.28
-6.58
-6.88
-6.25
-6.24
-6.68
-6.29
-5.82
-5.78
-5.99
-5.5
-6.2
-6.94
-6.94
-7
-7.29
-6.44
-5.15
-5.22
-5.67
-5.48
-5.58
-6.36
-6.01
-5.18
-5.49
-5.15
-4.76
-4.87
-4.87
-4.76
-5.67
-6.45
-6.6
-6.41
-7.06
-7.58
-6.63
-6.7
-6.73
-5.74
-5.78
-6.55
-6.76
-6.23
-6.41
-6.41
-6.07
-6.18
-6.67
-7.14
-6.5
-6.39
-6.73
-5.96
-5.5
-6.22
-6.06
-5.39
-5.37
-5.56
-5.2
-5.4
-5.96
-5.96
-5.62
-6.28
-6.45
-5.88
-5.69
-6.23
-5.99
-5.81
-5.68
-5.39
-5.05
-5.29
-5.43
-5.1
-5.4
-5.74
-5.79
-5.74
-6.1
-5.96
-5.56
-5.68
-5.62
-4.73
-4.92
-5.6
-5.93
-5.5
-5.95
-5.68
-5.28
-5.2
-5.7
-5.7
-5.47
-6.63
-6.46
-5.83
-6.21
-6.41
-5.47
-5.38
-5.63
-5.81
-5.34
-5.59
-5.58
-4.91
-5.01
-5.4
-5.14
-5.14
-5.31
-5.51
-5.26
-5.35
-4.82
-4.78
-4.89
-5.44
-5.3
-4.8
-5.36
-5.6
-4.98
-5.4
-5.44
-5.47
-5.47
-6.1
-6.36
-5.89
-5.75
-5.98
-5.3
-5.43
-5.45
-5.27
-4.94
-5.09
-4.81
-4.23
-4.59
-5.02
-5.02
-5.31
-5.35
-6.54
-6.41
-6.64
-6.37
-5.39
-4.82
-5.22
-5.42
-5.01
-5.33
-5.47
-5.13
-5.33
-5.77
-4.98
-4.73
-5.16
-5.16
-4.65
-5.48
-5.5
-4.96
-5.46
-6.26
-6.47
-5.92
-5.67
-5.3
-4.62
-5.35
-6.05
-6.26
-6.26
-6.65
-6.78
-6.45
-6.07
-5.75
-5.32
-5.37
-5.79
-5.68
-5.36
-6.07
-6.4
-5.72
-5.71
-6.01
-6.3
-6.17
-5.96
-5.93
-5.25
-5.56
-5.9
-6.01
-5.8
-5.5
-4.69
-4.36
-5.14
-4.64
-4.72
-5.47
-6.33
-5.91
-6.1
-6.1
-6.67
-5.66
-5.57
-5.68
-5.12
-4.92
-4.87
-4.64
-4.85
-5.54
-5.17
-4.97
-5.26
-5.38
-6.1
-6.2
-6.2
-6.59
-6.37
-6.73
-6.58
-5.66
-5.41
-5.53
-5.63
-5.46
-6.26
-6.4
-6.18
-6.42
-6.57
-6.65
-6.47
-6.61
-6.32
-6.2
-6.28
-6.25
-6.4
-6.57
-6.28
-5.72
-5.78
-6.35
-6.65
-5.76
-6.06
-6.26
-5.79
-5.72
-5.72
-6.27
-6.41
-6.6
-6.57
-5.86
-5.81
-6.34
-5.96
-5.58
-5.67
-5.96
-5.77
-6.62
-7.57
-6.98
-6.71
-6.78
-6.26
-5.65
-6.05
-6.16
-5.67
-5.97
-6.36
-6.17
-5.94
-6.44
-5.55
-4.37
-4.64
-4.98
-5.06
-5.89
-7.01
-7.13
-6.97
-7.18
-6.99
-6.47
-7.17
-7.69
-6.66
-6.22
-6.46
-6.32
-5.69
-5.66
-6.12
-5.58
-5.82
-5.82
-6.64
-6.02
-5.71
-5.97
-5.23
-5.5
-6.25
-5.81
-5.32
-4.92
-4.77
-4.8
-5.64
-5.97
-5.77
-6.04
-6.04
-5.81
-5.63
-5.69
-5.68
-5.62
-6.29
-6.9
-7.05
-6.67
-6.29
-6.49
-6.19
-6.14
-5.91
-5.59
-6.2
-6.77
-6.06
-5.74
-5.64
-5.78
-5.31
-5.62
-5.71
-5.05
-5.08
-5.05
-4.54
-4.77
-5.79
-5.95
-5.54
-5.46
-5.71
-5.72
-5.43
-6.06
-6.6
-5.75
-5.53
-5.95
-5.45
-5.48
-5.88
-6.05
-5.42
-5.64
-4.98
-4.98
-5.16
-5.56
-5.67
-5.97
-7.11
-6.57
-6.25
-6.72
-6.68
-5.87
-5.99
-6.52
-6.09
-6.07
-6.16
-6.19
-5.12
-5.76
-6.31
-6.39
-6.54
-7.11
-6.75
-5.84
-6.77
-6.89
-6.2
-5.93
-7.01
-7.23
-6.52
-6.93
-6.82
-6.09
-6.07
-6.43
-6.47
-6.02
-6.12
-5.88
-5.84
-6.12
-6.53
-5.72
-5.92
-6.39
-6.45
-6.39
-6.55
-6.37
-5.78
-5.78
-5.09
-5.09
-4.53
-4.91
-5.27
-5.25
-6.11
-6.59
-6.01
-5.88
-6.12
-5.61
-5.09
-5.51
-6
-6.3
-7.1
-6.64
-5.95
-6.09
-6.06
-5.6
-5.98
-6.27
-6.51
-5.71
-5.76
-6.22
-5.63
-5.52
-5.13
-4.98
-4.89
-5.8
-5.95
-5.14
-4.48
-4.79
-5.05
-4.28
-4.16
-4.41
-4.51
-5.58
-5.58
-5.76
-6.44
-6.74
-6.56
-5.88
-5.85
-6.14
-5.36
-5.64
-5.97
-5.82
-6.06
-6.73
-6.78
-6.36
-6.67
-6.62
-6.32
-6.17
-5.81
-5.43
-4.93
-5.31
-5.87
-5.22
-5.01
-4.97
-5.11
-4.92
-5.35
-5.55
-5.13
-4.92
-5.03
-5.01
-5.7
-6.17
-6.23
-6.05
-6.11
-5.94
-5.27
-5.84
-5.67
-5.55
-5.46
-6.03
-5.39
-4.46
-4.29
-4.49
-4.87
-6
-6.78
-6.92
-7.44
-8.28
-8.22
-7.55
-8.04
-8.03
-7.26
-7.09
-7.46
-7.14
-6.67
-6.95
-7.1
-6.46
-6.36
-6.47
-5.88
-6.16
-6.47
-6.8
-6.05
-6.55
-6.87
-6.21
-6.38
-6.7
-6.88
-6.1
-6.4
-6.73
-5.82
-6.39
-7.21
-7.12
-7.14
-7.51
-7.68
-7.13
-7.44
-7.63
-7.32
-7.08
-7.13
-6.92
-6.24
-6.51
-6.7
-6.65
-6.81
-7.1
-6.15
-5.47
-5.56
-5.75
-5.43
-5.49
-5.79
-5.39
-5.57
-6
-5.67
-4.78
-5.23
-5.53
-5.29
-5.83
-5.87
-5.38
-5.61
-6.12
-6.01
-5.03
-4.65
-4.78
-4.5
-4.94
-5.69
-5.47
-6.18
-7.04
-6.84
-5.75
-5.69
-6.27
-6.17
-6.06
-5.98
-5.99
-5.58
-5.61
-5.54
-4.65
-4.23
-4.69
-4.92
-5.38
-6.06
-6.21
-5.89
-5.98
-6.04
-5.69
-5.04
-5.54
-5.15
-4.84
-5.04
-5.08
-4.31
-4.61
-4.99
-5.05
-5.13
-5.26
-4.87
-4.26
-4.36
-4.63
-4.44
-4.5
-5.49
-5.32
-5.31
-5.33
-5.19
-4.99
-5.3
-5.66
-5.36
-5.62
-5.95
-5.18
-4.39
-4.41
-5.18
-5.19
-5.56
-6.56
-6.65
-6.68
-6.9
-6.34
-5.34
-5.91
-6.28
-5.97
-5.82
-6.46
-6.32
-5.83
-6.26
-6.33
-5.98
-5.86
-6.4
-5.82
-5.13
-4.92
-4.56
-3.57
-4.28
-5.52
-6.01
-6.2
-6.44
-6.47
-5.81
-5.61
-6.03
-5.49
-6.12
-6.68
-6.91
-6.87
-6.82
-6.82
-6.2
-6.49
-6.49
-5.84
-5.16
-4.87
-4.44
-4.68
-4.96
-5.06
-5.21
-5.51
-6.19
-6.15
-5.6
-5.71
-5.65
-5.59
-6.39
-6.34
-6.25
-6.44
-7.19
-6.79
-6.87
-7.06
-6.76
-6.55
-6.39
-6.35
-5.83
-6.02
-6.43
-6.28
-5.64
-5.7
-5.66
-5.36
-5.28
-5.3
-5.43
-5.46
-6.14
-6.4
-5.86
-5.82
-5.91
-6.09
-6.17
-6.32
-6.01
-5.26
-5.77
-6.07
-5.4
-5.61
-5.47
-5.37
-5.67
-5.48
-5.08
-4.76
-5.15
-5.32
-4.84
-5.26
-5.53
-5.84
-5.4
-5.55
-5.38
-5.14
-5.41
-5.59
-5.29
-5.41
-5.84
-5.65
-5.32
-5.42
-5.94
-5.7
-5.2
-5.54
-5.44
-4.42
-4.93
-5.77
-6.23
-6.43
-6.24
-5.73
-6.21
-6.19
-5.15
-4.45
-4.71
-4.91
-4.47
-4.42
-4.67
-4.21
-3.82
-4.49
-5.55
-5.68
-6.43
-6.81
-5.97
-5.42
-5.35
-5.15
-4.54
-5.07
-5.06
-4.84
-4.84
-5.43
-5.25
-5.24
-5.52
-5.07
-4.56
-5.02
-4.95
-4.08
-3.99
-3.93
-4.1
-4.24
-5.28
-5.45
-4.87
-4.83
-5.17
-5.2
-5.37
-6.04
-5.44
-4.7
-4.57
-4.63
-3.67
-3.65
-4.33
-4.6
-5.06
-5.64
-5.79
-6.24
-7.02
-7.45
-6.53
-6.52
-6.64
-6.11
-5.94
-6.4
-6.5
-8.68
-8.95
-8.86
-9.13
-9.16
-8.17
-7.98
-8.13
-7.73
-7.81
-7.92
-8.53
-8.58
-9.44
-10.05
-9.1
-8.02
-7.69
-6.99
-6.54
-6.86
-7.5
-7.2
-7.56
-7.94
-7.66
-7.96
-8.49
-8.6
-8.3
-8.81
-8.78
-8.23
-8.45
-8.62
-8.32
-8.11
-8.23
-8.33
-7.9
-7.47
-7.91
-7.39
-6.85
-6.93
-6.47
-6.48
-7.33
-7.36
-7.19
-7.49
-7.84
-7.79
-8.18
-8.51
-8.1
-7.83
-7.35
-7.14
-6.13
-5.67
-6.04
-5.99
-6.17
-7.08
-7.55
-6.93
-7.14
-7.2
-6.2
-6.55
-7.28
-7.6
-7.56
-8.08
-8.46
-7.56
-7.89
-8.32
-8.34
-8.79
-8.87
-8.62
-8
-7.94
-8.23
-8.51
-8.27
-7.95
-7.14
-7.44
-8.17
-8.04
-7.47
-7.68
-7.35
-6.5
-6.16
-5.75
-5.96
-6.08
-6.3
-6.69
-6.34
-6.05
-5.92
-5.96
-6.73
-8.18
-8.51
-8.96
-9.15
-9.49
-8.8
-9.15
-9.03
-8.46
-8.36
-8.54
-8.59
-7.89
-8.39
-8.85
-9.78
-10.28
-10.29
-9.43
-8.97
-9.46
-9.88
-9.21
-8.5
-8.79
-8.48
-8.7
-8.75
-7.84
-6.89
-7.05
-7.65
-7.3
-7.48
-8.15
-8.49
-8.01
-7.88
-7.51
-7.51
-7.62
-7.71
-7.25
-7.07
-7.1
-6.76
-7.01
-7.53
-8.08
-7.78
-7.4
-7.38
-7.19
-7.87
-8.27
-8.64
-8.99
-9.6
-9.78
-9.14
-9.08
-9.65
-9.55
-9.53
-9.79
-8.96
-7.73
-8.14
-7.52
-7.15
-7.93
-7.72
-7.55
-6.63
-6.8
-6.63
-6.32
-7.14
-7.72
-7.57
-7.42
-7.49
-7.24
-6.79
-7.8
-8.68
-8.03
-8.01
-7.85
-7.48
-7.01
-7.47
-7.58
-6.99
-6.36
-6.69
-6.14
-6.11
-6.37
-6.11
-6.04
-6.67
-6.5
-6.26
-6.74
-7.1
-6.77
-6.83
-7.38
-7.73
-7.13
-7.34
-8.11
-8
-8.65
-8.5
-7.62
-6.97
-6.85
-7.17
-6.55
-7.28
-6.96
-6.2
-6.89
-7.58
-7.06
-6.95
-7.11
-7.53
-7.38
-7.42
-7.22
-7.18
-7.79
-9.06
-9.09
-8.48
-8.96
-9.29
-8.53
-8
-7.27
-6.97
-6.36
-6.55
-6.2
-5.57
-5.68
-5.78
-5.7
-5.52
-5.36
-4.95
-4.76
-5.04
-4.71
-3.84
-3.97
-3.9
-3.2
-3.54
-3.72
-4.19
-4.5
-4.61
-4.71
-4.77
-5.22
-4.92
-4.23
-4.04
-4.21
-4.94
-4.88
-5
-5.13
-5.41
-5.58
-5.62
-5.26
-4.29
-4.56
-4.71
-4.45
-4.75
-5.56
-6.04
-6.61
-7.2
-7.97
-7.4
-7.13
-7.18
-7.45
-7.83
-7.51
-6.78
-6.11
-6.43
-6.98
-6.61
-6.39
-6.23
-5.88
-6.04
-6.25
-6.61
-6.44
-6.72
-6.97
-6.34
-6.72
-6.89
-6.8
-6.85
-7.4
-7.43
-6.58
-6.85
-6.92
-7.17
-7.23
-7.08
-6.63
-6.34
-6.06
-5.94
-5.54
-6.32
-6.19
-5.92
-5.86
-6.34
-6.98
-6.57
-7.11
-7.03
-6.37
-6.63
-6.92
-6.76
-5.93
-5.72
-5.14
-4.25
-4.85
-5.45
-5.39
-5.63
-5.9
-5.69
-5.35
-5.13
-5.45
-4.92
-4.85
-5.42
-5.68
-5.38
-5.66
-5.53
-5.58
-5.97
-6.71
-6.87
-6.33
-6.2
-6.04
-5.99
-6.21
-6.35
-5.61
-5.56
-5.47
-5.23
-5.38
-5.63
-5.55
-5.25
-5.83
-5.9
-5.76
-5.67
-5.27
-4.95
-4.96
-5.26
-5.01
-4.35
-4.69
-5.2
-4.57
-4.99
-5.71
-6.52
-6.42
-6.39
-6.51
-6.07
-5.88
-6.57
-5.9
-5.52
-5.34
-5.1
-5.14
-6.14
-6.79
-6.22
-5.95
-6.13
-5.53
-4.99
-4.95
-5.05
-4.57
-4.86
-4.99
-5.14
-5.77
-6.57
-6.91
-6.33
-6.9
-7.11
-6.46
-6.16
-6.72
-6.67
-6.34
-6.63
-6.97
-7.09
-6.66
-6.01
-5.69
-4.59
-4.97
-5.51
-5.42
-5.77
-5.76
-5.02
-4.93
-5.74
-6.48
-6.57
-6.2
-6.15
-6.33
-7.02
-6.73
-6.11
-6.22
-5.91
-5.59
-5.2
-5.49
-6.09
-6.06
-5.92
-6.17
-6.46
-6.43
-6.66
-6.45
-5.81
-5.85
-6.18
-6.29
-6.38
-6.3
-5.75
-5.64
-5.78
-6.35
-5.7
-5.86
-6.66
-6.48
-6.5
-6.44
-6.31
-5.93
-6.22
-6.1
-5.68
-5.82
-5.96
-5.53
-5.1
-5.23
-5.83
-5.11
-5.43
-5.73
-5.32
-5.23
-5.6
-5.59
-5.41
-5.79
-6.02
-5.02
-5.28
-5.36
-5.12
-5.31
-5.86
-5.22
-4.42
-4.78
-4.35
-4.66
-4.96
-6.43
-6.34
-6.31
-6.1
-5.78
-5.13
-5.09
-4.99
-4.5
-4.98
-6.14
-6.32
-6.07
-6.06
-6.59
-6.3
-6.87
-7.16
-7.06
-6.55
-7.27
-7.57
-6.96
-7.13
-7.55
-7.17
-7.6
-7.64
-6.99
-7.03
-7.66
-7.91
-7.62
-8.16
-8.59
-7.69
-6.81
-7.43
-7.84
-6.92
-6.62
-6.26
-5.85
-6.03
-6.73
-6.46
-6.45
-7.25
-7.77
-7.49
-6.73
-6.15
-6.03
-6.14
-6.51
-6.67
-6.64
-7.23
-7.4
-7.37
-7.71
-7.62
-6.8
-6.09
-5.91
-5.74
-5.11
-5.63
-5.76
-5.58
-5.84
-6.58
-6.6
-6.6
-7.2
-7.56
-6.68
-6.79
-7.05
-6.64
-6.94
-7.58
-7.2
-6.28
-6.23
-6.51
-5.98
-5.73
-6.21
-6.42
-6.23
-6.29
-6.23
-6.04
-6.28
-6.39
-5.76
-5.82
-6.39
-6.09
-5.34
-6.12
-6.65
-6.52
-6.78
-7.6
-7.82
-7.26
-7.18
-6.87
-6.47
-6.81
-7.44
-7.95
-7.68
-7.16
-7
-6.71
-7.33
-7.38
-6.63
-6.59
-6.76
-6.33
-6.09
-6.83
-7.1
-6.51
-6.31
-6.92
-6.24
-6.12
-6.38
-6.43
-5.95
-6.5
-6.25
-5.24
-5.82
-6.6
-7.26
-6.85
-6.24
-6.03
-5.98
-5.98
-5.99
-5.53
-6.01
-6.45
-6.59
-6.33
-6.56
-6.57
-6.61
-6.37
-6.47
-6.42
-6.73
-6.82
-6.37
-5.81
-5.87
-5.63
-4.76
-4.95
-5.77
-5.9
-6.7
-7.38
-7.79
-7.37
-6.66
-6.39
-5.86
-5.92
-6.4
-7.1
-7.01
-7.34
-7.46
-6.8
-6.4
-6.45
-6.2
-6.41
-6.84
-6.72
-6.46
-6.06
-6.44
-6.14
-6.4
-6.46
-6.37
-6.03
-6.04
-5.78
-5.15
-5.54
-5.67
-4.96
-4.61
-5.23
-5.42
-5.1
-5.77
-6.19
-5.64
-6
-7.02
-7.76
-7.51
-7.93
-8.03
-7.13
-7.22
-7.03
-6.99
-7.05
-7.25
-7.08
-6.48
-7.17
-7.74
-7.92
-8.86
-9.54
-9.35
-8.86
-9.12
-9.42
-8.65
-9.28
-9.8
-10.08
-9.92
-9.83
-9.25
-8.65
-8.92
-9.17
-8.83
-9.01
-9.31
-8.83
-8.53
-8.32
-8.38
-8.1
-8.05
-8.98
-8.49
-8.52
-8.97
-9.4
-9.98
-10.28
-10.53
-9.95
-9.14
-9.01
-8.52
-8.14
-8.06
-7.15
-6.45
-7.15
-7.08
-6.55
-6.68
-7.06
-6.39
-5.93
-6.31
-6.45
-5.57
-6
-6.16
-6.06
-6.15
-6.7
-6.68
-6.25
-6.25
-5.94
-5.41
-6.06
-6.95
-7.14
-6.82
-6.81
-6.69
-6.36
-7
-7.11
-6.81
-6.97
-7.19
-6.8
-6.44
-6.47
-6.8
-5.98
-6.31
-5.99
-5.72
-5.82
-6.03
-5.88
-5.79
-6.58
-7.49
-7.08
-7.22
-7.34
-7.11
-6.53
-6.1
-6.38
-6.84
-7.35
-7.17
-6.35
-5.89
-6.09
-5.62
-4.85
-5.3
-5.74
-5.58
-6.61
-7.11
-6.62
-5.93
-5.66
-5.57
-5.11
-5.84
-6.12
-6.02
-5.89
-6.56
-6.89
-6.18
-6.3
-6.64
-6.78
-7
-6.96
-6.79
-6.9
-6.71
-5.64
-4.94
-5.5
-6.39
-6.24
-6.52
-6.38
-5.81
-5.44
-5.09
-4.89
-4.47
-4.63
-5.41
-5.29
-5.06
-5.7
-6.3
-6.46
-6.2
-6.14
-5.53
-5.9
-6.38
-6.56
-6.61
-6.57
-7.11
-6.76
-6.77
-7.18
-6.49
-6.34
-7.05
-7.29
-6.7
-7.02
-7.28
-6.63
-6.35
-5.97
-5.84
-5.82
-6
-5.75
-5.1
-5.02
-5.48
-5.64
-5.71
-5.69
-5.31
-4.91
-5.03
-5.03
-4.81
-5.68
-7.22
-7.8
-8.45
-8.88
-9.06
-8.36
-8.72
-8.91
-8.52
-8.65
-9.18
-9.33
-8.9
-8.61
-8.5
-7.54
-7.36
-8.01
-8.17
-7.89
-8.45
-9.27
-9.24
-9.51
-9.54
-8.79
-8.73
-8.48
-8.45
-8.08
-7.93
-8.59
-8.55
-8.2
-8.18
-7.97
-7.87
-8.3
-9.09
-8.74
-8.8
-8.69
-8.01
-7.68
-7.98
-7.7
-8.1
-8.51
-8.94
-8.57
-8.81
-8.66
-7.32
-6.74
-7.2
-7.02
-7.22
-7.95
-8.08
-7.83
-8.17
-8.77
-8.91
-8.8
-9.33
-9.33
-8.85
-8.58
-8.44
-7.86
-7.94
-8.53
-9.06
-9.44
-9.17
-8.65
-7.76
-8.12
-8.43
-8.85
-8.94
-8.65
-8.15
-7.37
-7.57
-7.84
-7.57
-7.65
-7.34
-6.94
-7.07
-7.73
-7.45
-7.2
-8.11
-8.94
-7.83
-7.9
-8.65
-9.22
-8.89
-8.62
-8.7
-7.86
-7.44
-7.13
-6.17
-5.99
-6.7
-7.53
-7.71
-8.09
-8.62
-8.65
-8.68
-8.41
-8.23
-7.3
-7.7
-8.08
-7.25
-7.47
-7.9
-8.04
-8.04
-8.17
-9.23
-9.36
-9.01
-8.59
-7.53
-8.42
-8.53
-8.03
-7.93
-8.33
-8.3
-8.04
-8.04
-7.6
-7.67
-8.57
-8.28
-7.39
-6.39
-5.67
-5.55
-5.77
-6.58
-7.13
-6.76
-6.64
-7.17
-6.94
-6.72
-6.49
-6.1
-5.72
-5.88
-6.4
-6.96
-6.92
-7.28
-7.64
-7.74
-8.21
-9.16
-9.08
-9.2
-9.48
-9.8
-9.83
-10.47
-10.37
-9.49
-9.54
-8.94
-8.36
-9.12
-10
-10.26
-9.44
-9.61
-9.68
-8.66
-7.82
-7.3
-7.33
-7.7
-8.83
-8.93
-8.17
-8.3
-9.29
-9.74
-10.22
-10.2
-10.03
-9.63
-9.45
-9.44
-8.79
-8.62
-9.09
-8.53
-8.02
-7.96
-7.65
-6.61
-6.31
-6.46
-6.4
-6.49
-6.08
-5.86
-5.79
-5.76
-5.48
-4.84
-5.25
-5.4
-4.85
-4.39
-4.61
-4.22
-3.77
-4.43
-5.43
-5.38
-5.46
-5.73
-5.8
-5.64
-5.65
-5.28
-4.9
-4.91
-6.05
-6.91
-6.82
-5.88
-5.78
-5.3
-5.83
-6.42
-6.28
-6.55
-6.43
-6.19
-5.56
-5.35
-5.35
-5.16
-5.27
-5.8
-5.51
-5.96
-6.4
-5.86
-5.5
-6.34
-6.3
-5.52
-6.33
-6.47
-5.98
-5.98
-6.55
-6.99
-6.73
-6.66
-7.05
-6.79
-7.12
-7.56
-7.09
-6.56
-6.91
-6.7
-5.77
-5.35
-5.35
-5.26
-5.28
-5.5
-5.13
-4.76
-5.1
-5.84
-5.57
-5.41
-5.24
-5.34
-5.14
-5.37
-5.44
-4.58
-4.37
-4.62
-4.34
-4.51
-5.04
-4.87
-5.01
-5.16
-5.46
-4.88
-5.56
-5.75
-5.51
-5.54
-6.58
-6.9
-6.2
-5.95
-5.58
-4.75
-5.04
-5.33
-5.23
-5.08
-4.99
-5.08
-4.47
-5.42
-6.51
-6.63
-6.69
-7.12
-6.54
-5.98
-6.12
-6.2
-6.45
-6.88
-6.54
-5.68
-5.55
-5.43
-5.83
-5.82
-6.47
-7.29
-6.93
-6.69
-6.81
-6.59
-5.93
-6.39
-6.74
-6.58
-6.18
-6.04
-5.88
-5.55
-5.32
-5.26
-5.33
-6.06
-6.22
-6.01
-6.62
-7.25
-7.66
-8.1
-8.27
-8.66
-8.17
-8.24
-8.52
-7.28
-6.59
-6.77
-6.99
-6.75
-7.08
-6.54
-6.05
-6.57
-6.92
-5.96
-5.98
-6.3
-6.55
-6.37
-6.53
-7.04
-6.54
-6.66
-6.2
-5.51
-4.77
-4.57
-4.68
-4.6
-4.62
-4.98
-5.44
-6.19
-6.93
-6.84
-6.35
-7.48
-7.93
-7.86
-7.83
-7.92
-7.49
-7.03
-6.56
-6.18
-5.66
-6.56
-6.51
-5.53
-5.63
-6
-6.36
-6.48
-6.52
-6.22
-5.84
-5.83
-5.74
-5.61
-4.72
-4.6
-4.75
-4.94
-6.1
-6.68
-6.59
-6.74
-7.15
-7.32
-7.38
-7.44
-7.73
-7.6
-8.02
-7.72
-7.52
-7.18
-7.11
-6.62
-5.96
-6.59
-6.97
-6.24
-6.5
-6.89
-6.61
-6.13
-6.58
-6.61
-6.38
-6.78
-7.25
-7.37
-7.3
-7.57
-7.19
-7.28
-7.88
-8.25
-7.55
-7.77
-8.04
-7.5
-7.25
-7.6
-7.46
-7.23
-7.09
-6.77
-5.42
-5.65
-6.19
-6.08
-5.81
-6.14
-7.2
-7.09
-7.65
-7.61
-6.54
-5.8
-5.89
-6.06
-5.7
-5.87
-6.05
-6.18
-6.36
-6.56
-6.1
-5.66
-5.73
-6.02
-6.34
-6.27
-6.35
-6.15
-6.49
-6.78
-6.17
-5.69
-5.48
-5.65
-5.25
-5.73
-6.18
-5.4
-4.79
-5.2
-4.97
-4.75
-4.83
-5.17
-4.78
-5.51
-5.78
-5.75
-5.61
-6.46
-6.68
-5.99
-6.39
-7.2
-7.33
-7.42
-7.63
-7.51
-6.87
-7.04
-8.06
-7.2
-6.86
-6.83
-6.06
-5.44
-5.69
-6.1
-6.02
-6.17
-6.33
-6.33
-6.49
-6.84
-6.66
-6.72
-6.73
-6.85
-6.66
-7.02
-7.03
-6.25
-6.05
-6.3
-6.83
-6.49
-6.75
-7.3
-7.17
-7.37
-7.59
-7.24
-6.69
-6.9
-6.9
-6.18
-6.18
-7.19
-6.69
-5.86
-5.73
-5.67
-5.55
-5.77
-6.14
-5.79
-6.15
-6.37
-6.5
-6.58
-7.36
-7.8
-7.3
-7.26
-7.31
-7.04
-6.71
-6.51
-5.86
-5.15
-5.54
-6.06
-5.83
-6.16
-6.97
-7.17
-6.6
-7.28
-7.55
-6.69
-7.01
-7.02
-7.15
-7.04
-7.37
-7.25
-6.59
-6.96
-6.82
-6.72
-6.81
-7.01
-7.44
-7.05
-6.86
-6.67
-6.44
-6.24
-5.68
-5.24
-5.36
-5.7
-6.47
-6.24
-6.54
-7.59
-7.19
-7.02
-7.05
-6.11
-5.66
-6.7
-6.7
-6.08
-6.74
-6.28
-5.87
-5.43
-5.69
-5.51
-5.12
-5.95
-6.53
-6.32
-6.58
-6.74
-6.77
-6.92
-7.19
-6.98
-5.58
-5.42
-5.7
-5.6
-5.68
-5.69
-5.44
-4.57
-4.61
-5.03
-4.77
-5.28
-5.92
-5.87
-5.86
-6.06
-6.42
-6.58
-6.75
-6.44
-6.16
-6.2
-6.29
-6.04
-5.21
-5.5
-6.3
-5.76
-5.58
-5.59
-4.68
-4.47
-5.11
-5.35
-4.72
-5
-5.91
-5.71
-5.85
-6
-6.06
-6.04
-6
-5.98
-5.67
-5.62
-6.2
-6.63
-6.53
-6.49
-6.27
-5.75
-5.69
-5.85
-5.18
-5.3
-5.98
-6.27
-5.95
-6
-5.91
-5.74
-5.48
-5.57
-5.26
-5.04
-5.36
-4.89
-4.57
-5.17
-5.53
-5.59
-5.79
-6.5
-6.06
-5.67
-5.64
-5.78
-5.64
-6.24
-6.58
-7.24
-7.31
-7.62
-7.34
-6.17
-6.19
-6.83
-6.96
-7.27
-7.75
-7.85
-7.26
-6.78
-6.81
-6.54
-6.87
-7.17
-6.82
-6.69
-6.59
-6.64
-5.96
-6.24
-6.18
-6.08
-6.45
-6.63
-6.8
-6.62
-7.28
-7.49
-6.61
-6.56
-6.88
-6.79
-6.52
-6.35
-5.77
-5.67
-6.65
-7.33
-7.29
-7.4
-8.06
-7.31
-6.62
-6.99
-6.69
-6.1
-5.7
-6.08
-5.34
-5.32
-5.77
-5.71
-6.08
-6.57
-7
-6.77
-7.27
-7.85
-7.19
-6.42
-6.24
-5.89
-5.76
-5.98
-6.16
-5.83
-5.79
-6.73
-7.29
-6.74
-6.28
-6.22
-6.52
-6.92
-6.88
-6.24
-5.4
-5.99
-6.63
-6.24
-6.12
-6.19
-5.97
-6.18
-6.91
-6.8
-6.68
-6.63
-6.03
-5.66
-6.13
-6.57
-6.36
-5.96
-5.78
-5.68
-4.93
-5.13
-5.67
-5.32
-5.12
-5.21
-4.87
-4.33
-4.89
-5.28
-5.17
-5.43
-6.13
-6.05
-5.17
-4.9
-5.64
-4.73
-4.22
-4.35
-5.1
-6.1
-6.5
-6.69
-6.09
-5.74
-5.53
-4.63
-4.4
-4.96
-5.37
-5.25
-5.7
-6.02
-5.07
-4.92
-5.56
-5.45
-5.27
-5.27
-5.05
-4.93
-5.58
-6.2
-5.74
-6.51
-6.63
-6.31
-5.78
-5.68
-6.16
-5.84
-6.04
-5.88
-5.61
-5.76
-5.98
-6.04
-6.4
-7.03
-6.87
-6.37
-5.77
-5.4
-4.91
-5.05
-5.39
-5.65
-4.7
-5.32
-6.15
-5.44
-5.29
-5.84
-5.75
-5.87
-6.01
-6.02
-5.79
-6.26
-6.74
-6.67
-7.06
-7.6
-6.78
-5.95
-6.49
-7.28
-7.33
-7.34
-7.89
-7.69
-7.58
-7.19
-6.55
-5.66
-5.69
-6.32
-5.88
-6.08
-6.52
-7.02
-6.25
-6.11
-5.5
-5.96
-7.01
-7.5
-7.54
-7.24
-7.36
-7.32
-6.74
-6.87
-7.03
-6.75
-6.68
-6.15
-5.78
-5.69
-6.4
-6.89
-6.55
-6.19
-6.43
-6.4
-6.63
-7.21
-7.73
-7.28
-7.07
-7.11
-6.73
-6.91
-7.23
-6.41
-5.78
-5.73
-6.16
-5.29
-4.95
-5.32
-5.38
-5.98
-6.55
-6.27
-5.86
-5.52
-5.29
-4.61
-5.19
-5.71
-5.84
-5.46
-5.82
-6.2
-5.5
-5.54
-5.69
-5.33
-4.94
-5.34
-4.92
-4.51
-5.17
-5.1
-4.29
-4.75
-5.26
-5.19
-4.87
-5.2
-5.16
-4.24
-4.35
-5.35
-5.27
-5.15
-5.51
-6.07
-5.64
-6.07
-6.14
-6.07
-6.34
-6.62
-6.59
-6.59
-6.6
-6.21
-5.82
-6.02
-6.68
-6.13
-6.13
-6.08
-6.22
-5.84
-5.54
-5.24
-4.17
-5.02
-5.69
-5.41
-4.73
-6.63
-7.64
-7.54
-7.59
-7.83
-7.83
-8.22
-8.29
-7.68
-7.32
-7.48
-7.38
-6.92
-6.79
-7.15
-6.99
-7.44
-7.58
-7.28
-7.01
-6.69
-7
-6.48
-5.83
-5.53
-5.48
-5.34
-5.74
-6.03
-5.63
-6.16
-6.65
-6.1
-6.23
-6.23
-6.89
-7.34
-7.73
-7.86
-7.01
-7.12
-7.73
-7.46
-7.46
-7.16
-6.52
-6.17
-6.25
-6.25
-6.03
-5.34
-6.26
-6.69
-7.31
-7.39
-7.36
-6.98
-7.71
-8.05
-7.9
-7.41
-7.89
-8.31
-8.05
-7.92
-7.81
-7.68
-7.7
-8.47
-8.96
-8.45
-8.05
-6.95
-6.22
-5.95
-6.5
-6.55
-6.8
-6.42
-6.3
-5.89
-6.56
-7.12
-6.23
-6.92
-7.55
-7.1
-6.6
-6.39
-6.05
-5.51
-6.1
-5.89
-4.89
-5.21
-6.05
-6.16
-6.09
-6.72
-7.38
-7.06
-6.58
-6.67
-6.11
-5.54
-5.33
-5.58
-5.01
-5.21
-4.99
-4.08
-3.79
-3.8
-3.33
-2.98
-3.4
-3.84
-3.39
-3.66
-3.38
-3.08
-2.21
-2.3
-2.95
-3.02
-2.82
-2.42
-1.56
-2.05
-2.11
-1.4
-0.95
-1.3
-1.42
-0.67
-0.47
-0.94
-1.15
-1.28
-1.2
-1.52
-1.35
-1.73
-2.47
-2.37
-3.29
-3.41
-3.31
-3.93
-4.18
-4.16
-4.16
-5.01
-5.71
-5.28
-4.69
-4.48
-4.04
-3.7
-4.04
-4.63
-4.5
-4.88
-4.9
-4.69
-4.56
-4.53
-4.61
-4.53
-4.43
-4.54
-4.29
-4.04
-4.09
-3.8
-3.88
-4.37
-5.04
-4.72
-4.72
-4.49
-4.23
-3.99
-3.67
-2.96
-2.54
-3.1
-2.73
-2.06
-2.41
-2.87
-3.18
-2.76
-2.82
-3.6
-3.65
-3.59
-3.59
-2.71
-2.35
-2.51
-2.41
-2.43
-2.61
-3.16
-3.02
-3.27
-3.33
-3
-2.14
-2.08
-2.8
-2.68
-3.48
-3.65
-3
-2.69
-3.06
-3.05
-2.78
-3.07
-2.89
-2.53
-2.35
-2.14
-1.99
-1.97
-2.53
-2.85
-2.57
-2.6
-2.47
-2.11
-2.24
-2.4
-3.14
-3.25
-3.29
-3.54
-2.35
-2.57
-2.49
-2.33
-2.15
-2.53
-2.32
-1.86
-2.54
-3.17
-2.72
-3.07
-3.24
-3.04
-2.71
-3.2
-2.5
-1.16
-0.88
-0.88
-0.31
0.02
-0.01
-0.32
-0.55
-0.84
-0.77
0.04
-0.36
-1.1
-0.67
-0.74
-0.62
-0.3
-0.32
-0.7
-0.77
-0.35
-0.54
-0.75
-0.82
-0.57
-1.52
-1.3
-0.62
-0.79
-0.67
-0.24
0.11
-0.06
-0.61
-0.63
-0.74
-1.61
-1.64
-1.41
-1.44
-1.54
-1.31
-1.45
-1.26
-0.72
-0.76
-1.2
-1.66
-2.53
-3
-2.63
-2.06
-2.32
-2.62
-2.35
-1.97
-1.16
-0.18
0.26
0.01
-0.28
-0.67
-1.41
-2.21
-1.69
-1.43
-1.99
-2.2
-2.07
-2.41
-2.17
-1.58
-2.12
-2.93
-2.95
-2.66
-2.66
-2.14
-1.65
-1.57
-1.4
-0.74
-0.36
-1.3
-1.97
-1.53
-1.75
-2.63
-2.55
-3.17
-3.29
-2.76
-2.36
-2.45
-2.25
-1.74
-1.62
-1.51
-1.16
-1.95
-2.02
-0.7
0.45
0.3
0.61
1.26
1.5
2.01
2.94
3.11
2.73
2.6
2.86
2.36
2.32
2.89
3.24
2.98
2.97
2.92
2.84
3.1
3.61
3.21
3.22
3.5
2.98
2.64
3.09
3.58
3.21
3.17
3.85
3.92
3.57
3.79
4.15
4.09
4.13
4.29
3.58
3.45
3.96
4.16
3.92
3.73
3.45
3.18
2.37
2.39
2.95
3.38
3.99
3.93
3.5
3.17
3.14
2.76
2.14
2.11
1.84
1.65
1.98
2.16
1.47
1.63
2.1
1.76
1.15
1.6
1.2
1.07
1.21
1.27
0.79
0.86
1.78
2.53
2.09
2.21
1.47
1.78
1.93
2.12
1.68
1.53
1.68
1.61
1.31
1.46
2.04
1.55
1.07
1.54
1.15
0.57
0.93
1.02
0.89
1.25
1.83
1.67
1.05
0.76
-0.57
-1.4
-1.91
-2.52
-2.72
-2.85
-3.18
-4.05
-4.54
-4.17
-4.02
-3.7
-3.32
-3.86
-5
-5.16
-5.11
-5.21
-5.72
-5.62
-6
-6.6
-6.23
-6.1
-6.69
-6.96
-6.06
-6.22
-6.7
-5.71
-5.59
-5.98
-6.13
-5.8
-6.01
-6.05
-5.75
-5.54
-5.64
-5.44
-5.43
-5.27
-5.6
-5.81
-5.9
-6.19
-5.79
-5.58
-5.34
-5.44
-4.67
-5.16
-5.79
-5.41
-6.24
-6.6
-6.31
-6.16
-6
-5.57
-4.85
-4.58
-4.79
-4.2
-4.75
-5.83
-6.11
-5.96
-6.88
-6.76
-6.14
-5.91
-6.07
-5.82
-5.91
-6.56
-7.01
-6.13
-5.59
-5.68
-4.7
-5.13
-5.46
-5.77
-6.05
-6.91
-6.91
-5.92
-5.95
-5.9
-5.24
-5.07
-5.21
-4.61
-4.22
-4.78
-5.6
-5.84
-5.94
-6.43
-6.33
-6.82
-6.56
-5.63
-5.47
-5.48
-6.04
-6.04
-6.53
-6.85
-6.18
-6.37
-7.38
-8.11
-7.58
-7.75
-7.67
-6.81
-6.63
-6.92
-7.36
-6.84
-6.93
-6.88
-6.19
-6.22
-6.43
-6.34
-6.77
-7.26
-7.13
-6.94
-7.4
-7.72
-7.27
-7.28
-7.19
-6.98
-6.89
-7.18
-7.2
-6.45
-6.78
-6.92
-6.36
-6.43
-6.27
-5.93
-5.88
-6.6
-6.71
-6.03
-5.63
-5.38
-5.65
-6.39
-7.44
-7.27
-7.12
-6.75
-6.81
-6.49
-6.99
-7.41
-7.04
-6.5
-6.97
-7.64
-7.06
-7.42
-7.79
-7.62
-7.34
-7.05
-6.35
-5.91
-6.57
-7.13
-7.25
-7.62
-7.67
-6.67
-5.83
-5.86
-5.91
-5.61
-5.92
-6.17
-6.08
-6.63
-7.48
-7
-6.28
-6.32
-6.52
-5.47
-5.45
-5.78
-5.03
-4.55
-4.88
-5.11
-5.35
-6.22
-6.72
-6.03
-6.02
-6.14
-5.98
-6.32
-6.24
-6.43
-6.57
-7.14
-7.69
-7.59
-7.21
-7.11
-7
-6.53
-6.83
-6.88
-6.11
-6.12
-6.12
-6.28
-6.37
-6.43
-6.28
-5.83
-6.01
-6.11
-5.29
-5.36
-5.91
-5.49
-5.53
-5.65
-5.71
-5.5
-5.9
-5.98
-5.92
-6.5
-6.85
-6.94
-6.55
-6.94
-6.74
-5.82
-5.68
-5.55
-5.25
-4.73
-4.48
-3.98
-4.65
-5.33
-6
-5.56
-5.66
-6.53
-5.97
-6
-6.13
-5.17
-4.32
-4.53
-4.81
-5.35
-6.06
-6.5
-6.37
-6.12
-6.54
-6.73
-6.37
-6.7
-6.19
-5.46
-5.64
-5.74
-5.3
-4.43
-4.7
-5.02
-4.39
-4.58
-4.67
-5.28
-6.2
-6.83
-6.66
-6.31
-6.42
-6.38
-5.74
-5.21
-5.77
-6.2
-6.11
-6.09
-6.5
-5.85
-6.03
-6.22
-5.19
-5.4
-5.72
-5.75
-5.54
-6.05
-6.49
-6.5
-7.25
-7.44
-6.94
-6.7
-7.03
-7.23
-7
-7.19
-7.7
-7.35
-6.99
-7.27
-7.17
-7.09
-7.44
-7.47
-6.76
-6.62
-6.88
-6.18
-6.24
-7.3
-8.19
-7.56
-7.5
-7.66
-7.44
-7.57
-7.34
-6.4
-6.09
-6.27
-6.89
-6.59
-6.96
-6.65
-6.26
-6.8
-6.96
-6.72
-6.02
-6.1
-6.48
-6.77
-7.4
-7.14
-6.88
-6.94
-7.3
-7.16
-6.69
-6.64
-6.93
-6.2
-6.06
-6.75
-6.52
-5.63
-5.66
-6.26
-5.9
-6.26
-6.46
-6.11
-5.83
-6.12
-5.59
-5.76
-6.36
-6.56
-5.27
-5.96
-6.1
-5.73
-5.39
-5.82
-5.97
-5.53
-5.61
-5.71
-5.22
-5.55
-5.96
-5.69
-5.81
-6.17
-6.12
-6.39
-7.36
-7.51
-6.62
-6.35
-7.08
-6.96
-6.7
-7.12
-7.56
-6.62
-6.59
-6.47
-6.62
-6.65
-6.74
-6.04
-5.3
-5.52
-5.66
-4.32
-4.5
-5.35
-5.19
-4.84
-5.02
-4.8
-4.43
-4.63
-5.04
-5.08
-5.62
-5.9
-5.8
-5.05
-5.05
-5.07
-4.96
-5.24
-5.85
-5.82
-5.68
-5.75
-5.74
-5.25
-5.22
-5.05
-4.63
-4.79
-4.82
-4.55
-4.64
-4.72
-4.82
-4.05
-4.25
-5.02
-4.69
-4.59
-4.51
-4.98
-4.67
-5.52
-6.14
-5.72
-6.09
-6.79
-6.48
-6.19
-6.43
-6.28
-5.73
-5.81
-6.26
-6.25
-6.37
-6.3
-6.15
-6.28
-6.74
-6.26
-5.51
-5.46
-5.46
-5.02
-5.55
-5.95
-5.53
-5.27
-5.2
-5
-4.65
-5.17
-6.27
-6.58
-6.78
-6.86
-6.68
-6.18
-6.62
-6.91
-6.18
-6.47
-6.81
-6.55
-6.22
-6.72
-6.7
-5.85
-5.29
-5.14
-4.65
-4.31
-4.6
-4.48
-4.51
-5.34
-6.04
-5.88
-6.42
-6.99
-6.49
-6.46
-6.18
-5.81
-5.07
-5.85
-6.9
-6.8
-6.61
-6.38
-5.94
-5.71
-6.09
-6.42
-5.83
-5.83
-5.92
-5.28
-5.71
-5.87
-5.95
-5.8
-6.57
-6.72
-6.37
-6.91
-7.6
-7.54
-7.49
-7.62
-7.09
-6.36
-6.5
-6.03
-5.77
-6.11
-6.48
-6.01
-5.47
-5.27
-5.43
-5.68
-6.14
-6.58
-6.38
-6.13
-5.89
-5.89
-6.05
-6.8
-7.42
-6.72
-6.52
-7.08
-7.32
-7.31
-7.1
-6.19
-5.32
-5.33
-5.39
-4.58
-4.82
-5.49
-5.42
-4.88
-4.55
-4.53
-4.1
-4.06
-4.35
-4.21
-4.86
-5.66
-5.65
-5.38
-5.93
-6
-5.2
-5.44
-5.91
-5.86
-6.34
-6.31
-6.33
-5.68
-5.28
-5.71
-5.58
-5.98
-6.1
-6.07
-5.53
-5.36
-5.44
-5.34
-5.41
-5.31
-4.96
-4.89
-5.36
-5.59
-5.55
-6.1
-6.51
-6.15
-6.05
-5.73
-5.37
-4.91
-5.35
-5.24
-4.73
-5.56
-6.12
-5.79
-5.87
-6.06
-5.38
-4.9
-5
-4.97
-3.89
-4.09
-4.92
-5.59
-5.43
-5.79
-5.45
-5
-5.37
-5.5
-4.98
-5.39
-5.45
-4.46
-4.43
-4.65
-5.52
-4.88
-5.54
-5.78
-5.72
-6.15
-6.53
-6.22
-5.85
-6.5
-6.77
-6.18
-5.67
-5.77
-5.45
-4.9
-4.94
-4.9
-4.84
-5.34
-5.55
-4.9
-4.51
-4.55
-4.59
-4.44
-5.3
-5.93
-5.33
-5.27
-5.67
-5.72
-5.74
-5.86
-5.16
-4.39
-4.76
-5.26
-4.82
-4.35
-4.15
-4.02
-4.75
-5.39
-5.67
-5.29
-5.26
-5.53
-5.24
-5.16
-5.63
-5.21
-5.37
-5.74
-5.53
-4.89
-5
-5.07
-5.24
-5.37
-5.68
-6.06
-5.76
-5.38
-4.84
-4.07
-4.29
-4.81
-5.36
-5.48
-5.7
-5.9
-6.13
-6.61
-6.44
-5.88
-5.8
-6.03
-5.45
-4.54
-4.39
-4.97
-5.22
-5.47
-5.6
-4.92
-4.5
-4.92
-5.27
-5.15
-5.61
-5.15
-4.29
-4.42
-4.87
-4.99
-5.59
-6.01
-5.94
-5.57
-5.19
-5.13
-4.47
-4.53
-4.6
-4.44
-4.44
-5.31
-5.33
-4.86
-5.4
-5.95
-5.23
-5.27
-5.96
-5.94
-5.69
-5.7
-5.44
-5.79
-6.17
-5.66
-5.25
-5.41
-6.33
-6.88
-6.6
-6.49
-6.71
-6.52
-6.58
-6.84
-6.7
-6.43
-6.42
-6.31
-5.3
-6
-6.5
-6.94
-7.13
-7.09
-6.53
-5.49
-5.61
-5.89
-5.4
-5.7
-6.08
-5.54
-5.2
-5.76
-6.43
-5.96
-5.87
-5.96
-5.4
-5.59
-5.59
-5.55
-5.33
-5.7
-6.23
-5.81
-5.85
-5.64
-4.93
-4.6
-5.21
-5.75
-5.61
-5.83
-6.25
-5.71
-5.74
-5.7
-5.04
-5.12
-5.76
-5.82
-5.84
-6.31
-7.03
-6.53
-6.48
-6.95
-7.2
-7.25
-7.34
-6.99
-5.94
-5.51
-6.26
-6.39
-7.08
-7.89
-8.09
-7.11
-6.57
-6.13
-5.42
-4.94
-5.2
-4.87
-4.89
-5.42
-5.8
-5.92
-6.16
-6.3
-5.33
-4.8
-4.82
-4.9
-4.85
-5.38
-5.62
-4.75
-5.26
-4.64
-3.97
-4.77
-5.48
-5.87
-5.67
-6.26
-6.37
-5.43
-5.47
-5.7
-5.13
-4.79
-4.77
-4.97
-4.62
-5.24
-5.64
-5.55
-5.3
-5.44
-5.1
-4.37
-4.31
-4.76
-3.99
-4.44
-5.13
-4.96
-5.2
-5.84
-5.23
-4.74
-4.71
-4.92
-4.64
-4.3
-4.21
-4.36
-4.42
-4.75
-4.41
-3.41
-3.65
-4.62
-4.6
-5.09
-5.77
-6.1
-6.3
-6.35
-6.37
-5.66
-5.85
-5.28
-4.72
-5.68
-6.37
-6.07
-5.44
-5.48
-5.81
-5.52
-4.91
-5.15
-5.55
-5.76
-5.75
-6.3
-6.28
-6.46
-6.91
-6.35
-6.35
-6.02
-5.9
-5.3
-5.54
-5.96
-5.82
-6.08
-5.85
-5.36
-4.79
-4.49
-4.64
-4.49
-5.27
-5.79
-5.64
-6.33
-6.64
-5.82
-5.34
-6.12
-6.46
-6.18
-6.23
-6.35
-5.64
-5.58
-5.96
-5.84
-5.98
-6.24
-6.06
-5.51
-5.66
-6.14
-5.57
-5.16
-6.03
-6.31
-5.72
-6.38
-7.11
-6.47
-5.81
-5.69
-5.13
-4.62
-4.93
-4.83
-5
-5.57
-5.49
-5.38
-5.08
-5.66
-6.74
-6.47
-6.53
-6.77
-6.39
-6.73
-6.53
-6.42
-6.27
-6.02
-5.77
-5.79
-6.34
-6.43
-5.12
-4.68
-4.56
-4.85
-4.97
-5.97
-6.31
-5.6
-5.54
-5.29
-5.14
-5.01
-5.87
-6.46
-6.67
-6.77
-6.97
-6.51
-6.18
-6.79
-6.13
-5.6
-5.88
-5.75
-4.55
-4.48
-5.35
-5.35
-5.78
-6.05
-5.69
-5.18
-5.34
-5.25
-4.74
-4.75
-4.95
-4.28
-4
-4.54
-4.31
-4.19
-4.82
-4.87
-4.49
-4.81
-5.02
-5.39
-5.35
-6.12
-6.52
-5.86
-5.67
-5.13
-4.04
-4.5
-4.74
-4.78
-4.64
-4.82
-4.71
-3.92
-4.11
-4.09
-3.85
-4.51
-4.63
-4.46
-3.83
-4.26
-4.41
-3.82
-4
-5
-4.65
-4.5
-4.52
-4.61
-4.62
-5.06
-5.84
-5.89
-6.56
-6.94
-6.6
-5.99
-6.15
-5.85
-5.59
-5.51
-5.87
-5.47
-5.51
-5.94
-5.6
-5.23
-5.99
-6.63
-5.77
-6.29
-6.39
-5.77
-6.25
-6.99
-7.04
-6.33
-5.95
-5.78
-5.76
-5.77
-6.28
-6.5
-6.51
-6.78
-6.86
-6.05
-6.6
-6.8
-5.98
-5.62
-6.24
-5.86
-5.97
-6.75
-6.24
-5.71
-5.83
-6.07
-5.85
-5.8
-5.72
-5.85
-5.81
-6.62
-7.01
-6.65
-7
-6.99
-6.58
-6.12
-6.24
-5.8
-5.08
-5.5
-6.59
-6.55
-6.94
-7.02
-6.32
-5.28
-5.15
-4.91
-4.37
-5.1
-5.75
-5.83
-5.79
-5.39
-4.81
-4.54
-4.6
-5.01
-4.69
-5.6
-6.06
-5.94
-5.61
-5.85
-5.92
-5.36
-5.28
-5.64
-5.11
-5.11
-4.8
-4.53
-4.4
-4.89
-4.97
-4.24
-4.89
-5.35
-5.22
-5.23
-6.1
-6.62
-6.29
-6.68
-6.78
-6.2
-5.83
-5.76
-5.44
-5.33
-5.24
-4.87
-4.74
-5.67
-6.23
-6.32
-6.47
-6.48
-5.58
-5.33
-5.54
-5.6
-4.87
-4.97
-5.16
-5.16
-5.21
-5.4
-4.93
-4.37
-4.29
-4.01
-4.2
-4.97
-5.73
-5.35
-5.36
-5.21
-5.14
-4.36
-4.58
-4.01
-3.75
-4.37
-5.05
-5.51
-5.43
-5.59
-5.35
-4.95
-5.61
-6
-5.32
-5.27
-5.44
-5.22
-5.45
-5.55
-5.63
-5.34
-5.38
-5.54
-5.26
-5.45
-5.79
-5.88
-5.44
-5.95
-5.88
-5.3
-5.51
-5.54
-4.81
-4.96
-4.83
-4.86
-4.51
-4.97
-5.72
-5.37
-5.18
-5.88
-5.87
-5.94
-6.13
-6.2
-5.87
-6.06
-6.33
-5.47
-5.23
-5.68
-5.7
-5.55
-6.12
-6.04
-5.66
-5.67
-5.85
-6.31
-6.67
-7.68
-7.94
-7.02
-7.24
-7.32
-6.7
-7.1
-7.7
-7.28
-6.71
-7.06
-7.31
-6.34
-6.42
-6.85
-6.3
-6.34
-6.67
-6.08
-5.8
-6.33
-6.59
-5.42
-5.37
-5.55
-5.5
-5.58
-5.73
-5.86
-6.02
-6.7
-7.09
-6.92
-7.49
-7.94
-7.61
-7.36
-7.36
-7.15
-6.39
-6.32
-6.3
-5.98
-5.7
-6.2
-5.99
-5.88
-6.76
-7.23
-6.91
-7.05
-6.96
-6.22
-5.52
-5.76
-6.22
-5.84
-6.03
-6.03
-6.04
-5.92
-6.13
-5.88
-5.73
-6.18
-6.97
-6.67
-6.81
-6.67
-6.37
-6.44
-6.57
-6.48
-6.17
-6.43
-5.94
-4.94
-5.2
-5.51
-5.58
-5.89
-6.06
-6.44
-5.68
-5.71
-5.74
-5.5
-5.97
-6.78
-6.83
-6.71
-7.08
-6.64
-5.66
-5.56
-5.82
-5.69
-5.83
-6.26
-6.09
-6.07
-6.33
-6.5
-5.3
-4.98
-5.17
-4.98
-5.04
-5.73
-5.64
-5.85
-6.53
-7.15
-7.1
-6.6
-6.23
-5.86
-5.22
-5.88
-5.73
-5.25
-5.58
-6.34
-6.37
-5.89
-6.07
-5.82
-5.62
-6.08
-5.99
-5.5
-5.7
-6.12
-6.23
-6.53
-6.71
-6.5
-5.6
-5.64
-5.78
-5.57
-5.92
-6.56
-6.72
-6.83
-7.17
-7.06
-6.4
-6.62
-6.85
-6.27
-5.83
-5.87
-6.09
-5.57
-6.07
-5.71
-5.64
-6.01
-6.22
-5.84
-6.07
-6.3
-6.43
-5.92
-6.25
-6.45
-6.13
-5.79
-6.29
-6.33
-6.14
-6.17
-5.75
-5.36
-5.94
-6.38
-5.78
-5.56
-5.6
-5.11
-4.73
-4.97
-5.34
-5.69
-5.75
-6.07
-5.61
-4.74
-5.18
-5.17
-5.38
-6.51
-7.24
-7.11
-6.83
-6.76
-6.48
-5.99
-6.29
-6.29
-5.45
-5.73
-6.41
-6.87
-6.79
-7.17
-7.21
-6.77
-6.75
-6.81
-6.32
-6.14
-6.03
-5.79
-5.86
-5.76
-5.98
-5.62
-6.38
-7.04
-6.57
-6.5
-6.48
-6.47
-6.21
-6.55
-6.81
-6.89
-7.03
-7.08
-6.68
-6.66
-6.77
-5.98
-5.23
-5.88
-6.27
-5.96
-6.42
-7.28
-7.3
-6.7
-7.12
-6.53
-5.84
-6.38
-6.8
-6.42
-6.14
-6.55
-6.71
-6.03
-6.06
-6.16
-5.37
-5.14
-5.66
-5.8
-5.83
-5.95
-5.68
-4.87
-5.54
-5.65
-5.58
-6
-5.75
-5.14
-4.74
-5.64
-6.28
-6.22
-6.27
-6.52
-6.39
-6.21
-6.33
-6.4
-5.41
-5.9
-6.4
-6.23
-6.31
-6.3
-6.04
-5.73
-6.13
-6.49
-6.64
-6.44
-6.55
-5.98
-6.08
-6.57
-6.68
-6.17
-6.08
-6.3
-6.06
-5.99
-6.05
-5.73
-5.48
-6.41
-6.17
-5.86
-6.66
-7.06
-6.39
-6.52
-6.5
-6.13
-5.5
-5.82
-5.87
-5.74
-5.52
-5.42
-5.49
-6.04
-6.56
-6.3
-5.81
-5.74
-6.15
-6.27
-6.66
-7.23
-7.05
-6.56
-6.6
-6.62
-5.93
-6.18
-6.47
-6.24
-5.38
-5.87
-5.48
-5.15
-5.32
-5.95
-5.85
-5.88
-6.07
-5.39
-5.11
-5.66
-6.11
-5.91
-5.92
-5.88
-5.21
-5.21
-5.27
-5.48
-5.53
-5.9
-5.68
-4.94
-5.26
-5.96
-6.18
-6.1
-6.77
-6.57
-6.29
-6.64
-7.04
-6.64
-6.89
-6.64
-6.71
-6.58
-6.62
-5.64
-4.82
-5.18
-5.58
-5.24
-5.7
-6.58
-6.27
-5.75
-6.73
-6.98
-6.07
-6.13
-5.9
-5.66
-6.08
-6.36
-6.67
-6.48
-6.55
-6.51
-6.17
-6.62
-7.49
-7.34
-7.22
-7.21
-7.34
-6.29
-6.28
-6.9
-6.34
-5.74
-6.16
-7.04
-6.62
-6.37
-6.97
-6.96
-7.52
-7.48
-7.09
-6.38
-6.75
-7.42
-6.73
-6.18
-6.33
-6.24
-5.96
-6.78
-7.12
-6.83
-6.6
-6.17
-6.24
-6.74
-7.49
-7.5
-7.04
-7.55
-7.45
-6.86
-6.74
-6.98
-6.99
-7.02
-7.4
-7.6
-7.08
-7.1
-7.26
-6.87
-6.75
-7.14
-6.96
-7
-7.8
-8.17
-7.58
-7.9
-7.28
-6.63
-6.41
-6.58
-6.31
-5.95
-5.88
-5.77
-5.04
-5.72
-6.02
-6.37
-6.65
-6.46
-6.52
-6.09
-6.94
-7.19
-6.96
-6.56
-6.49
-7.3
-6.81
-6.76
-6.96
-6.3
-6.43
-6.77
-6.69
-6.22
-6.58
-6.95
-6.21
-6.06
-6.4
-6.26
-6.13
-6.44
-6.09
-5.81
-5.99
-6.44
-6.3
-6.78
-7.03
-6.75
-5.66
-5.79
-5.65
-4.73
-4.71
-4.59
-4.13
-4.53
-4.82
-4.63
-3.9
-4.29
-4.42
-4.11
-5.28
-6.04
-5.83
-5.37
-5.13
-4.87
-4.57
-5.26
-5.87
-5.63
-5.7
-5.41
-5.42
-5.23
-5.86
-6.33
-5.68
-5.58
-5.36
-4.87
-4.66
-5.01
-5.7
-5.04
-5.12
-5.42
-5.3
-5.6
-6.34
-6.18
-6
-6.13
-6.11
-5.15
-4.85
-5
-5.13
-5.67
-6.56
-6.77
-6.54
-6.84
-6.96
-6.02
-5.98
-6.44
-6.78
-7.16
-7.86
-8.27
-7.66
-7.85
-7.88
-7.48
-6.94
-6.61
-6.46
-6.68
-7.54
-8.08
-7.51
-6.44
-6.2
-5.83
-5.5
-5.75
-5.14
-4.74
-4.9
-5.21
-5.43
-5.89
-6.15
-5.69
-4.95
-5.67
-5.86
-5.57
-5.72
-6.43
-6.96
-6.83
-6.86
-7.4
-6.74
-6.64
-6.97
-6.59
-6.36
-6.63
-6.75
-6.06
-6.93
-7.08
-6.85
-7.11
-7.25
-6.96
-6.65
-7.08
-7.15
-6.95
-7.08
-7.24
-6.38
-6.3
-6.3
-6.23
-6.06
-5.95
-5.75
-5.78
-6.43
-7.34
-7.38
-6.45
-6.69
-6.22
-5.05
-5.51
-6.3
-6.62
-7.15
-6.96
-6.8
-6.64
-6.62
-6.23
-6.18
-5.96
-6.51
-6.72
-6.88
-7.18
-7.25
-6.2
-6.65
-6.9
-6.76
-6.62
-6.53
-6.07
-5.67
-6.6
-7.04
-6.14
-6.88
-7.47
-6.74
-6.47
-6.4
-6.38
-5.9
-5.75
-5.75
-5.31
-5.62
-6.02
-5.72
-5.22
-5.47
-5.71
-5.06
-5.13
-5.54
-5.68
-6.37
-6.58
-6.14
-5.14
-5.03
-5.38
-5.36
-5.8
-6.37
-5.96
-5.5
-6.23
-6.03
-5.44
-5.91
-5.71
-5.26
-5.31
-6.46
-6.96
-6.51
-6.81
-7.15
-6.87
-6.83
-6.78
-6.12
-5.59
-5.92
-5.86
-5.88
-6.7
-6.84
-7.28
-6.53
-6.06
-5.45
-5.39
-5.48
-5.17
-4.6
-5.33
-5.58
-5.4
-5.23
-5.71
-6.1
-5.52
-5.48
-5.63
-5.26
-5
-5.52
-5.42
-5.23
-5.48
-6.26
-5.92
-6.37
-6.83
-6.35
-6.12
-6.31
-6.5
-6.63
-6.91
-7.37
-7.09
-6.57
-6.59
-6.31
-6.16
-6.63
-6.31
-5.36
-5.89
-6.73
-6.46
-6.21
-6.47
-6.53
-6.28
-5.81
-5.88
-5.5
-5.85
-6.81
-7.37
-6.88
-7.17
-7.63
-7.16
-6.71
-6.75
-6.97
-7.23
-7.61
-7.38
-6.87
-6.98
-7.19
-7.3
-6.82
-6.43
-6.33
-5.75
-6.24
-5.9
-5.58
-5.46
-6.42
-6.42
-6.41
-6.27
-6.17
-5.83
-6.22
-6.54
-6.33
-6.62
-7.23
-6.8
-6.43
-6.39
-6.15
-5.79
-5.71
-6.55
-6.6
-6.75
-7.49
-8.45
-7.69
-7.78
-7.12
-6.69
-6.53
-6.59
-5.94
-5.78
-5.99
-6.34
-6.21
-7.46
-8.59
-8.23
-7.27
-7.01
-7.2
-6.97
-7.01
-6.76
-6.16
-5.9
-6.18
-6.64
-6.45
-6.3
-5.9
-5.21
-5.79
-6.35
-6.3
-6.42
-7.07
-7.02
-6.54
-6.71
-6.5
-5.83
-5.82
-5.63
-5.23
-5.01
-5.45
-6.05
-5.61
-6
-6.27
-6.27
-5.92
-5.77
-5.51
-5.11
-5.72
-6.45
-5.74
-5.34
-5.41
-5.37
-5.21
-5.53
-5.86
-4.82
-4.27
-5.01
-5.44
-5.98
-6.61
-6.81
-6.09
-6.14
-6.18
-5.64
-5.51
-5.62
-5.96
-6.08
-6.63
-6.51
-5.8
-5.87
-5.94
-5.64
-5.52
-6.23
-6.59
-6.3
-6.21
-6.82
-6.9
-6.68
-6.42
-5.94
-5.87
-6.74
-6.65
-6.02
-5.93
-6.57
-6.39
-5.99
-6.16
-5.85
-5.89
-6.57
-6.39
-5.89
-6.54
-7.1
-7.23
-7.19
-7.02
-6.98
-6.61
-6.72
-6.75
-5.92
-5.52
-6.37
-6.78
-6.37
-6.64
-6.17
-5.98
-6.27
-6.75
-6.69
-6.63
-7.15
-7.55
-7.68
-7.96
-7.65
-6.28
-6.56
-6.53
-6.87
-7.24
-7.98
-7.6
-6.26
-6.31
-6.35
-5.94
-6.02
-6.1
-6.21
-6.06
-6.45
-7.23
-6.97
-6.48
-6.58
-6.03
-5.54
-5.48
-5.42
-4.84
-5.44
-6.43
-6.95
-7.48
-7.82
-7.38
-6.81
-6.96
-7.19
-6.62
-6.65
-6.9
-6.88
-6.89
-7.03
-6.91
-6.72
-6.81
-5.94
-5.71
-5.74
-6.21
-6.16
-6.3
-6.41
-6.86
-6.67
-6.99
-7.07
-6.62
-6.37
-6.8
-6.43
-4.97
-5.06
-5.43
-6.1
-6.32
-6.41
-6.16
-5.9
-6.45
-6.45
-5.89
-5.95
-5.99
-5.78
-6.03
-6.02
-5.91
-5.07
-5.22
-5.62
-4.83
-4.85
-4.97
-5.46
-5.29
-5.2
-5.13
-4.67
-4.76
-4.48
-4.11
-4.01
-4.37
-5.1
-5.46
-6.6
-7.18
-7.23
-6.74
-6.75
-6.87
-6.2
-6.38
-6.39
-5.88
-5.91
-6.27
-6.07
-6.29
-7.02
-7
-5.89
-5.51
-5.33
-4.73
-4.99
-5.26
-4.69
-4.51
-5.58
-6.47
-6.35
-6.73
-7.03
-6.52
-6.42
-6.11
-5.99
-5.87
-6.47
-7.02
-6.24
-6.61
-6.68
-6.11
-5.83
-6.24
-6.66
-6.64
-6.89
-7.28
-6.92
-7.35
-8.13
-8.28
-7.03
-6.99
-7.71
-7.44
-7.57
-8.02
-7.96
-7.84
-7.54
-7.17
-6.31
-6.85
-7.33
-6.98
-6.89
-7.44
-7.61
-7.1
-7.23
-7.74
-6.78
-6.33
-6.74
-6.73
-5.68
-6.21
-6.09
-5.82
-6.64
-7.21
-7.19
-7.36
-7.71
-7.24
-6.37
-5.96
-5.7
-5.83
-6.66
-7.4
-7.44
-7.69
-8.01
-8.01
-7.2
-7.44
-7.25
-7.05
-7.62
-7.7
-7.59
-7.16
-6.59
-6.06
-5.71
-6.32
-6.67
-6.43
-6.53
-7.45
-8.2
-7.68
-7.29
-7.04
-6.11
-5.99
-5.93
-5.18
-5.39
-6.49
-7.16
-6.82
-7.02
-7.04
-6.71
-7.04
-7.38
-6.52
-5.83
-5.99
-6.57
-6.43
-7.07
-7.88
-7.55
-7
-6.35
-5.3
-4.49
-4.84
-5.33
-5.65
-5.52
-6.38
-7.07
-6.16
-6.02
-6.51
-6.29
-6.09
-6.27
-6.35
-6.37
-6.93
-6.79
-6.24
-6.06
-5.79
-4.94
-5.2
-5.69
-6.03
-6.01
-6.5
-6.5
-5.96
-5.7
-5.61
-5.66
-5.59
-6.1
-6.04
-5.36
-6.18
-6.59
-6.39
-6.46
-6.54
-6.64
-6.15
-6.88
-7.17
-6.7
-6.23
-6.46
-6.2
-6
-6.35
-6.26
-5.56
-5.44
-6.1
-6.09
-6.07
-6.46
-6.85
-6.98
-7.87
-8.04
-7.44
-6.81
-6.5
-6.28
-6.89
-7.4
-7.41
-7.04
-8.07
-8.56
-7.56
-7.14
-6.84
-6.38
-5.76
-6.19
-6.68
-6.59
-6.83
-7.08
-6.86
-6.81
-7.48
-7.67
-6.54
-6.24
-6.36
-6.36
-7.1
-8.02
-8.09
-7.52
-7.75
-7.92
-7.18
-6.65
-6.84
-7.06
-6.86
-6.86
-6.83
-6.53
-6.93
-7.01
-6.33
-6.33
-6.62
-6.48
-6.34
-6.71
-6.67
-6.2
-6.52
-7.29
-7.37
-7.23
-7.29
-6.82
-6.38
-5.75
-5.91
-5.4
-5.84
-6.3
-6.38
-6.46
-7.15
-7.7
-7.21
-6.48
-6.22
-6.03
-6.45
-6.45
-7.57
-7.57
-7.46
-7.63
-7.31
-7.3
-7.27
-6.78
-6.09
-6.19
-6.46
-6.77
-7.65
-8.07
-7.48
-7.24
-7.54
-8.08
-7.46
-7.7
-7.19
-7.22
-7.66
-8.43
-8.25
-7.72
-7.71
-7.76
-7.25
-7.52
-7.47
-7.03
-7.18
-7.76
-8
-7.14
-7.36
-7.36
-7.26
-7.11
-7.15
-6.76
-6.67
-7.58
-7.72
-7.6
-8.26
-7.57
-6.49
-6.49
-7.01
-6.25
-5.69
-6.37
-7.8
-7.92
-7.91
-7.86
-7.42
-6.94
-6.24
-6.86
-6.48
-6.69
-6.65
-6.61
-7.21
-8.03
-8.06
-7.13
-7.07
-6.72
-6.17
-6.22
-6.12
-6.43
-6.58
-7.19
-6.9
-6.37
-6.22
-6.63
-6.36
-6.43
-7.45
-8.1
-7.68
-8.24
-8.1
-7.22
-7.65
-7.68
-7.3
-6.68
-7.14
-7.79
-7.64
-7.92
-8.28
-7.6
-7.56
-8.19
-7.66
-6.83
-7.61
-8.19
-8.11
-7.69
-7.41
-7.1
-6.57
-6.91
-6.59
-6.32
-6.68
-7.02
-6.89
-6.84
-6.73
-7.28
-6.73
-6.51
-6.64
-6.62
-6.84
-6.68
-6.07
-6.32
-6.29
-5.85
-5.76
-6.22
-6.72
-6.36
-6.44
-7.08
-6.86
-6.64
-7.5
-7.65
-7.55
-8.06
-8.44
-8.03
-7.73
-7.15
-6.7
-6.2
-6.45
-6.37
-6.37
-6.24
-7.08
-8.03
-7.39
-6.99
-7.06
-6.41
-6.86
-8.1
-7.72
-6.53
-6.06
-6.18
-6.15
-6.29
-6.41
-6.07
-6.07
-6.61
-6.58
-6.58
-6.16
-6.64
-5.95
-6.12
-6.67
-6.21
-6.05
-6.08
-6.3
-6.75
-7.71
-7.6
-6.87
-6.63
-6.63
-7.65
-7.13
-6.84
-6.36
-6.35
-6.9
-7.57
-7.95
-7.39
-7.58
-7.35
-6.46
-6.63
-7.41
-7.53
-7.66
-7.63
-7.51
-6.85
-6.85
-6.9
-6.12
-6.1
-6.76
-7.09
-7.17
-7.79
-7.98
-7.5
-7.3
-7.5
-6.71
-6.54
-6.54
-6.67
-6.41
-7.39
-7.67
-7.17
-7.21
-7.19
-6.58
-5.6
-5.41
-5.34
-5.59
-6.63
-7.26
-7.36
-7.21
-6.87
-6.55
-6.33
-6.6
-7.51
-7.14
-7.24
-7.63
-7.75
-7.96
-8.29
-7.83
-7.9
-8.15
-8.18
-7.55
-6.84
-6.97
-6.86
-6.86
-6.84
-7.09
-6.62
-6.06
-5.93
-5.1
-5.24
-6.05
-6.31
-5.77
-5.76
-6.44
-6.64
-6.57
-6.57
-6.41
-6.41
-5.54
-5.76
-5.56
-5.63
-6.38
-5.78
-5.35
-6.56
-6.81
-5.92
-5.69
-6.4
-6.48
-6.89
-6.89
-7.94
-7.47
-6.48
-6.49
-5.88
-6.3
-6.48
-5.92
-5.87
-6.12
-6.08
-5.76
-6.62
-7.27
-6.69
-6.71
-6.71
-5.75
-5.77
-6.84
-6.84
-6.81
-6.93
-6.4
-5.35
-5.39
-6.09
-6.12
-5.67
-5.81
-6.12
-5.72
-6.71
-7.08
-6.58
-6.34
-6.18
-6.49
-6.08
-5.99
-5.93
-5.41
-5.47
-6.22
-6.44
-6.06
-6.26
-6.72
-5.85
-5.8
-5.8
-6.7
-6.7
-6.53
-6.53
-6.34
-6.69
-6.47
-6.11
-6.34
-7.46
-8.07
-7.04
-6.92
-7.13
-6.41
-6.86
-7.62
-7.62
-7.8
-8.33
-8.63
-7.91
-7.8
-7.91
-7.47
-7.1
-7.27
-7.02
-7.17
-7.95
-7.72
-7.33
-7.83
-7.83
-8.86
-8.59
-8.19
-8.15
-7.53
-8.21
-8.11
-7.53
-7.22
-7.45
-7.86
-8.25
-8.64
-7.92
-7.12
-7.16
-7.86
-7.92
-7.53
-7.52
-7.22
-6.7
-6.99
-7.88
-8.22
-8.15
-8.47
-7.86
-7.46
-8.13
-8.17
-7.39
-7.34
-7.34
-7.91
-7.67
-8.11
-8.11
-7.3
-6.65
-7.01
-6.73
-6.44
-6.62
-6.81
-6.08
-6.27
-6.55
-6.42
-6.75
-6.97
-6.71
-6.41
-6.67
-6.86
-6.86
-7.14
-7.16
-6.3
-5.98
-6.09
-6.3
-6.59
-6.97
-6.78
-5.65
-5.95
-6.47
-5.96
-5.55
-5.96
-5.91
-5.3
-5.67
-6.06
-5.81
-6.01
-6.73
-7.2
-6.47
-6.3
-5.87
-5.18
-4.67
-4.76
-5.14
-5.44
-5.92
-5.89
-5.23
-5.16
-6.06
-6.21
-6.24
-6.37
-6.41
-6
-6.65
-6.91
-6.7
-6.89
-6.72
-5.78
-5.78
-6.34
-7.23
-6.89
-7.15
-7.3
-6.67
-6.83
-6.71
-6.82
-6.5
-6.82
-6.72
-5.92
-5.72
-6.41
-6.39
-6.38
-6.68
-6.48
-5.71
-5.45
-5.85
-5.49
-5.74
-5.9
-5.99
-5.99
-6.47
-7.03
-7.02
-7.03
-7.51
-7.01
-7.01
-6.8
-6.76
-5.76
-6.17
-6.7
-6.76
-6.72
-7.19
-6.89
-6.38
-6.4
-6.23
-5.42
-5.95
-6.78
-6.86
-7.23
-7.98
-7.74
-7.6
-7.7
-7.6
-7.04
-6.55
-6.52
-5.99
-4.96
-5.28
-5.17
-4.79
-5.91
-6.16
-5.89
-5.87
-6.47
-6.5
-6.34
-6.78
-6.41
-5.71
-5.66
-6.12
-6.14
-5.8
-5.6
-5.57
-5.36
-5.98
-6.26
-6.09
-5.9
-5.85
-5.59
-5.59
-5.78
-5.8
-5.75
-5.85
-6.26
-6.2
-6.33
-6.58
-6.55
-5.92
-6.03
-5.93
-5.8
-5.97
-5.97
-6.08
-6.08
-5.63
-6.06
-5.69
-6.43
-6.73
-6.84
-6.83
-7
-7.09
-6.31
-6.47
-5.87
-5.58
-5.54
-5.95
-5.95
-5.96
-6.04
-6.12
-5.87
-5.78
-6.34
-6.96
-6.73
-6.89
-7.21
-6.86
-6.78
-7.02
-7.11
-6.71
-5.98
-5.32
-4.55
-4.61
-5.6
-6.04
-6.78
-7
-6.94
-6.49
-6.34
-5.98
-4.98
-5.14
-5.22
-5.23
-5.63
-5.94
-6.09
-6.09
-6.86
-7.17
-6.82
-6.45
-6.56
-6.27
-5.99
-6.78
-7.17
-6.61
-6.46
-6.73
-6.21
-6.48
-7.15
-7.4
-6.92
-6.92
-7.02
-6.54
-6.58
-6.76
-6.87
-6.35
-6.76
-7.03
-7.03
-6.94
-6.93
-6.44
-5.79
-5.83
-5.49
-5.45
-6.01
-6.46
-6.06
-5.81
-6.46
-6.06
-6.49
-6.5
-6.31
-5.47
-6.01
-6.64
-6.62
-6.91
-6.92
-6.9
-6.63
-6.86
-6.78
-6.25
-6.28
-6.54
-6.2
-6.16
-6.45
-6.96
-7.2
-7.62
-7.8
-6.71
-6.47
-6.24
-5.97
-5.89
-5.89
-6.59
-5.03
-5.48
-6.67
-6.76
-6.98
-7.39
-7.5
-6.83
-7.05
-7.7
-7.4
-7.1
-6.58
-6.29
-6.29
-6.39
-6.49
-6.05
-6.1
-7.02
-6.8
-7.05
-7.55
-7.49
-6.95
-6.8
-6.64
-5.63
-5.66
-6.26
-6.04
-5.79
-6.27
-6.14
-5.8
-6.57
-6.94
-6.68
-6.58
-6.23
-5.62
-5.3
-6.03
-5.97
-5.88
-6.25
-5.91
-5.91
-4.96
-5.88
-6.49
-6.35
-6.8
-7.33
-7.38
-7.81
-7.4
-6.63
-5.78
-6.31
-6.2
-5.86
-6.09
-6.28
-6.68
-7.74
-8.33
-8.29
-7.51
-7.47
-7.85
-7.66
-7.33
-7.14
-6.72
-6.38
-6.79
-6.92
-6.46
-6.69
-6.63
-6.63
-5.81
-6.37
-6.28
-5.84
-5.92
-5.89
-5.47
-5.96
-5.81
-5.29
-5.26
-5.89
-5.98
-5.89
-6
-6.04
-6.08
-6.48
-6.83
-6.27
-5.7
-5.8
-6.53
-6.13
-6.34
-6.71
-6.28
-5.79
-5.84
-5.62
-4.88
-5.05
-5.75
-6.04
-6.04
-6.42
-6.36
-5.75
-5.67
-5.7
-5.41
-5.43
-5.2
-4.61
-4.78
-5.87
-5.67
-5.47
-6.04
-6.28
-5.41
-5.6
-6.3
-6.3
-6.31
-5.89
-5.81
-5.08
-5.4
-5.45
-5.36
-5.98
-6.78
-6.45
-6
-6.59
-6.73
-5.81
-5.47
-5.29
-4.76
-3.92
-4.23
-4.44
-4.55
-5.1
-5.33
-5.07
-5.21
-5.28
-5.15
-5.3
-5.81
-6.09
-5.59
-5.51
-5.93
-5.93
-5.08
-4.92
-4.76
-4.24
-4.88
-5.22
-4.94
-5.22
-5.77
-5.38
-5.12
-5.03
-5.07
-4.68
-5.51
-5.51
-4.93
-4.71
-5.37
-5.27
-5.02
-4.89
-4.67
-4.9
-5.83
-6.19
-6
-5.51
-5.87
-5.68
-5.1
-5.1
-5.85
-5.85
-5.47
-5.73
-5.85
-5.79
-5.83
-6.06
-5.75
-6.03
-5.95
-5.67
-5.87
-6.68
-7.12
-6.78
-7.01
-7.01
-4.67
-4.44
-4.97
-5.47
-6.18
-7.17
-7.46
-7.36
-7.77
-8.08
-7.81
-7.68
-7.75
-7.81
-7.26
-7.31
-7.67
-7.67
-7.76
-8
-6.99
-6.7
-6.57
-6.39
-6.28
-7.13
-7.61
-6.93
-7.02
-7.62
-7.52
-6.89
-6.37
-6.07
-5.17
-5.43
-6.36
-6.47
-6.58
-6.51
-6.16
-5.66
-5.91
-5.78
-4.94
-5.26
-5.68
-5.69
-5.79
-5.86
-6.35
-6.35
-5.8
-6.2
-5.76
-5.97
-6.45
-6.46
-5.76
-6.53
-6.89
-6.18
-6.14
-6.45
-6.33
-6.02
-6.05
-6
-6
-5.95
-5.66
-5.06
-5.52
-5.91
-5.98
-5.55
-5.75
-5.92
-5.06
-5.39
-6
-6.52
-6.59
-7.24
-7.24
-6.18
-6.18
-6.49
-6.75
-6.99
-7.03
-6.4
-6.47
-6.78
-6.72
-6.36
-5.72
-5.21
-4.47
-4.27
-5.13
-5.13
-5.53
-6.26
-6.02
-4.93
-4.86
-5.38
-5.09
-4.95
-4.63
-4.74
-5.15
-5.96
-6.56
-5.82
-5.76
-5.58
-4.93
-4.69
-4.53
-4.11
-3.72
-4.15
-5.3
-5.27
-5.45
-5.56
-5.56
-5.85
-5.91
-6.21
-6.01
-6.3
-6.68
-6.99
-6.88
-6.76
-6.25
-6.01
-6.3
-6.18
-5.56
-5.17
-5.22
-5.29
-5.7
-6.53
-6.19
-5.9
-5.61
-5.26
-4.51
-4.15
-4.98
-5.65
-5.89
-6.11
-5.94
-5.39
-5.55
-5.18
-5.02
-5.37
-5.78
-5.3
-4.79
-5.14
-5.92
-5.43
-5.43
-6.31
-6.2
-5.8
-6.27
-6.25
-5.61
-5.7
-6.06
-4.93
-4.59
-4.43
-4.53
-4.41
-5.08
-5.75
-5.35
-6
-6.54
-5.73
-4.54
-4.65
-5.02
-5.07
-5.95
-6.73
-6.42
-6.92
-7.31
-7.24
-7
-6.84
-6.27
-5.2
-5.54
-5.64
-5.37
-5.47
-5.96
-5.69
-5.4
-5.78
-6.42
-6.32
-6.07
-5.69
-5.36
-5.57
-5.7
-5.54
-5.29
-6.06
-6.44
-6.44
-4.72
-4.76
-5.17
-4.88
-5.53
-5.66
-5.39
-5.88
-6.09
-6.19
-6.55
-7.04
-6.67
-5.77
-5.74
-5.74
-6.02
-5.33
-5.45
-5.02
-4.86
-5.31
-5.53
-5.33
-6.24
-6.9
-6.49
-6.32
-6.1
-5.6
-4.7
-5.43
-5.43
-6.39
-6.69
-6.89
-6.37
-5.76
-5.89
-5.85
-5.12
-4.97
-5.37
-5.72
-5.75
-7.14
-7.6
-7.18
-7.09
-7.3
-6.54
-6.36
-6.77
-6.81
-6.5
-6.59
-6.51
-6.26
-6.81
-6.51
-5.56
-5.6
-5.86
-5.48
-5.12
-5.23
-5.23
-5.35
-5.82
-6.33
-6.4
-6.18
-5.56
-5.99
-5.89
-6.57
-7.07
-6.99
-6.83
-7.39
-6.39
-5.65
-6.11
-6.08
-6.13
-5.91
-5.84
-5.43
-5.18
-5.36
-6
-5.69
-6.34
-6.45
-5.67
-5.42
-5.54
-5.6
-5.84
-5.76
-5.54
-5.48
-5.91
-6.16
-6.15
-6.05
-6.2
-6.1
-5.22
-5.69
-5.19
-4.43
-5.07
-5.6
-5.77
-5.59
-5.55
-5.55
-5
-5.52
-5.97
-5.49
-5.61
-5.59
-5.4
-5.25
-5.74
-6
-5.61
-5.39
-5.47
-5.05
-5.44
-5.9
-5.81
-5.38
-5.71
-6.31
-5.71
-5.84
-6.64
-6.47
-6.23
-6.22
-6.34
-6.22
-6.6
-7.23
-6.61
-6.23
-5.91
-6.08
-6.08
-5.52
-6.16
-6.16
-6.02
-5.84
-6.24
-6.06
-6.16
-5.91
-5.32
-5.55
-5.97
-5.36
-5.43
-6.05
-5.8
-5.38
-5.49
-5.51
-4.86
-5.07
-5.36
-5.26
-5.16
-5.88
-5.78
-6.08
-7.02
-7.55
-6.46
-5.73
-5.5
-5.13
-5.23
-5.57
-5.15
-4.35
-5.32
-5.79
-5.72
-6.09
-6.33
-6.3
-7.06
-7.42
-8
-6.96
-7.27
-7.54
-7.4
-6.74
-6.89
-7.11
-6.69
-6.88
-6.65
-6.57
-7.13
-7.74
-7.56
-6.72
-6.4
-6.38
-5.39
-5.85
-6.06
-6.17
-6.1
-6.1
-6.87
-6.77
-6.61
-6.34
-6.23
-6.41
-5.86
-5.33
-6
-6.86
-6.16
-5.57
-6.1
-7.26
-7.07
-6.9
-7.14
-6.66
-6.11
-6.06
-6.32
-5.91
-6.44
-7.03
-6.31
-5.8
-5.34
-5.05
-4.67
-4.99
-5.35
-5.04
-5.25
-5.19
-4.98
-5.03
-5.53
-5.61
-5.19
-6.12
-6.7
-5.89
-5.49
-5.99
-5.7
-5.42
-5.8
-6.29
-6.11
-6.23
-6.08
-5.95
-5.84
-5.84
-5.56
-5.5
-6.49
-6.61
-5.74
-6.16
-6.39
-6.43
-5.85
-5.68
-5.76
-5.38
-5.62
-5.93
-5.93
-6.71
-6.8
-6.91
-6.74
-6.46
-5.73
-4.95
-5.54
-6.22
-6.33
-6.25
-6.64
-6.14
-5.12
-5.49
-5.4
-5.42
-5.57
-5.91
-5.86
-5.36
-5.69
-6.21
-5.83
-5.84
-6.18
-6.06
-5.8
-5.55
-5.99
-5.25
-5.92
-6.53
-6.36
-6.04
-6.59
-6.44
-6.05
-6.47
-6.63
-5.66
-5.57
-5.78
-5.48
-5.3
-6.2
-6.14
-5.77
-6.4
-6.53
-5.71
-5.7
-6.32
-6.55
-6.37
-6.48
-6.33
-5.79
-5.27
-5.78
-5.9
-5.85
-6.02
-6.04
-5.82
-6.08
-6.39
-6.39
-5.99
-6.04
-5.32
-4.95
-5.87
-6.08
-5.97
-5.61
-5.6
-4.99
-5.04
-5.56
-5.75
-6.02
-6.61
-6.55
-5.4
-5.17
-4.98
-4.59
-5.18
-5.93
-6.69
-6.26
-6.09
-6.29
-5.96
-5.4
-5.38
-5.34
-5.27
-5.8
-5.42
-5.42
-4.38
-4.46
-4.86
-5.76
-6.08
-6.44
-5.94
-5.62
-4.89
-4.75
-5.25
-5.35
-5.01
-5.24
-5.53
-5.73
-5.38
-5.38
-5.73
-5.39
-5.89
-5.97
-5.89
-5.59
-5.77
-6.32
-6.15
-6.17
-7
-6.88
-6.77
-6.98
-6.46
-5.97
-5.97
-6.7
-5.78
-6.5
-7.2
-6.51
-6.08
-6.17
-6.38
-5.94
-6.49
-6.3
-5.63
-5.88
-6.44
-6.05
-5.85
-6.73
-6.43
-5.49
-5.53
-5.26
-4.66
-4.76
-5.48
-5.77
-5.83
-5.74
-5.66
-5.6
-6.16
-5.97
-4.98
-4.89
-5.44
-5.44
-4.58
-5.02
-5.67
-5.4
-5.81
-6.06
-6.06
-5.65
-6.49
-6.25
-5.71
-6
-6.22
-6.08
-5.79
-6.07
-5.42
-4.38
-4.77
-5.73
-5.6
-6.16
-6.57
-5.89
-5.53
-5.24
-5.12
-4.7
-4.75
-5.02
-4.79
-5.14
-5.38
-5.26
-4.92
-5.25
-4.98
-4.56
-5.05
-5
-4.53
-4.3
-4.94
-4.85
-4.73
-5.03
-5.68
-5.54
-5.72
-5.72
-5.42
-5.5
-5.89
-5.65
-5.47
-5.57
-5.68
-5.76
-5.61
-6.27
-6.25
-6.29
-6.7
-7.19
-6.48
-6.46
-6.46
-5.89
-5.82
-5.33
-4.74
-4.56
-4.99
-5.11
-5.02
-5.53
-6.1
-5.21
-5.54
-6.72
-6.95
-6.14
-6.56
-6.99
-6.5
-6.92
-7.05
-6.85
-6.79
-6.96
-7.19
-6.88
-6.93
-6.67
-6.19
-6.14
-6.78
-7.06
-6.74
-6.72
-6.46
-5.94
-5.27
-5.12
-5.06
-4.76
-5.72
-5.9
-5.28
-5.29
-5.75
-5.31
-5.83
-6.29
-6.1
-5.45
-5.79
-5.4
-4.54
-4.28
-5.03
-4.97
-5.32
-5.92
-6.28
-5.71
-6.12
-6.48
-5.85
-5.97
-6.34
-6.22
-5.77
-5.98
-5.39
-5.22
-5.18
-5.43
-5.37
-5.25
-5.36
-5.27
-5.18
-5.59
-6.29
-5.69
-5.27
-5.38
-5.43
-5.72
-6.62
-6.17
-5.04
-5.52
-5.96
-5.82
-5.32
-6.07
-5.42
-4.99
-5.72
-5.59
-4.68
-4.26
-4.52
-4.98
-5.69
-5.94
-5.82
-5.82
-5.49
-5.24
-4.82
-4.9
-4.94
-4.74
-4.85
-5.22
-5.13
-4.75
-5.39
-5.72
-5.37
-5.6
-5.42
-5.21
-4.67
-4.89
-4.62
-4.27
-4.8
-5.43
-4.91
-4.47
-4.43
-4.9
-4.52
-5
-4.97
-4.99
-5.31
-5.53
-5.66
-5.96
-6.58
-6.04
-5.64
-5.46
-5.15
-4.35
-5.05
-6.16
-6.09
-5.55
-5.99
-6.36
-5.59
-5.36
-5.75
-5.25
-5.05
-5.42
-5.22
-4.41
-4.89
-5.71
-5.68
-5.82
-6.22
-5.4
-5.26
-5.62
-5.8
-5.51
-5.55
-5.58
-5.44
-5.94
-6.5
-5.96
-5.79
-5.82
-5.46
-5
-4.42
-5.2
-5.11
-5.19
-5.37
-4.91
-4.32
-4.54
-5
-4.61
-4.55
-4.46
-4.34
-4.52
-5.48
-5.8
-5.22
-5.09
-5.19
-4.71
-4.56
-4.8
-4.92
-4.81
-4.73
-5.03
-4.12
-3.88
-4.36
-4.57
-5.05
-5.92
-5.28
-4.44
-4.84
-5.28
-4.59
-4.88
-5.16
-4.67
-4.66
-5.29
-5.85
-5.54
-5.55
-5.74
-5.05
-5.15
-4.59
-4.62
-4.81
-4.97
-5.3
-4.53
-4.99
-4.91
-4.14
-4.65
-5.4
-5.41
-4.72
-4.79
-4.96
-4.56
-4.79
-5.04
-4.74
-4.69
-5.07
-4.71
-4.28
-4.93
-5.73
-6.02
-6.03
-6.22
-6.17
-5.98
-6.61
-7.15
-6.35
-6.07
-6.38
-5.67
-5.43
-5.42
-4.87
-4.29
-4.35
-4.18
-3.67
-3.62
-4.09
-3.73
-3.67
-4.6
-4.87
-4.21
-4.56
-4.96
-4.61
-4.94
-5.19
-5.62
-5.55
-5.98
-6.21
-5.96
-5.71
-5.21
-4.69
-4.3
-4.46
-4.76
-4.43
-4.95
-5.15
-5.05
-5.25
-5.13
-4.36
-4.46
-4.12
-4.3
-4.4
-5.06
-5.26
-5.05
-5.33
-5.33
-5.11
-4.48
-4.95
-5.43
-5.24
-5.63
-5.87
-5.56
-5.51
-6.28
-6.39
-5.84
-5.4
-5.2
-4.27
-4.56
-5.03
-5.03
-4.32
-5.16
-5.96
-6.14
-5.85
-6.29
-5.8
-5.61
-5.5
-5.39
-4.47
-4.27
-4.91
-4.93
-4.93
-5.89
-6.11
-6.17
-6.17
-6.05
-5.84
-5.89
-6.17
-5.61
-5.65
-5.97
-5.46
-4.84
-5.4
-5.81
-5.16
-5.59
-5.59
-5.57
-5.56
-5.19
-4.59
-4.37
-4.87
-4.8
-4.56
-5.12
-5.7
-5.5
-5.04
-5.43
-5.49
-4.77
-4.69
-4.97
-4.69
-4.98
-5.84
-5.13
-4.75
-5.2
-5.29
-4.91
-4.91
-4.91
-4.25
-4.29
-4.66
-4.82
-4.96
-5.52
-5.65
-4.93
-5.09
-5.17
-4.84
-5.18
-5.5
-5.53
-5.36
-5.55
-5.43
-4.97
-5.79
-6.39
-5.72
-5.41
-5.86
-5.72
-5.49
-5.75
-5.93
-4.92
-4.75
-4.47
-4.26
-4.58
-5.44
-6.06
-5.9
-5.88
-6.15
-5.86
-6.39
-6.31
-5.98
-5.47
-5.47
-6.02
-5.65
-6.18
-6.55
-6.02
-5.67