87.9
87.91
87.91
87.98
88.02
88.03
87.97
87.94
87.84
87.82
87.92
87.92
87.88
87.97
87.97
87.85
87.79
87.84
87.83
87.78
87.79
87.78
87.68
87.69
87.85
87.96
88.02
88.03
87.97
87.88
87.92
87.9
87.82
87.81
87.86
87.8
87.79
87.93
87.89
87.87
87.92
87.88
87.82
87.83
87.88
87.86
87.82
87.89
87.94
87.92
87.9
87.97
87.96
87.94
87.98
87.85
87.75
87.78
87.75
87.73
87.77
87.9
87.88
87.89
87.89
87.85
87.8
87.74
87.82
87.86
87.86
87.97
87.91
87.88
87.89
87.93
87.93
87.91
87.92
87.89
87.88
87.92
87.87
87.85
87.9
87.96
87.84
87.81
87.85
87.81
87.72
87.78
87.79
87.72
87.73
87.8
87.77
87.81
87.9
87.87
87.82
87.87
87.9
87.82
87.87
87.91
87.89
87.84
87.95
87.97
87.81
87.8
87.92
87.92
87.9
87.93
87.97
87.94
87.9
87.89
87.88
87.89
87.94
87.93
87.93
88
88.06
87.96
87.96
87.94
87.88
87.86
87.9
87.89
87.85
87.82
87.87
87.86
87.89
87.97
87.93
87.93
88
88.01
87.95
87.94
87.99
87.87
87.81
87.92
87.93
87.89
87.92
87.93
87.82
87.75
87.86
87.88
87.86
87.91
87.93
87.88
87.82
87.86
87.81
87.82
87.84
87.84
87.83
87.91
87.98
88
87.96
87.96
87.97
87.92
87.92
87.83
87.73
87.69
87.69
87.76
87.75
87.81
87.75
87.73
87.79
87.88
87.85
87.84
87.85
87.82
87.75
87.79
87.81
87.76
87.76
87.83
87.86
87.89
87.98
88
87.89
87.91
87.89
87.83
87.85
87.87
87.82
87.78
87.79
87.71
87.74
87.82
87.86
87.83
87.8
87.86
87.81
87.76
87.82
87.79
87.74
87.72
87.8
87.81
87.83
87.9
87.93
87.85
87.81
87.84
87.71
87.67
87.74
87.76
87.77
87.8
87.8
87.76
87.83
87.88
87.85
87.79
87.85
87.84
87.79
87.82
87.82
87.8
87.72
87.82
87.81
87.71
87.75
87.76
87.77
87.77
87.81
87.77
87.77
87.83
87.85
87.79
87.8
87.85
87.89
87.78
87.74
87.65
87.58
87.66
87.71
87.72
87.68
87.76
87.76
87.76
87.83
87.8
87.7
87.69
87.77
87.73
87.72
87.82
87.82
87.86
87.91
87.91
87.86
87.9
87.9
87.76
87.59
87.57
87.69
87.73
87.83
87.92
87.88
87.85
87.9
87.83
87.82
87.9
87.92
87.86
87.78
87.83
87.83
87.78
87.83
87.77
87.67
87.65
87.73
87.74
87.86
87.97
88
87.9
87.9
87.85
87.82
87.83
87.93
87.91
87.82
87.91
87.85
87.79
87.8
87.88
87.91
87.92
87.96
87.92
87.87
87.84
87.89
87.82
87.76
87.8
87.76
87.72
87.75
87.76
87.7
87.76
87.83
87.8
87.73
87.76
87.77
87.73
87.8
87.83
87.87
87.91
87.94
87.87
87.88
87.92
87.91
87.83
87.86
87.88
87.82
87.75
87.87
87.88
87.83
87.75
87.76
87.68
87.64
87.76
87.74
87.8
87.86
87.87
87.83
87.88
87.86
87.83
87.72
87.79
87.78
87.74
87.76
87.83
87.78
87.75
87.82
87.83
87.88
87.94
87.9
87.81
87.76
87.74
87.78
87.8
87.92
87.93
87.89
87.93
87.99
87.91
87.86
87.89
87.82
87.81
87.79
87.81
87.74
87.74
87.76
87.76
87.77
87.81
87.87
87.85
87.92
87.97
87.91
87.84
87.87
87.81
87.83
87.86
87.81
87.76
87.76
87.86
87.87
87.84
87.84
87.79
87.73
87.75
87.84
87.79
87.79
87.86
87.8
87.74
87.82
87.92
87.86
87.9
87.94
87.9
87.8
87.83
87.78
87.76
87.79
87.79
87.75
87.76
87.9
87.93
87.96
88.01
87.85
87.83
87.81
87.83
87.86
87.89
87.99
87.94
87.83
87.84
87.83
87.79
87.74
87.81
87.78
87.82
87.87
87.86
87.8
87.83
87.83
87.79
87.79
87.85
87.8
87.8
87.86
87.82
87.79
87.72
87.81
87.74
87.74
87.79
87.73
87.63
87.67
87.74
87.72
87.73
87.76
87.74
87.75
87.79
87.81
87.79
87.82
87.9
87.82
87.81
87.92
87.9
87.79
87.72
87.74
87.72
87.8
87.91
87.89
87.86
87.9
87.92
87.86
87.83
87.91
87.83
87.8
87.8
87.81
87.77
87.78
87.77
87.72
87.7
87.76
87.72
87.73
87.81
87.82
87.84
87.84
87.85
87.79
87.7
87.76
87.76
87.7
87.69
87.68
87.58
87.61
87.73
87.75
87.77
87.85
87.75
87.62
87.56
87.57
87.54
87.52
87.66
87.71
87.75
87.74
87.72
87.67
87.65
87.73
87.75
87.69
87.77
87.82
87.83
87.82
87.84
87.84
87.77
87.8
87.76
87.73
87.75
87.71
87.64
87.65
87.83
87.83
87.84
87.87
87.78
87.68
87.68
87.7
87.66
87.71
87.85
87.88
87.82
87.77
87.72
87.58
87.44
87.47
87.52
87.48
87.54
87.59
87.59
87.66
87.72
87.68
87.7
87.73
87.7
87.7
87.77
87.79
87.87
87.87
87.92
87.87
87.82
87.84
87.91
87.88
87.86
87.91
87.82
87.75
87.84
87.86
87.79
87.77
87.79
87.72
87.76
87.83
87.74
87.73
87.78
87.8
87.77
87.77
87.79
87.75
87.76
87.79
87.77
87.71
87.75
87.76
87.7
87.67
87.75
87.82
87.79
87.83
87.81
87.77
87.76
87.84
87.77
87.72
87.87
87.87
87.86
87.9
87.92
87.89
87.86
87.89
87.7
87.58
87.69
87.75
87.79
87.78
87.8
87.76
87.79
87.85
87.79
87.73
87.81
87.85
87.82
87.73
87.73
87.69
87.72
87.87
87.87
87.76
87.73
87.75
87.73
87.66
87.74
87.75
87.73
87.75
87.74
87.67
87.67
87.67
87.59
87.57
87.69
87.7
87.66
87.65
87.65
87.7
87.73
87.83
87.82
87.79
87.85
87.8
87.65
87.56
87.53
87.54
87.57
87.64
87.7
87.67
87.69
87.78
87.75
87.72
87.78
87.73
87.71
87.76
87.84
87.87
87.91
87.89
87.79
87.73
87.84
87.8
87.69
87.6
87.61
87.59
87.56
87.63
87.66
87.75
87.81
87.76
87.7
87.75
87.8
87.78
87.79
87.88
87.87
87.87
87.85
87.92
87.86
87.84
87.85
87.81
87.77
87.74
87.73
87.7
87.69
87.77
87.73
87.75
87.88
87.9
87.89
87.94
87.96
87.84
87.83
87.86
87.8
87.71
87.76
87.79
87.8
87.83
87.95
87.93
87.93
88.01
87.93
87.86
87.85
87.88
87.88
87.9
87.95
87.87
87.86
87.95
88.01
87.97
88.01
88.08
88.12
88.07
88.03
87.9
87.9
88.01
88.01
87.9
87.89
87.94
87.88
87.88
88.01
87.93
87.9
87.87
87.89
87.89
87.86
87.88
87.85
87.84
87.87
87.91
87.88
87.85
87.89
87.87
87.86
87.94
87.9
87.88
87.88
87.93
87.88
87.87
87.89
87.8
87.71
87.72
87.69
87.71
87.77
87.8
87.68
87.68
87.71
87.68
87.6
87.63
87.67
87.68
87.71
87.66
87.6
87.61
87.68
87.63
87.59
87.61
87.66
87.72
87.72
87.76
87.79
87.76
87.74
87.71
87.64
87.65
87.67
87.65
87.64
87.77
87.77
87.69
87.61
87.66
87.6
87.59
87.65
87.58
87.6
87.72
87.79
87.78
87.76
87.78
87.74
87.73
87.78
87.78
87.68
87.64
87.72
87.73
87.76
87.85
87.81
87.7
87.67
87.69
87.7
87.72
87.76
87.8
87.83
87.97
87.97
87.85
87.81
87.75
87.64
87.59
87.68
87.67
87.69
87.72
87.74
87.65
87.6
87.67
87.7
87.7
87.75
87.82
87.76
87.73
87.72
87.69
87.77
87.86
87.78
87.7
87.69
87.74
87.65
87.65
87.68
87.72
87.8
87.91
87.88
87.78
87.67
87.73
87.71
87.7
87.82
87.87
87.85
87.87
87.92
87.83
87.81
87.88
87.87
87.88
87.93
87.9
87.92
87.97
88.04
87.95
87.93
87.97
87.91
87.87
87.96
88.03
87.97
87.96
88
87.95
87.9
87.97
88.05
87.97
87.92
87.89
87.91
87.93
87.98
87.95
87.95
88.01
87.95
87.88
87.91
87.91
87.88
87.9
88
87.9
87.78
87.85
87.89
87.88
87.89
87.91
87.8
87.77
87.78
87.79
87.83
87.86
87.89
87.88
87.87
87.94
87.84
87.77
87.83
87.81
87.79
87.82
87.89
87.83
87.77
87.79
87.71
87.75
87.84
87.86
87.77
87.79
87.87
87.79
87.75
87.84
87.82
87.76
87.78
87.85
87.82
87.82
87.85
87.85
87.76
87.83
87.85
87.84
87.86
87.96
87.99
87.97
87.95
87.96
87.92
87.87
87.86
87.79
87.8
87.93
87.93
87.88
87.86
87.81
87.8
87.8
87.89
87.83
87.81
87.87
87.86
87.8
87.82
87.84
87.79
87.76
87.84
87.78
87.77
87.85
87.88
87.87
87.92
87.95
87.85
87.87
87.96
87.95
87.87
87.91
87.9
87.84
87.84
87.81
87.76
87.84
87.94
87.89
87.8
87.83
87.87
87.78
87.7
87.74
87.74
87.76
87.78
87.78
87.75
87.75
87.83
87.84
87.95
88.03
87.98
87.88
87.93
87.87
87.83
87.77
87.85
87.84
87.87
87.95
87.9
87.88
87.83
87.85
87.82
87.8
87.87
87.89
87.86
87.96
88.01
87.93
87.95
88.01
87.99
87.98
88.09
88.04
88.01
88.03
88.07
87.96
87.9
87.97
87.97
87.94
87.98
88
87.97
87.97
88.01
87.99
87.96
88.07
88.08
88.06
88.11
88.17
88.2
88.12
88.05
87.96
87.89
87.93
87.99
87.98
88.06
88.15
88.14
88.08
88.05
87.99
87.93
87.91
87.92
87.83
87.84
87.81
87.76
87.75
87.85
87.85
87.85
87.83
87.87
87.88
87.83
87.85
87.8
87.79
87.89
87.96
87.91
87.9
87.91
87.9
87.9
88.01
88.01
87.97
87.93
87.9
87.89
87.83
87.87
87.79
87.79
87.82
87.84
87.89
87.9
87.95
87.96
87.93
87.99
87.92
87.81
87.78
87.81
87.84
87.85
87.87
87.86
87.86
87.95
87.93
87.91
87.91
87.98
87.93
87.89
87.89
87.84
87.86
87.94
87.95
87.89
87.87
87.91
87.82
87.85
87.91
87.83
87.79
87.92
87.92
87.85
87.8
87.89
87.84
87.85
87.87
87.92
87.87
87.89
87.96
88.02
87.99
88.01
88.01
87.98
87.95
87.91
87.87
87.9
87.95
87.9
87.85
87.85
87.8
87.76
87.84
87.9
87.79
87.83
87.91
87.92
87.89
87.92
87.97
87.91
87.81
87.88
87.9
87.91
87.99
87.96
87.93
88.02
87.98
88
87.99
87.98
87.9
87.87
87.92
87.94
87.92
87.89
87.9
87.87
87.9
87.96
87.99
88.01
88.04
88.04
88.03
88
88.04
87.93
87.83
87.87
87.87
87.86
87.92
87.96
87.89
87.86
87.94
87.92
87.93
87.95
87.98
87.94
88.03
88.09
88.03
88.03
88.14
88.07
88
88.03
87.98
87.9
87.88
87.95
87.87
87.83
87.85
87.85
87.85
87.83
87.85
87.86
87.88
87.99
87.98
87.97
87.97
87.93
87.85
87.83
87.86
87.83
87.82
87.81
87.87
87.86
87.83
87.91
87.96
87.91
87.91
87.89
87.86
87.94
87.94
87.87
87.83
87.82
87.86
87.81
87.94
88.01
87.98
88
87.99
87.93
87.91
87.92
87.85
87.74
87.75
87.81
87.79
87.78
87.82
87.81
87.77
87.86
87.83
87.84
87.94
87.93
87.91
87.91
87.97
87.91
87.9
87.93
87.92
87.82
87.79
87.83
87.83
87.78
87.92
87.96
87.86
87.85
87.87
87.78
87.77
87.88
87.88
87.88
87.9
87.83
87.81
87.9
87.93
87.88
87.84
87.86
87.81
87.79
87.87
87.94
87.9
87.95
87.98
87.96
87.99
88
87.98
87.91
87.95
87.97
87.9
87.86
87.94
87.93
87.91
87.96
88.04
87.99
88.01
88.17
88.17
88.14
88.23
88.27
88.23
88.21
88.11
87.96
87.96
88.09
88.02
87.93
87.98
87.97
87.96
87.97
87.97
87.94
87.97
88.08
88.03
87.92
87.96
88.01
87.97
88.02
88.08
88.07
87.99
88.05
88.06
87.97
87.99
88.08
87.99
87.96
88
88.05
88.04
88.07
88.08
88.02
88.02
88.06
88
87.98
88.05
87.98
88
88.15
88.16
88.05
87.94
87.95
87.86
87.81
87.85
87.99
88.03
87.96
87.9
87.78
87.74
87.82
87.84
87.85
87.91
87.93
87.87
87.83
87.91
87.87
87.78
87.76
87.77
87.77
87.82
87.91
87.91
87.98
87.99
87.92
87.83
87.79
87.88
87.86
87.87
87.89
87.78
87.8
87.88
87.94
87.91
87.84
87.84
87.77
87.74
87.86
87.85
87.78
87.82
87.9
87.9
87.9
87.92
87.81
87.79
87.89
87.83
87.81
87.79
87.84
87.83
87.83
87.87
87.83
87.78
87.9
87.91
87.86
87.91
87.92
87.85
87.81
87.84
87.79
87.77
87.8
87.91
87.87
87.84
87.91
87.88
87.82
87.85
87.83
87.85
87.9
87.98
88.03
88.03
88.08
88.07
88.01
87.97
88.01
88
88
88.02
88.05
87.98
88
87.99
87.94
88.03
88.05
88.04
88
88.11
88.07
88.1
88.07
88
87.98
87.95
88.02
87.97
87.9
87.95
88.03
88.01
88.05
88.06
88.01
87.95
88.05
88.01
88.01
87.99
87.97
87.92
87.95
88.01
88.02
88.07
88.12
88.07
88.06
88.05
88.02
88.01
88.05
88.12
88.05
88.01
88
87.96
87.85
87.9
88.03
88.03
87.98
88.04
88
87.95
87.91
87.98
87.92
87.93
88.02
87.99
87.93
88
87.99
87.94
87.91
87.96
87.95
87.96
87.97
87.97
87.91
87.97
87.95
87.81
87.73
87.76
87.72
87.76
87.88
87.93
87.85
87.87
87.98
87.92
87.92
88.02
88.02
87.94
87.97
87.98
87.95
87.91
87.96
87.85
87.8
87.82
87.83
87.79
87.84
87.89
87.87
87.83
87.89
87.97
87.97
88.01
88.01
87.95
87.86
87.89
87.84
87.84
87.92
87.95
87.96
87.92
87.93
87.88
87.87
87.99
87.99
87.95
87.91
87.92
87.89
87.95
88.1
88.1
88.06
88.07
88.03
87.94
87.98
88.02
87.95
87.94
88.05
88.05
87.97
87.97
87.92
87.86
87.9
88.04
88
87.94
87.92
87.9
87.92
87.97
87.97
87.89
87.9
88.04
88.01
87.94
87.88
87.82
87.77
87.86
87.92
87.97
87.94
88.02
88.03
88.05
88.04
88.02
87.99
87.99
88.04
87.95
87.85
87.91
88
88.03
88.11
88.18
88.12
88.06
88.1
88.06
87.99
88
88.04
88.03
88.05
88.09
88.02
88
88.04
88.07
87.99
87.94
87.94
87.92
87.93
88.03
88.03
88.02
88.02
88.01
87.95
87.94
88.03
88.01
88.06
88.08
88.05
88.01
88.04
88.12
88.1
88.09
88.18
88.14
88.07
88.08
88.1
88.1
88.12
88.18
88.1
87.98
87.99
88.01
88.01
88.05
88.03
88.02
88.01
88.07
88.03
88.04
88.1
88.14
88.02
87.98
88.02
87.93
87.91
87.96
87.99
87.92
87.88
87.82
87.79
87.84
87.96
87.97
87.93
87.92
87.9
87.88
87.9
87.94
87.92
87.9
87.93
87.93
88.01
88.05
88.02
88.02
87.99
88.09
88.11
88.04
87.94
87.87
87.8
87.77
87.91
88.02
88.09
88.11
88.08
88.05
88.04
88.01
87.9
87.87
87.95
87.94
87.94
88
87.97
87.97
87.93
87.95
87.91
87.93
87.97
87.93
87.91
87.92
87.89
87.88
87.88
87.95
87.94
87.91
87.95
87.99
87.94
87.92
88.02
87.98
87.99
88.01
87.97
87.92
87.95
87.97
87.99
87.97
87.98
87.92
87.89
87.97
87.93
87.87
87.9
87.91
87.85
87.89
87.93
87.93
87.91
87.9
87.85
87.83
87.86
87.9
87.89
87.9
88.01
88.02
88.05
87.98
87.9
87.87
87.92
87.99
88.01
88.06
88.02
88.03
88.01
87.99
88.05
87.98
88
88.1
88.08
88.08
88.14
88.18
88.09
88.09
88.15
88.16
88.22
88.28
88.26
88.15
88.09
88.13
88.07
88.02
88.08
88.05
88.01
88.03
88.01
87.95
87.88
87.9
87.85
87.85
87.97
87.99
87.99
88.01
88.05
88.03
87.99
88.05
87.97
87.94
88.06
88.1
88.07
87.93
87.84
87.79
87.73
87.85
87.86
87.85
87.9
87.93
87.89
87.87
87.98
87.96
87.96
88.01
88.1
88.02
87.99
88.06
88.05
88.02
88.01
87.96
87.9
87.87
87.93
87.9
87.88
87.95
87.94
87.88
87.96
87.92
87.81
87.71
87.72
87.7
87.72
87.78
87.81
87.79
87.77
87.83
87.86
87.83
87.84
87.8
87.73
87.8
87.84
87.85
87.9
87.95
87.89
87.85
87.84
87.83
87.8
87.81
87.81
87.8
87.82
87.9
87.85
87.84
87.86
87.89
87.87
87.87
87.95
87.86
87.77
87.78
87.72
87.76
87.8
87.81
87.8
87.81
87.93
87.9
87.84
87.88
87.91
87.89
87.87
87.97
87.95
87.95
88.03
87.97
87.93
87.91
87.89
87.84
87.87
88
87.94
87.9
87.92
87.91
87.98
87.98
88.09
88
87.96
87.98
87.94
87.9
87.9
87.97
87.89
87.87
88
88.05
88.03
88.08
88.09
88.05
88.03
88.07
88.01
88.01
88.05
88.01
88.01
87.97
87.96
87.89
87.9
87.97
87.97
87.91
87.97
87.93
87.9
87.98
88.11
88.1
87.98
88
88.01
87.98
88
87.98
87.98
87.93
87.98
87.91
87.93
88.05
87.99
87.99
88.01
87.99
87.88
87.88
87.96
87.92
87.9
87.92
87.99
87.9
87.88
88.06
88.04
87.97
88.01
87.97
87.91
87.94
87.97
87.97
87.98
88.07
88
87.91
87.95
88
87.89
87.86
87.93
87.88
87.82
87.87
87.89
87.91
87.9
87.94
87.92
87.88
87.9
87.87
87.87
87.99
88.04
88.02
88.08
88.05
87.81
87.58
87.58
87.55
87.57
87.68
87.81
87.81
87.78
87.85
87.8
87.75
87.77
87.81
87.84
87.91
87.89
87.83
87.81
87.86
87.89
87.88
87.91
87.92
87.85
87.87
87.97
87.98
87.95
87.95
87.94
87.87
87.92
87.9
87.86
87.83
87.84
87.74
87.79
87.86
87.96
87.96
87.93
87.99
88
87.96
87.98
87.95
87.89
87.95
88.05
88.04
87.96
88
87.99
87.92
87.83
87.84
87.86
87.89
87.98
87.97
87.92
87.95
88.02
88.06
88.05
88.01
87.86
87.75
87.82
87.82
87.83
87.93
87.99
87.93
87.95
87.91
87.8
87.79
87.91
87.93
87.86
87.74
87.7
87.68
87.74
87.87
87.89
87.89
87.95
87.95
87.88
87.87
87.87
87.85
87.89
87.98
87.94
87.92
87.96
87.98
87.96
87.98
88.06
88.06
88.08
88.05
87.98
87.88
87.8
87.87
87.88
87.9
87.96
87.97
87.93
88.02
87.98
87.92
87.88
87.94
87.94
87.91
87.96
87.96
87.94
87.99
88.06
87.96
87.94
88
87.98
87.96
87.97
87.99
87.93
87.96
88.08
88.09
88.1
88.09
88.02
87.88
87.88
87.95
87.96
87.99
88.09
88.04
87.97
87.92
87.92
87.84
87.83
87.82
87.81
87.8
87.91
87.97
87.93
87.89
87.89
87.72
87.73
87.84
87.88
87.9
87.97
88.05
88.01
87.99
88.11
88.02
87.93
87.94
87.94
87.91
87.96
88
87.95
87.96
87.96
87.95
87.92
87.94
88.04
88.02
88.02
88.05
88.01
88.01
88.07
88.05
87.91
87.89
87.93
87.9
87.84
87.83
87.89
87.98
88.09
88.01
87.96
87.91
87.86
87.79
87.87
87.98
87.91
87.94
88.04
88.09
88.02
87.98
88.04
88
87.96
87.98
87.89
87.83
87.82
87.96
87.95
87.89
87.95
87.95
87.94
87.9
87.9
87.92
87.85
87.96
87.95
87.86
87.86
87.83
87.8
87.79
87.86
87.86
87.86
87.96
87.95
87.84
87.81
87.85
87.89
87.89
88.01
87.97
87.91
87.94
87.99
87.98
87.95
87.99
87.92
87.97
88
87.97
87.97
88.01
88.09
88.04
88.06
88.08
88.07
88.05
88.05
88.03
87.97
88.01
88.01
88
87.93
87.99
87.96
87.92
87.94
88
87.94
87.95
88.03
87.96
87.93
87.98
88.05
87.99
87.95
88.02
88
87.95
87.94
87.96
87.96
88.02
88.01
88
88.07
88.09
88.05
88.05
88.07
87.96
87.94
87.94
87.98
87.92
87.9
87.99
87.97
87.92
87.94
87.94
87.89
87.83
87.8
87.75
87.82
87.92
87.9
87.88
87.92
87.93
87.89
87.88
87.99
87.96
87.86
87.86
87.8
87.77
87.8
87.9
87.91
87.95
87.95
87.87
87.78
87.78
87.82
87.8
87.79
87.87
87.81
87.89
87.9
87.87
87.89
87.92
87.98
87.89
87.83
87.91
87.89
87.87
87.88
87.92
87.86
87.84
87.86
87.85
87.88
87.94
87.95
87.86
87.85
87.87
87.82
87.83
87.86
87.93
87.9
87.95
87.89
87.83
87.78
87.9
87.89
87.82
87.9
87.97
88.02
88.08
88.12
88.13
88.1
88.08
88.08
88.05
88.04
87.97
87.86
87.84
87.88
87.89
87.85
87.95
87.98
87.91
87.96
88.02
87.97
87.92
87.91
87.86
87.78
87.87
87.99
87.95
87.91
87.95
87.96
87.95
88.01
87.99
87.93
87.87
87.89
87.86
87.88
87.94
87.96
87.96
88.05
88.16
88.07
87.97
88.05
88.05
88.09
88.13
88.09
88.06
88.03
88.06
88
87.92
88.05
88.04
87.98
88.02
88.01
87.93
87.9
87.93
87.94
87.96
88.02
88.09
88.08
88.03
88.08
88.07
87.99
87.97
87.94
87.99
88.07
88.12
88.07
88.03
88.09
88.05
88
87.99
87.95
87.95
88.01
88.04
88.02
88.02
88.07
88.03
87.98
88.05
88
87.96
87.91
87.94
87.9
87.88
87.97
87.99
87.9
87.88
87.98
87.9
87.92
88.01
87.97
87.96
87.95
87.94
87.85
87.85
87.89
87.89
87.88
87.98
88
87.94
87.94
88.02
88
88.09
88.18
88.17
88.07
88.02
87.95
87.82
87.83
87.94
87.93
87.9
87.95
87.94
87.86
87.89
87.98
87.96
88
88.06
87.96
87.93
87.95
87.99
87.91
87.94
87.98
87.97
87.97
87.96
87.99
87.95
87.94
87.99
87.95
87.95
88.05
88.03
87.99
87.96
88.03
87.96
87.9
87.94
87.92
87.92
87.99
88
87.93
87.88
87.92
87.89
87.85
87.93
87.93
87.87
87.92
87.98
87.98
87.96
88.02
87.93
87.84
87.85
87.83
87.79
87.9
88.06
88.05
88
88.02
88.01
87.91
87.95
88.06
88.02
88.06
88.12
88.1
88.12
88.11
88
87.91
87.89
87.91
87.83
87.76
87.88
87.87
87.86
87.99
87.98
87.89
87.86
87.93
87.9
87.88
87.95
87.93
87.87
87.81
87.89
87.9
87.86
87.95
88.01
87.92
87.94
88.03
88.03
88.01
88.05
88.03
87.96
88
88
87.92
87.9
87.97
87.99
87.92
87.96
87.98
87.99
88.03
88.08
88.05
88.03
88.07
88.04
87.99
87.99
87.99
87.95
87.97
88.02
88
88.01
88.12
88.1
88.02
87.97
88.03
87.97
88.01
88.06
88.07
88.01
88.04
87.99
87.89
87.91
87.99
87.94
87.92
88.03
88.05
88.01
87.99
88.05
88.02
88.02
88.11
88.1
88.05
88.08
88.12
88.06
88.04
88.07
88.06
88.13
88.14
88.12
88.05
88.07
88.14
88.07
88.04
88.12
88.06
88.06
88.06
88.04
87.98
87.94
88
88.02
87.99
88.08
88.06
88.06
88.08
88.13
88.11
88.15
88.22
88.18
88.12
88.09
88.19
88.09
87.93
87.95
87.92
87.95
88.08
88.15
88.1
88.08
88.13
88.09
88.07
88.12
88.09
88.04
88.14
88.17
88.12
88.12
88.19
88.08
88.15
88.15
87.99
87.96
87.96
88.06
88.11
88.11
88.19
88.02
88.02
87.99
88
87.94
87.92
87.96
88.01
88.05
88.11
88.1
88.05
88.06
88.1
88.01
87.97
88.06
88.06
88.02
87.98
88
88.03
88.03
88.12
88.08
88.04
88.02
88.05
88.09
88.19
88.23
88.14
88.2
88.19
88.1
87.99
88.04
88.02
87.92
87.95
88.07
88.08
88.07
88.14
88.17
88.18
88.21
88.18
88.1
88.14
88.17
88.13
88.12
88.03
88.02
87.99
87.97
87.95
87.95
88.08
88.08
88.11
88.1
88.09
88.11
88.01
87.99
88.02
87.99
87.97
87.96
87.98
87.96
88
88.01
88
88
87.98
87.96
88
88.07
88.06
87.99
87.95
88.06
88.03
88
88.06
88.07
87.97
88
87.98
87.96
87.96
88.05
88.06
87.99
88.04
88.08
88.07
88.04
88.06
87.95
87.83
87.9
87.93
87.93
87.99
88.07
88.02
88.01
88.07
88.03
87.98
88.01
88.03
87.97
88.08
88.23
88.16
88.16
88.15
88.05
87.9
87.89
87.91
87.88
87.9
87.97
87.88
87.81
87.94
87.99
87.96
87.98
88.06
88.01
88.01
88.08
88.05
87.95
87.94
88.02
88.06
88.02
88.12
88.09
87.99
88.05
88.11
88.16
88.18
88.18
88.07
88.03
88.06
88.02
87.97
88.07
88.07
88.07
88.07
88.08
87.99
87.91
87.89
87.94
87.99
87.96
88
88.01
88.04
88.08
88
88.02
88.02
88.06
88.07
88.05
88.11
88.07
88.06
88.15
88.14
88.15
88.21
88.19
88.06
88.09
88.09
88.1
88.07
88.07
88.11
87.96
87.96
88.07
88.09
88.04
88.11
88.1
88.05
88.11
88.11
88.17
88.17
88.17
88.15
88.1
88.08
88.05
87.9
87.97
88.01
87.95
87.95
88.05
88.04
87.97
88.03
88.03
88.02
88.01
88.07
88.07
87.99
87.99
87.97
87.94
88.06
87.94
87.94
88.01
88.01
88.04
87.9
87.88
87.96
87.91
87.92
88.02
88.02
87.97
88.02
88.02
88.01
88.04
88.05
87.96
88.06
88.06
88.04
87.97
87.97
87.98
87.96
87.98
88.05
88.05
88.14
88.21
88.17
88.17
88.13
88.13
88.02
87.96
88.03
88.05
88.02
88.08
88.1
88.1
88.03
87.99
87.89
88.04
88.02
88.02
88.02
88.08
88.03
88
87.97
88.07
88.06
88
88.08
88.09
88.14
88.16
88.06
88.06
88.04
88.14
88.23
88.19
88.16
88.26
88.28
88.24
88.1
88.1
88.1
88.08
87.95
87.95
87.98
88.06
88.07
88.03
88.09
88.09
88.05
88.07
88.04
87.96
87.95
88
87.96
87.97
88
88.02
88.07
88.12
88.18
88.13
88.06
88.15
88.17
88.18
88.16
88.19
88.14
88.11
88.16
88.19
88.18
88.18
88.1
88.04
88.03
88.05
88.04
88.07
88.15
88.08
88.1
88.12
88.13
88.06
88.14
88.26
88.28
88.21
88.21
87.97
87.97
87.95
87.88
87.77
87.78
87.86
87.8
87.8
87.89
87.91
87.86
87.9
87.96
87.93
87.91
88
88
87.98
88.06
88.02
87.94
87.94
87.97
87.97
87.93
88.01
87.99
87.95
87.93
88.02
87.94
87.94
88.06
87.99
87.88
87.89
87.89
87.84
87.82
87.88
87.84
87.82
87.86
87.88
87.9
87.99
87.95
87.95
87.93
87.93
87.88
87.88
87.99
88.08
88.07
88.05
88.09
88.08
88.04
88.09
88.07
88.06
88.06
88.17
88.12
88.08
88.04
88.04
88.04
88.1
88.01
88.01
88.02
88.15
88.2
88.18
88.22
88.07
88.07
88.1
88.01
87.9
87.92
88.06
88.07
88
88.01
88.02
88.03
88.03
88.08
88.08
88.09
88.2
88.2
88.2
88.17
88.12
88.03
88.01
88.04
88.04
88.03
88.08
88.16
88.15
88.15
88.19
88.16
88.26
88.22
88.22
88.17
88.17
88.16
88.19
88.19
88.27
88.26
88.23
88.26
88.25
88.15
88.15
88.15
88.15
88.17
88.19
88.15
88.11
88.15
88.07
88.07
88.17
88.27
88.27
88.18
88.18
88.13
88
87.99
87.99
87.96
88.03
88.15
88.08
88.04
88.08
88.09
88.01
88.03
88.09
88.04
88.03
88.09
88.09
88.02
88.09
88.18
88.26
88.26
88.38
88.3
88.14
88.08
88.05
88.02
88.02
88.1
88.08
88.14
88.14
88.06
87.99
87.96
87.97
87.97
87.95
88.05
88.01
88.01
88.09
88.18
88.22
88.27
88.24
88.21
88.2
88.18
88.14
88.06
88.06
88.13
88.13
88.13
88.03
88.03
88.04
88.05
88.03
87.93
87.97
87.97
87.94
88.01
88.01
88.03
88.03
88.1
88.07
88.02
88.04
88.12
88.11
88.12
88.17
88.17
88.17
88.15
88.15
88.06
88.03
88.1
88.1
88.09
88.07
88.06
88.04
88.08
88.17
88.11
88.07
88.16
88.13
88.16
88.16
88.15
88.15
88.2
88.24
88.19
88.17
88.23
88.18
88.11
88.17
88.17
88.15
88.17
88.2
88.17
88.18
88.18
88.12
88.14
88.14
88.18
88.17
88.11
88.14
88.2
88.16
88.3
88.24
88.13
88.13
88.05
88.05
88.07
88.14
88.08
88.08
88.21
88.3
88.27
88.3
88.3
88.31
88.34
88.34
88.39
88.18
88.18
88.16
88.07
88.02
88.19
88.19
88.23
88.23
88.31
88.24
88.24
88.27
88.27
88.2
88.22
88.22
88.19
88.31
88.31
88.26
88.27
88.38
88.39
88.4
88.38
88.37
88.24
88.22
88.29
88.26
88.26
88.23
88.23
88.22
83.33
83.32
83.3
83.35
83.37
83.38
83.42
83.42
83.41
83.38
83.37
83.35
83.3
83.31
83.33
83.38
83.4
83.45
83.43
83.37
83.38
83.36
83.32
83.33
83.27
83.33
83.4
83.39
83.36
83.29
83.3
83.23
83.1
83.13
83.09
83.09
83.05
83.06
83.02
83.02
83.14
83.16
83.14
83.19
83.18
83.17
83.09
83.08
82.97
82.89
83.01
83.14
83.18
83.27
83.33
83.29
83.21
83.24
83.2
83.15
83.18
83.14
83.08
83.06
83.1
83.03
83.03
83.1
83.07
83.05
83.08
83.11
83.09
83.08
83.13
83.18
83.13
83.19
83.26
83.25
83.31
83.31
83.2
83.2
83.22
83.18
83.14
83.14
83.09
83.05
83.1
83.13
83.19
83.22
83.35
83.4
83.36
83.37
83.35
83.23
83.17
83.25
83.22
83.21
83.34
83.3
83.21
83.16
83.17
83.1
83.05
83.17
83.12
83.07
83.06
83
82.99
83.02
83.1
83.11
83.07
83.03
83.06
83.1
83.2
83.16
83.07
83.08
83.16
83.13
83.17
83.28
83.32
83.37
83.35
83.33
83.31
83.26
83.3
83.34
83.36
83.35
83.26
83.07
83.03
82.97
82.95
82.9
82.99
82.94
82.95
83.02
83.03
83.01
83
83.09
83.02
82.96
82.84
82.78
82.77
82.88
82.93
82.87
82.81
82.89
82.98
82.94
82.98
82.95
82.94
83.06
83.18
83.16
83.08
83.12
83.1
83.01
82.97
83.03
83.04
83.09
83.09
83.07
83.06
83.12
83.14
83.14
83.18
83.15
83.08
83.01
83.05
83.1
83.1
83.12
83.04
82.99
82.94
82.89
82.81
82.79
82.86
82.87
82.79
82.8
82.8
82.77
82.87
83.02
82.97
83.05
83.09
83
83.02
83.04
83.16
83.14
83.16
83.2
83.1
83.02
83.04
83.06
83.05
83.08
83.14
83.01
82.9
82.98
82.98
83
83.04
83.1
83.04
83.03
83.1
83.18
83.14
83.21
83.22
83.19
83.22
83.23
83.15
83.17
83.2
83.14
83.1
83.14
83.13
83.06
83.02
83.09
83.07
82.97
82.98
82.9
82.91
83.02
83.11
83.12
83.08
83.16
83.07
83.11
83.2
83.12
83.03
83.1
83.11
83.09
83.04
83.06
83.05
83.07
83.08
83
82.84
82.83
82.91
82.85
82.8
82.9
82.96
83.05
83.09
83.17
83.14
83.19
83.27
83.26
83.25
83.26
83.28
83.3
83.36
83.38
83.35
83.4
83.51
83.5
83.51
83.6
83.56
83.54
83.49
83.45
83.44
83.43
83.42
83.37
83.41
83.5
83.53
83.51
83.42
83.43
83.42
83.4
83.37
83.35
83.35
83.39
83.52
83.49
83.47
83.51
83.47
83.37
83.31
83.24
83.16
83.07
83.14
83.17
83.17
83.13
83.08
83.12
83.21
83.3
83.26
83.19
83.24
83.27
83.29
83.33
83.31
83.29
83.24
83.26
83.23
83.2
83.28
83.23
83.21
83.22
83.21
83.14
83.14
83.25
83.21
83.21
83.17
83.17
83.19
83.24
83.28
83.32
83.33
83.38
83.29
83.3
83.34
83.35
83.29
83.21
83.26
83.19
83.2
83.29
83.25
83.22
83.24
83.34
83.37
83.45
83.56
83.49
83.41
83.42
83.4
83.36
83.39
83.43
83.47
83.43
83.5
83.51
83.44
83.41
83.44
83.41
83.43
83.42
83.38
83.28
83.26
83.33
83.35
83.37
83.38
83.35
83.33
83.43
83.44
83.45
83.48
83.47
83.44
83.45
83.49
83.42
83.41
83.43
83.44
83.49
83.53
83.54
83.5
83.53
83.62
83.58
83.52
83.6
83.55
83.46
83.36
83.37
83.38
83.36
83.42
83.44
83.36
83.44
83.49
83.52
83.55
83.55
83.42
83.34
83.41
83.45
83.42
83.5
83.57
83.58
83.57
83.63
83.6
83.58
83.57
83.49
83.39
83.35
83.42
83.35
83.32
83.4
83.44
83.37
83.38
83.42
83.39
83.34
83.33
83.38
83.47
83.51
83.65
83.6
83.54
83.55
83.51
83.51
83.61
83.62
83.52
83.43
83.41
83.46
83.47
83.45
83.36
83.4
83.48
83.46
83.5
83.55
83.6
83.56
83.49
83.49
83.51
83.48
83.44
83.45
83.42
83.45
83.53
83.53
83.48
83.47
83.46
83.47
83.54
83.56
83.54
83.47
83.55
83.54
83.43
83.46
83.46
83.46
83.48
83.53
83.49
83.51
83.57
83.55
83.53
83.59
83.64
83.63
83.56
83.65
83.61
83.57
83.63
83.64
83.6
83.6
83.62
83.58
83.55
83.68
83.65
83.64
83.67
83.65
83.58
83.66
83.77
83.72
83.78
83.74
83.71
83.52
83.54
83.54
83.57
83.61
83.69
83.7
83.72
83.78
83.72
83.58
83.56
83.59
83.59
83.52
83.56
83.49
83.45
83.47
83.53
83.44
83.4
83.48
83.46
83.4
83.45
83.4
83.39
83.47
83.47
83.39
83.35
83.39
83.32
83.26
83.38
83.49
83.41
83.36
83.47
83.51
83.56
83.61
83.59
83.5
83.54
83.54
83.44
83.37
83.4
83.5
83.57
83.59
83.58
83.53
83.51
83.52
83.44
83.42
83.42
83.38
83.39
83.49
83.58
83.61
83.63
83.71
83.65
83.63
83.66
83.63
83.53
83.53
83.53
83.46
83.41
83.52
83.51
83.48
83.53
83.49
83.41
83.46
83.57
83.58
83.54
83.61
83.65
83.59
83.56
83.59
83.58
83.59
83.61
83.58
83.57
83.65
83.64
83.57
83.61
83.71
83.61
83.54
83.56
83.53
83.42
83.4
83.47
83.48
83.51
83.57
83.52
83.44
83.38
83.41
83.48
83.5
83.53
83.45
83.45
83.54
83.55
83.53
83.58
83.61
83.52
83.49
83.56
83.59
83.51
83.6
83.61
83.58
83.58
83.64
83.57
83.6
83.73
83.66
83.56
83.48
83.53
83.61
83.64
83.64
83.64
83.64
83.7
83.64
83.59
83.57
83.6
83.58
83.58
83.57
83.6
83.59
83.6
83.56
83.55
83.6
83.68
83.67
83.7
83.81
83.79
83.69
83.68
83.57
83.49
83.44
83.49
83.58
83.61
83.68
83.67
83.62
83.53
83.54
83.5
83.48
83.56
83.61
83.61
83.64
83.62
83.56
83.58
83.61
83.66
83.61
83.65
83.62
83.61
83.63
83.67
83.67
83.7
83.79
83.74
83.72
83.81
83.86
83.79
83.76
83.81
83.72
83.67
83.74
83.7
83.57
83.47
83.51
83.45
83.44
83.55
83.54
83.56
83.57
83.56
83.54
83.56
83.63
83.55
83.47
83.45
83.33
83.24
83.26
83.32
83.29
83.25
83.34
83.26
83.19
83.15
83.17
83.18
83.25
83.32
83.29
83.25
83.29
83.27
83.23
83.29
83.32
83.35
83.34
83.37
83.38
83.26
83.32
83.31
83.25
83.2
83.12
83.08
83.04
83.11
83.21
83.23
83.29
83.33
83.34
83.46
83.54
83.46
83.47
83.53
83.52
83.47
83.55
83.61
83.57
83.55
83.66
83.61
83.59
83.6
83.59
83.52
83.53
83.58
83.58
83.62
83.69
83.61
83.5
83.47
83.51
83.52
83.53
83.57
83.49
83.48
83.52
83.5
83.47
83.52
83.56
83.56
83.52
83.62
83.58
83.62
83.66
83.65
83.62
83.64
83.66
83.56
83.44
83.49
83.48
83.46
83.49
83.56
83.62
83.58
83.53
83.46
83.48
83.59
83.65
83.62
83.68
83.78
83.73
83.67
83.7
83.57
83.5
83.57
83.65
83.69
83.7
83.76
83.67
83.64
83.65
83.67
83.58
83.54
83.63
83.62
83.58
83.56
83.53
83.54
83.56
83.54
83.57
83.7
83.8
83.73
83.62
83.63
83.6
83.62
83.69
83.74
83.79
83.81
83.87
83.85
83.76
83.77
83.8
83.72
83.65
83.63
83.66
83.67
83.75
83.71
83.65
83.62
83.62
83.62
83.56
83.6
83.6
83.55
83.63
83.65
83.56
83.53
83.61
83.57
83.53
83.62
83.65
83.7
83.72
83.72
83.7
83.73
83.82
83.83
83.77
83.76
83.75
83.75
83.8
83.86
83.84
83.85
83.88
83.77
83.57
83.5
83.42
83.36
83.33
83.42
83.37
83.35
83.4
83.38
83.31
83.29
83.34
83.37
83.38
83.5
83.53
83.44
83.42
83.46
83.38
83.28
83.28
83.24
83.24
83.33
83.33
83.37
83.37
83.41
83.43
83.35
83.35
83.39
83.39
83.42
83.43
83.37
83.27
83.31
83.3
83.32
83.4
83.44
83.4
83.44
83.39
83.33
83.28
83.32
83.29
83.31
83.47
83.55
83.49
83.51
83.49
83.39
83.38
83.41
83.36
83.29
83.26
83.28
83.21
83.2
83.26
83.3
83.31
83.38
83.37
83.3
83.23
83.18
83.21
83.27
83.38
83.34
83.3
83.24
83.23
83.26
83.32
83.42
83.4
83.36
83.39
83.38
83.42
83.47
83.46
83.37
83.41
83.44
83.32
83.22
83.35
83.34
83.25
83.17
83.21
83.25
83.23
83.34
83.39
83.43
83.55
83.58
83.49
83.38
83.36
83.31
83.24
83.23
83.23
83.26
83.28
83.4
83.35
83.3
83.4
83.38
83.32
83.3
83.3
83.28
83.15
83.13
83.17
83.22
83.35
83.24
83.22
83.29
83.3
83.25
83.25
83.28
83.28
83.33
83.32
83.21
83.24
83.36
83.48
83.57
83.59
83.56
83.46
83.39
83.44
83.46
83.39
83.42
83.45
83.48
83.53
83.57
83.56
83.49
83.42
83.43
83.38
83.33
83.32
83.26
83.14
83.14
83.13
83.09
83.05
83.04
82.96
82.96
83.07
83.06
83.14
83.21
83.11
83
82.96
83.06
83.04
83.02
83.15
83.26
83.32
83.32
83.27
83.12
83.11
83.2
83.19
83.06
83
82.93
82.93
82.95
83
83.02
83.02
83.1
83.12
83.06
83.12
83.19
83.19
83.23
83.36
83.4
83.38
83.39
83.38
83.43
83.46
83.47
83.48
83.52
83.6
83.55
83.53
83.6
83.66
83.64
83.69
83.75
83.67
83.55
83.56
83.55
83.51
83.51
83.53
83.53
83.58
83.63
83.63
83.49
83.38
83.39
83.51
83.52
83.59
83.52
83.45
83.46
83.43
83.45
83.48
83.56
83.59
83.59
83.61
83.6
83.54
83.58
83.52
83.47
83.54
83.58
83.48
83.48
83.58
83.48
83.47
83.53
83.53
83.46
83.4
83.44
83.44
83.39
83.43
83.39
83.33
83.39
83.46
83.41
83.44
83.56
83.61
83.61
83.63
83.63
83.6
83.65
83.7
83.66
83.57
83.6
83.62
83.65
83.64
83.66
83.64
83.63
83.74
83.77
83.74
83.78
83.76
83.7
83.72
83.7
83.69
83.65
83.73
83.64
83.62
83.65
83.65
83.52
83.48
83.57
83.6
83.65
83.76
83.72
83.69
83.7
83.72
83.74
83.73
83.81
83.69
83.55
83.54
83.53
83.48
83.55
83.62
83.61
83.6
83.57
83.51
83.56
83.66
83.68
83.7
83.65
83.65
83.57
83.47
83.51
83.54
83.53
83.56
83.64
83.58
83.54
83.56
83.61
83.63
83.65
83.7
83.73
83.74
83.73
83.64
83.62
83.65
83.57
83.49
83.44
83.38
83.36
83.31
83.37
83.36
83.32
83.48
83.56
83.54
83.51
83.54
83.5
83.57
83.63
83.57
83.53
83.65
83.65
83.61
83.58
83.6
83.58
83.51
83.58
83.56
83.62
83.71
83.81
83.84
83.82
83.84
83.84
83.79
83.74
83.64
83.55
83.56
83.62
83.48
83.42
83.43
83.43
83.42
83.48
83.53
83.59
83.64
83.71
83.6
83.6
83.73
83.72
83.67
83.63
83.61
83.61
83.65
83.7
83.7
83.71
83.73
83.84
83.86
83.85
83.82
83.68
83.61
83.62
83.6
83.55
83.53
83.52
83.51
83.47
83.49
83.43
83.47
83.5
83.54
83.55
83.61
83.69
83.61
83.57
83.66
83.63
83.58
83.61
83.68
83.62
83.62
83.65
83.59
83.54
83.52
83.53
83.49
83.54
83.53
83.45
83.41
83.49
83.46
83.43
83.5
83.53
83.48
83.5
83.53
83.55
83.59
83.76
83.73
83.66
83.68
83.71
83.67
83.54
83.55
83.48
83.49
83.62
83.72
83.71
83.69
83.73
83.71
83.69
83.68
83.65
83.63
83.69
83.75
83.74
83.7
83.66
83.67
83.66
83.69
83.65
83.61
83.69
83.75
83.78
83.76
83.81
83.75
83.7
83.8
83.88
83.83
83.86
83.89
83.88
83.84
83.89
83.8
83.77
83.77
83.79
83.69
83.66
83.75
83.7
83.59
83.58
83.57
83.54
83.55
83.63
83.61
83.48
83.59
83.63
83.64
83.74
83.82
83.79
83.74
83.75
83.73
83.71
83.71
83.69
83.65
83.67
83.66
83.66
83.65
83.67
83.62
83.62
83.72
83.75
83.72
83.65
83.7
83.66
83.59
83.61
83.58
83.56
83.6
83.67
83.64
83.64
83.73
83.74
83.61
83.67
83.78
83.79
83.8
83.82
83.79
83.75
83.79
83.75
83.72
83.71
83.7
83.6
83.54
83.61
83.61
83.6
83.64
83.68
83.71
83.79
83.88
83.83
83.77
83.8
83.76
83.65
83.63
83.7
83.62
83.58
83.69
83.65
83.65
83.63
83.65
83.6
83.62
83.7
83.66
83.67
83.69
83.68
83.65
83.6
83.64
83.67
83.69
83.72
83.75
83.82
83.88
83.86
83.82
83.73
83.76
83.72
83.59
83.64
83.66
83.65
83.77
83.83
83.7
83.7
83.78
83.7
83.76
83.81
83.87
83.84
83.86
83.91
83.81
83.74
83.76
83.73
83.71
83.71
83.69
83.65
83.68
83.86
83.88
83.85
83.86
83.85
83.85
83.89
84
84
83.94
83.98
83.92
83.84
83.85
83.85
83.82
83.78
83.76
83.74
83.78
83.81
83.81
83.8
83.83
83.94
83.9
83.8
83.87
83.9
83.9
84.02
84.05
83.97
83.94
84.02
83.99
83.87
83.9
83.88
83.87
83.86
83.86
83.87
83.87
83.91
83.92
83.85
83.8
83.81
83.81
83.84
83.91
83.92
83.9
83.99
83.97
83.89
83.85
83.89
83.89
83.9
83.92
83.96
83.95
83.99
84.02
83.98
84.04
84.09
84.01
83.97
83.96
83.94
83.85
83.91
83.96
83.96
83.95
83.97
83.89
83.85
83.76
83.76
83.72
83.75
83.9
83.9
83.82
83.8
83.76
83.7
83.69
83.76
83.82
83.82
83.85
83.81
83.77
83.82
83.83
83.85
83.84
83.93
83.89
83.9
83.92
83.87
83.85
83.83
83.85
83.77
83.74
83.85
83.86
83.82
83.83
83.86
83.89
83.96
83.97
83.85
83.76
83.77
83.76
83.67
83.77
83.85
83.81
83.84
83.92
83.97
83.92
84.02
84.02
83.97
83.98
83.93
83.87
83.82
83.85
83.78
83.71
83.79
83.89
83.91
83.96
83.97
83.95
83.93
83.97
83.98
83.86
83.79
83.86
83.92
83.92
83.89
83.84
83.84
83.92
84.03
83.96
83.88
83.93
83.94
83.94
83.96
83.94
83.85
83.86
83.88
83.88
83.96
84.01
83.95
83.89
83.92
83.97
84
84.01
84.11
84.09
84.02
84.06
84.09
84.08
84.13
84.2
84.13
84.08
84.1
84.07
83.98
83.99
84.11
84.14
84.05
84.17
84.23
84.22
84.13
84
83.95
83.93
84.01
84.05
84.08
84.2
84.23
84.16
84.11
84.13
84.07
84.03
84.16
84.18
84.1
84.11
84.14
84.14
84.17
84.19
84.11
84.03
84.09
83.99
83.98
84.02
84.09
84.1
84.04
84.08
84.06
84.08
84.12
84.1
84.07
84.07
84.02
83.94
83.96
84.03
84.1
84.15
84.22
84.2
84.16
84.13
84.25
84.17
84.07
84.16
84.18
84.11
84.13
84.11
84.1
84.1
84.13
84.07
84.01
84.02
83.97
83.9
84
84.11
84.04
83.94
83.93
83.93
83.86
83.89
83.9
83.95
84.03
84.14
84.14
84.06
84.12
84.1
84.04
83.98
84.08
84.09
84.17
84.12
83.98
83.92
83.92
83.95
83.94
83.94
84.01
84
83.98
84.01
84.02
84.09
84.14
84.15
84.06
84
84.05
84.09
84.06
84.07
84.04
83.96
83.9
83.95
83.98
83.98
84.02
84
83.96
84.06
84.15
84.15
84.1
84.21
84.26
84.21
84.21
84.13
84.06
84.1
84.15
84.19
84.22
84.31
84.24
84.18
84.16
84.21
84.17
84.12
84.21
84.21
84.19
84.24
84.29
84.24
84.3
84.35
84.27
84.28
84.39
84.33
84.27
84.28
84.32
84.28
84.29
84.41
84.4
84.27
84.29
84.3
84.26
84.19
84.24
84.19
84.18
84.19
84.16
84.13
84.13
84.13
84.15
84.18
84.23
84.21
84.12
84.19
84.21
84.2
84.19
84.23
84.27
84.31
84.45
84.35
84.26
84.3
84.39
84.15
84.02
84.03
84.03
84
84.01
83.94
83.93
84.01
84.06
84.04
84.05
84.1
84.12
84.08
84.1
84.04
84.02
84.06
84.09
84.13
84.09
84.16
84.24
84.28
84.29
84.31
84.26
84.23
84.28
84.21
84.15
84.22
84.2
84.12
84.12
84.07
84.01
84
84.11
84.09
84.01
84.05
84.08
84.11
84.17
84.21
84.2
84.23
84.34
84.32
84.21
84.15
84.07
84.06
84.07
84.11
84.02
83.98
84
84.06
84
83.94
83.97
83.99
84
84.02
84.01
83.91
83.85
83.91
83.96
84.1
84.19
84.23
84.16
84.15
84.12
84.17
84.19
84.24
84.16
84.09
84.2
84.11
84.03
84.09
84.15
84.18
84.22
84.29
84.22
84.25
84.38
84.34
84.23
84.22
84.23
84.15
84.07
84.11
84.17
84.16
84.23
84.3
84.33
84.3
84.37
84.35
84.38
84.5
84.54
84.54
84.6
84.65
84.61
84.55
84.61
84.58
84.62
84.66
84.78
84.77
84.7
84.69
84.72
84.78
84.89
84.84
84.83
84.93
84.99
84.96
84.95
85.05
85.08
85.03
85.01
85
85.02
84.98
85.01
84.97
84.88
84.9
84.79
84.77
84.79
84.72
84.69
84.69
84.7
84.59
84.51
84.56
84.64
84.67
84.73
84.77
84.73
84.66
84.68
84.63
84.63
84.66
84.68
84.69
84.68
84.69
84.71
84.7
84.73
84.77
84.77
84.81
84.8
84.74
84.66
84.7
84.7
84.74
84.77
84.81
84.85
84.94
85
84.93
84.99
85.08
85.04
84.98
84.95
85.01
85
84.91
84.91
84.92
84.92
85.04
85.09
85.07
85.09
85.09
85.08
85.01
85.03
85.01
85
85.05
85.16
85.17
85.09
85.11
85.01
84.99
85.08
85.12
85.08
85.09
85.13
85.1
85.12
85.17
85.2
85.23
85.26
85.26
85.2
85.16
85.2
85.21
85.23
85.28
85.27
85.25
85.16
85.15
85.15
85.13
85.28
85.26
85.27
85.3
85.33
85.28
85.31
85.38
85.3
85.22
85.28
85.24
85.23
85.26
85.3
85.25
85.34
85.51
85.56
85.56
85.64
85.69
85.7
85.66
85.64
85.61
85.63
85.74
85.7
85.61
85.67
85.67
85.69
85.74
85.74
85.7
85.7
85.76
85.75
85.73
85.72
85.76
85.65
85.68
85.78
85.76
85.78
85.85
85.9
85.88
85.82
85.83
85.82
85.72
85.72
85.75
85.76
85.75
85.79
85.77
85.8
85.88
85.88
85.83
85.78
85.68
85.62
85.67
85.75
85.72
85.69
85.73
85.78
85.89
86.02
86.09
86.06
86.03
85.99
85.91
85.81
85.88
85.92
85.86
85.83
85.86
85.82
85.85
85.93
85.87
85.77
85.78
85.82
85.82
85.89
85.96
85.98
86.01
86.09
86.15
86.04
85.96
86.02
86
85.89
85.91
85.83
85.82
85.9
85.95
85.94
85.98
86.05
86.07
86.09
86.14
86.04
86.04
86.21
86.37
86.36
86.4
86.5
86.53
86.61
86.74
86.77
86.73
86.73
86.77
86.72
86.73
86.81
86.86
86.84
86.85
86.86
86.86
86.9
86.98
86.94
86.95
87
86.94
86.91
86.98
87.05
87.02
87.03
87.12
87.14
87.11
87.15
87.21
87.21
87.23
87.27
87.19
87.18
87.26
87.3
87.28
87.27
87.24
87.22
87.13
87.14
87.23
87.29
87.38
87.39
87.34
87.31
87.32
87.28
87.22
87.22
87.2
87.18
87.24
87.27
87.19
87.22
87.29
87.26
87.19
87.26
87.21
87.21
87.23
87.25
87.2
87.22
87.34
87.45
87.4
87.43
87.34
87.39
87.42
87.46
87.38
87.35
87.35
87.32
87.27
87.24
87.27
87.17
87.06
87.08
86.99
86.87
86.87
86.84
86.77
86.8
86.86
86.82
86.73
86.67
86.48
86.36
86.28
86.18
86.13
86.09
86.03
85.91
85.85
85.9
85.92
85.96
86.02
85.95
85.81
85.79
85.8
85.79
85.73
85.74
85.69
85.62
85.67
85.68
85.61
85.58
85.69
85.67
85.61
85.74
85.75
85.71
85.69
85.73
85.71
85.7
85.74
85.77
85.76
85.79
85.79
85.81
85.77
85.75
85.73
85.7
85.75
85.78
85.81
85.8
85.9
85.84
85.76
85.81
85.71
85.66
85.7
85.72
85.74
85.8
85.89
85.93
85.9
85.98
85.91
85.78
85.75
85.77
85.65
85.66
85.74
85.77
85.75
85.79
85.78
85.7
85.64
85.75
85.82
85.81
85.94
85.89
85.85
85.81
85.77
85.67
85.67
85.79
85.79
85.8
85.88
85.91
85.89
85.97
86.02
85.95
85.85
85.82
85.81
85.75
85.76
85.7
85.73
85.85
85.87
85.87
85.81
85.81
85.75
85.7
85.79
85.77
85.64
85.55
85.61
85.59
85.6
85.71
85.73
85.69
85.64
85.7
85.69
85.7
85.79
85.79
85.76
85.77
85.72
85.66
85.67
85.7
85.64
85.6
85.65
85.65
85.66
85.69
85.7
85.66
85.66
85.76
85.71
85.7
85.77
85.76
85.78
85.82
85.83
85.74
85.73
85.82
85.87
85.9
85.87
85.77
85.64
85.66
85.68
85.73
85.72
85.76
85.7
85.65
85.69
85.76
85.7
85.62
85.69
85.64
85.6
85.62
85.65
85.69
85.78
85.84
85.75
85.68
85.67
85.62
85.61
85.74
85.85
85.84
85.84
85.88
85.84
85.81
85.82
85.75
85.64
85.7
85.8
85.79
85.77
85.9
85.91
85.87
85.96
86.03
85.99
85.96
85.93
85.82
85.76
85.85
85.85
85.84
85.86
85.82
85.83
85.8
85.79
85.71
85.64
85.65
85.7
85.72
85.73
85.79
85.75
85.75
85.84
85.84
85.84
85.82
85.81
85.81
85.83
85.89
85.86
85.85
85.96
85.95
85.88
85.94
85.93
85.92
85.91
85.94
85.89
85.88
85.89
85.82
85.78
85.76
85.81
85.77
85.79
85.91
85.93
85.94
85.98
86.05
86.09
86.15
86.07
85.99
85.9
85.96
85.95
85.84
85.91
85.91
85.89
86.02
86.13
86.11
86.07
86.01
85.92
85.86
85.88
85.91
85.86
85.84
85.88
85.84
85.91
86
85.98
85.97
86.03
86.14
86.11
86.07
86.15
86.13
86.12
86.05
85.93
85.85
85.87
85.92
85.9
85.91
85.99
86.06
85.99
85.94
85.95
85.95
85.9
85.99
85.97
85.94
86.07
86.05
86.01
86.01
86.04
85.97
85.92
85.92
85.82
85.8
85.86
85.89
85.85
85.83
85.85
85.83
85.76
85.81
85.85
85.82
85.83
85.84
85.8
85.79
85.88
85.9
85.87
85.96
85.95
85.81
85.7
85.78
85.79
85.77
85.79
85.78
85.8
85.92
85.96
85.94
85.86
85.9
85.86
85.9
85.95
85.88
85.86
85.89
85.98
85.97
85.92
85.88
85.8
85.84
85.87
85.86
85.82
85.83
85.89
85.9
85.86
85.96
85.98
85.89
85.92
86.03
86.03
85.96
86
85.96
85.93
85.98
86.01
85.98
86.05
86.03
85.95
85.93
86.09
86.01
85.99
86.04
86.08
86.03
86.01
86.07
86.06
86.05
86.11
86.07
86.02
86.06
86.04
86
86.01
85.97
85.85
85.83
85.94
85.98
85.89
85.9
85.94
85.88
85.83
85.95
85.95
85.96
85.95
85.94
85.93
86.02
86.12
86.09
86.07
86.25
86.23
86.12
86.14
86.19
86.17
86.2
86.25
86.23
86.18
86.17
86.11
86.07
86.09
86.19
86.19
86.19
86.2
86.17
86.09
86.1
86.12
86.11
86.11
86.18
86.18
86.21
86.26
86.24
86.24
86.28
86.27
86.26
86.25
86.35
86.33
86.24
86.28
86.3
86.31
86.25
86.29
86.19
86.11
86.17
86.12
86.03
86.07
86.11
86.08
86.1
86.17
86.16
86.11
86.11
86.09
86.1
86.12
86.11
86.05
86.11
86.21
86.22
86.22
86.27
86.21
86.16
86.21
86.25
86.26
86.29
86.33
86.27
86.13
86.09
86.07
86.06
86.08
86.15
86.09
86.06
86.15
86.11
86.07
86.1
86.14
86.08
86.09
86.19
86.27
86.29
86.35
86.4
86.36
86.38
86.38
86.28
86.19
86.21
86.14
86.07
86.14
86.14
86.18
86.22
86.32
86.22
86.09
86.1
86.13
86.16
86.21
86.24
86.2
86.16
86.23
86.23
86.22
86.31
86.25
86.24
86.23
86.25
86.15
86.13
86.18
86.11
86.02
86.03
86.03
86.02
86.08
86.18
86.16
86.22
86.25
86.21
86.16
86.22
86.3
86.32
86.3
86.27
86.22
86.16
86.19
86.22
86.25
86.25
86.23
86.14
86.06
86.15
86.18
86.1
86.07
86.07
86.1
86.22
86.33
86.33
86.32
86.43
86.4
86.32
86.33
86.4
86.44
86.45
86.51
86.51
86.48
86.5
86.42
86.32
86.33
86.36
86.29
86.29
86.39
86.36
86.3
86.31
86.25
86.25
86.25
86.34
86.39
86.34
86.35
86.3
86.29
86.3
86.36
86.39
86.38
86.39
86.39
86.4
86.45
86.46
86.4
86.37
86.38
86.31
86.26
86.31
86.32
86.36
86.41
86.47
86.42
86.43
86.5
86.4
86.33
86.37
86.36
86.34
86.43
86.49
86.48
86.48
86.62
86.6
86.5
86.42
86.44
86.4
86.44
86.5
86.45
86.44
86.51
86.46
86.45
86.58
86.59
86.56
86.45
86.54
86.45
86.43
86.43
86.38
86.33
86.37
86.42
86.34
86.31
86.38
86.45
86.44
86.48
86.55
86.55
86.55
86.56
86.5
86.48
86.56
86.61
86.61
86.61
86.63
86.52
86.45
86.52
86.53
86.49
86.48
86.48
86.46
86.56
86.66
86.61
86.55
86.61
86.67
86.7
86.72
86.63
86.55
86.52
86.57
86.57
86.54
86.58
86.59
86.53
86.59
86.57
86.52
86.55
86.64
86.62
86.62
86.6
86.58
86.55
86.5
86.54
86.59
86.66
86.76
86.73
86.67
86.6
86.59
86.56
86.54
86.51
86.45
86.47
86.55
86.56
86.53
86.6
86.72
86.74
86.67
86.64
86.61
86.6
86.69
86.74
86.69
86.65
86.67
86.61
86.67
86.78
86.77
86.71
86.7
86.63
86.58
86.59
86.63
86.68
86.69
86.78
86.77
86.77
86.79
86.79
86.69
86.69
86.75
86.68
86.61
86.71
86.7
86.62
86.62
86.65
86.65
86.69
86.64
86.6
86.66
86.72
86.7
86.58
86.52
86.55
86.56
86.54
86.56
86.56
86.52
86.54
86.57
86.58
86.59
86.72
86.63
86.57
86.52
86.49
86.5
86.57
86.7
86.69
86.65
86.72
86.68
86.63
86.7
86.75
86.68
86.6
86.65
86.67
86.66
86.73
86.71
86.71
86.72
86.75
86.7
86.63
86.69
86.69
86.71
86.8
86.85
86.77
86.71
86.73
86.7
86.65
86.72
86.72
86.72
86.81
86.8
86.72
86.71
86.71
86.65
86.56
86.63
86.63
86.58
86.54
86.54
86.53
86.57
86.7
86.76
86.66
86.65
86.56
86.46
86.43
86.56
86.62
86.68
86.77
86.83
86.8
86.85
86.85
86.78
86.74
86.72
86.69
86.68
86.8
86.87
86.87
86.86
86.87
86.81
86.78
86.89
86.83
86.91
87
86.9
86.81
86.76
86.79
86.71
86.7
86.82
86.82
86.79
86.86
86.91
86.91
86.89
86.94
86.86
86.81
86.83
86.86
86.84
86.89
86.98
86.99
86.94
87.04
86.99
86.9
86.93
86.9
86.82
86.9
86.96
86.97
86.94
86.98
87.03
87.04
87.03
87.02
86.98
87.03
87.16
87.13
87.01
87.02
86.96
86.87
86.83
86.81
86.8
86.8
86.89
86.87
86.94
87.02
86.9
86.81
86.85
86.93
86.93
86.89
86.93
87
86.98
86.93
86.9
86.91
86.84
86.84
86.82
86.76
86.83
86.83
86.88
86.89
86.97
86.94
86.89
86.91
86.88
86.91
86.97
87.05
87.09
87.07
87.09
87
86.93
86.95
86.86
86.83
86.93
86.99
86.9
86.85
86.89
86.88
86.87
86.96
86.97
86.92
86.94
86.92
86.89
86.91
86.99
86.97
86.91
86.98
87.04
86.93
86.89
86.97
86.89
86.79
86.88
86.96
86.98
87.05
87.12
87.08
87.09
87.08
87.01
87.02
87.03
87.07
87
86.87
86.9
86.89
86.86
86.91
86.87
86.9
86.91
86.93
86.96
86.99
86.99
86.92
86.91
87.08
87.14
87.16
87.12
87.11
86.99
86.94
87.03
87.04
87.08
87.1
87.12
87.01
86.94
86.91
86.9
86.87
86.93
86.97
86.9
86.98
87.05
87.01
87.03
87.19
87.2
87.09
87.09
87.04
87.01
87.05
87.12
87.1
87.12
87.18
87.18
87.16
87.25
87.29
87.22
87.25
87.27
87.19
87.19
87.24
87.2
87.18
87.13
87.14
87.04
87
87.08
87.11
87.17
87.32
87.26
87.23
87.23
87.25
87.23
87.25
87.35
87.33
87.33
87.37
87.29
87.28
87.3
87.38
87.33
87.32
87.39
87.38
87.25
87.3
87.32
87.32
87.31
87.31
87.26
87.16
87.16
87.07
87.03
87.07
87.15
87.13
87.17
87.2
87.21
87.17
87.22
87.22
87.16
87.21
87.26
87.16
87.08
87.19
87.13
87.12
87.2
87.14
87.04
87.04
87.13
87.18
87.2
87.2
87.2
87.14
87.11
87.11
87.08
87.07
87.17
87.1
87.08
87.18
87.23
87.15
87.2
87.19
87.09
87.15
87.22
87.21
87.18
87.21
87.22
87.23
87.21
87.22
87.12
87.07
87.11
87.07
87.07
87.12
87.18
87.17
87.22
87.32
87.27
87.13
87.14
87.09
87.08
87.17
87.3
87.32
87.35
87.42
87.33
87.25
87.24
87.25
87.3
87.37
87.41
87.41
87.36
87.4
87.29
87.23
87.25
87.29
87.26
87.25
87.33
87.34
87.29
87.36
87.37
87.41
87.44
87.46
87.4
87.4
87.49
87.41
87.36
87.37
87.37
87.27
87.2
87.24
87.19
87.18
87.25
87.3
87.31
87.36
87.37
87.39
87.43
87.45
87.34
87.27
87.26
87.24
87.24
87.35
87.39
87.36
87.36
87.45
87.44
87.42
87.42
87.41
87.39
87.45
87.53
87.54
87.58
87.56
87.46
87.37
87.42
87.42
87.44
87.45
87.55
87.53
87.6
87.64
87.56
87.48
87.42
87.44
87.42
87.45
87.5
87.42
87.37
87.46
87.47
87.45
87.48
87.45
87.44
87.43
87.47
87.47
87.45
87.49
87.46
87.42
87.41
87.47
87.41
87.42
87.49
87.47
87.46
87.56
87.54
87.56
87.56
87.61
87.55
87.46
87.5
87.53
87.44
87.45
87.44
87.42
87.41
87.45
87.43
87.39
87.5
87.54
87.48
87.48
87.5
87.43
87.44
87.49
87.49
87.47
87.41
87.37
87.24
87.2
87.32
87.29
87.28
87.36
87.31
87.23
87.29
87.36
87.31
87.28
87.41
87.4
87.34
87.41
87.41
87.37
87.44
87.48
87.41
87.38
87.53
87.54
87.52
87.52
87.52
87.5
87.48
87.47
87.38
87.33
87.35
87.28
87.22
87.26
87.29
87.29
87.32
87.42
87.43
87.43
87.47
87.51
87.45
87.47
87.49
87.38
87.32
87.36
87.34
87.35
87.45
87.54
87.51
87.45
87.5
87.48
87.48
87.48
87.49
87.47
87.5
87.52
87.47
87.37
87.4
87.39
87.4
87.44
87.43
87.42
87.43
87.47
87.44
87.5
87.63
87.6
87.56
87.55
87.52
87.5
87.45
87.55
87.54
87.54
87.57
87.52
87.41
87.41
87.42
87.38
87.43
87.56
87.57
87.54
87.56
87.54
87.49
87.51
87.51
87.48
87.46
87.61
87.66
87.64
87.66
87.66
87.57
87.58
87.56
87.47
87.39
87.4
87.46
87.51
87.56
87.64
87.56
87.58
87.64
87.6
87.51
87.51
87.57
87.55
87.58
87.6
87.55
87.56
87.62
87.6
87.55
87.54
87.5
87.48
87.5
87.62
87.61
87.6
87.63
87.58
87.5
87.48
87.47
87.43
87.44
87.52
87.5
87.47
87.54
87.6
87.6
87.57
87.64
87.57
87.62
87.63
87.59
87.56
87.61
87.58
87.55
87.54
87.6
87.56
87.54
87.58
87.62
87.56
87.56
87.58
87.58
87.63
87.68
87.61
87.56
87.63
87.66
87.66
87.72
87.77
87.75
87.7
87.66
87.65
87.61
87.67
87.78
87.73
87.73
87.71
87.57
87.48
87.49
87.53
87.54
87.57
87.64
87.6
87.6
87.71
87.67
87.59
87.53
87.54
87.49
87.49
87.54
87.55
87.54
87.6
87.62
87.64
87.67
87.66
87.68
87.65
87.7
87.6
87.52
87.58
87.59
87.59
87.59
87.63
87.58
87.55
87.54
87.52
87.52
87.57
87.57
87.56
87.66
87.76
87.67
87.63
87.67
87.61
87.5
87.5
87.57
87.52
87.6
87.68
87.62
87.56
87.61
87.65
87.6
87.58
87.66
87.66
87.65
87.75
87.78
87.72
87.7
87.7
87.69
87.72
87.83
87.74
87.73
87.74
87.69
87.72
87.8
87.85
87.74
87.66
87.67
87.67
87.63
87.65
87.68
87.66
87.65
87.78
87.72
87.66
87.68
87.67
87.67
87.71
87.75
87.7
87.65
87.63
87.66
87.65
87.72
87.71
87.65
87.63
87.7
87.71
87.68
87.71
87.72
87.72
87.76
87.79
87.68
87.71
87.75
87.65
87.6
87.68
87.67
87.67
87.72
87.8
87.76
87.75
87.77
87.8
87.81
87.81
87.74
87.67
87.71
87.77
87.78
87.73
87.72
87.67
87.6
87.62
87.68
87.68
87.67
87.76
87.73
87.7
87.72
87.84
87.77
87.83
87.87
87.85
87.77
87.79
87.78
87.76
87.85
87.88
87.82
87.76
87.79
87.79
87.79
87.88
87.88
87.88
87.85
87.85
87.8
87.83
87.93
87.89
87.8
87.77
87.79
87.7
87.73
87.76
87.72
87.67
87.72
87.69
87.72
87.71
87.73
87.72
87.85
87.96
87.91
87.86
87.91
87.85
87.74
87.78
87.85
87.72
87.69
87.81
87.8
87.83
87.86
87.81
87.78
87.74
87.76
87.76
87.76
87.81
87.75
87.64
87.66
87.67
87.67
87.66
87.79
87.79
87.71
87.78
87.86
87.81
87.7
87.75
87.78
87.71
87.71
87.64
87.64
87.69
87.78
87.74
87.65
87.74
87.81
87.79
87.8
87.84
87.74
87.69
87.73
87.76
87.81
87.81
87.74
87.65
87.65
87.7
87.64
87.65
87.73
87.74
87.71
87.71
87.71
87.66
87.63
87.7
87.7
87.67
87.72
87.74
87.69
87.71
87.71
87.61
87.56
87.63
87.59
87.67
87.75
87.78
87.76
87.79
87.84
87.85
87.86
87.96
87.87
87.84
87.79
87.76
87.78
87.78
87.83
87.72
87.69
87.72
87.77
87.78
87.68
87.74
87.75
87.72
87.81
87.79
87.75
87.76
87.82
87.77
87.73
87.82
87.84
87.8
87.82
87.84
87.8
87.84
87.88
87.86
87.8
87.82
87.76
87.73
87.76
87.9
87.89
87.91
88.03
88.03
88.05
88.11
88.06
88.03
88.05
88.15
88.1
88.09
88.13
87.99
87.89
87.92
87.98
88.01
88.05
88.09
88
87.93
87.96
87.95
87.99
87.99
88.02
87.94
87.88
87.96
87.98
88.01
88.07
88.1
88.06
87.97
88.06
88.05
88.01
88.03
88
87.9
87.92
87.95
87.93
87.94
88.06
88.1
88.08
88.07
88
87.89
87.86
87.89
87.86
87.84
87.96
87.97
87.91
87.87
87.82
87.73
87.68
87.75
87.73
87.72
87.77
87.84
87.88
87.9
87.88
87.77
87.7
87.77
87.9
87.93
87.98
88.03
88
88.07
88.13
88.11
88.07
88.05
87.99
87.96
88.02
88.11
88.02
88
88.04
88.02
87.93
87.87
87.88
87.88
87.81
87.89
87.91
87.87
87.91
87.94
87.91
87.9
87.98
87.87
87.85
87.88
87.85
87.83
87.87
87.91
87.86
87.85
87.87
87.85
87.83
87.94
87.95
87.96
87.96
87.99
88
88.03
88.03
87.95
87.83
87.82
87.94
87.91
87.97
88.12
88.07
87.97
87.93
87.86
87.88
87.9
87.92
87.93
87.98
87.99
88.01
87.95
87.92
87.9
87.86
87.85
87.99
87.93
87.9
87.92
87.93
87.95
88.01
88.06
87.94
87.88
88
87.91
87.83
87.92
87.96
87.97
87.97
88.03
88.05
88.05
88.11
88.07
88.02
88.06
88.13
88.1
88.07
88.15
88.15
88.1
88.08
88
87.97
88.03
88.15
88.17
88.13
88.13
88.08
88.01
88.06
88.12
88.03
88.05
88.13
88.07
88.1
88.16
88.15
88.01
87.95
88
87.97
87.92
87.96
87.96
87.97
88.05
88.12
88.08
88.09
88.09
87.99
87.97
87.91
88.01
88.07
88.15
88.16
88.15
88.19
88.26
88.17
88.14
88.17
88.19
88.13
88.08
88.16
88.16
88.15
88.2
88.23
88.17
88.18
88.21
88.18
88.08
88.12
88.07
88.01
88.07
88.1
88.08
88.06
88.04
88
87.95
87.98
88.05
88.05
88.08
88.1
88.04
88.08
88.2
88.14
88.03
88.07
88.1
88.07
88.06
88.09
88.15
88.15
88.2
88.15
88.03
87.96
88.02
87.99
87.93
87.99
88.04
88.04
88.01
87.98
87.93
87.96
88.02
88.01
87.98
87.97
88.03
88.08
88.09
88.17
88.11
88.15
88.19
88.21
88.09
88.09
88.09
88.11
88.12
88.17
88.12
88.08
88.11
88.07
87.99
88.05
88.09
88.1
88.13
88.18
88.19
88.08
88.08
88.06
87.97
87.84
87.94
87.93
88.01
88.06
88.08
88.08
88.16
88.18
88.16
88.11
88.13
87.97
87.83
87.87
87.99
88.03
88
88.03
88.03
88.06
88.13
88.17
88.13
88.08
88.1
88.12
88.17
88.26
88.19
88.12
88.13
88.11
88.03
88.04
88.1
88.08
88.1
88.19
88.19
88.22
88.27
88.3
88.25
88.17
88.23
88.18
88.15
88.15
88.19
88.21
88.25
88.3
88.22
88.13
88.22
88.28
88.27
88.28
88.3
88.26
88.22
88.35
88.43
88.34
88.28
88.21
88.14
88.11
88.2
88.2
88.19
88.26
88.28
88.27
88.23
88.21
88.14
88.16
88.25
88.24
88.24
88.27
88.29
88.2
88.16
88.2
88.21
88.13
88.12
88.15
88.18
88.24
88.25
88.14
88.16
88.24
88.25
88.17
88.19
88.24
88.22
88.26
88.26
88.18
88.2
88.26
88.18
88.11
88.09
88.1
88.12
88.13
88.17
88.16
88.16
88.26
88.31
88.21
88.15
88.21
88.17
88.23
88.26
88.22
88.16
88.17
88.18
88.11
88.06
88.05
88.01
88.05
88.22
88.19
88.19
88.15
88.1
88.01
88.05
88.22
88.22
88.21
88.27
88.26
88.25
88.24
88.26
88.21
88.11
88.14
88.2
88.19
88.26
88.32
88.33
88.34
88.42
88.34
88.22
88.16
88.09
88.04
88.1
88.17
88.15
88.12
88.2
88.19
88.16
88.16
88.16
88.15
88.16
88.18
88.17
88.28
88.31
88.31
88.25
88.26
88.24
88.23
88.17
88.2
88.16
88.15
88.21
88.24
88.18
88.23
88.42
88.41
88.36
88.28
88.25
88.24
88.28
88.31
88.24
88.24
88.31
88.31
88.3
88.33
88.3
88.3
88.32
88.42
88.41
88.36
88.46
88.46
88.45
88.39
88.41
88.43
88.44
88.5
88.49
88.53
88.58
88.59
88.55
88.46
88.42
88.27
88.2
88.19
88.26
88.25
88.24
88.32
88.3
88.3
88.37
88.37
88.32
88.35
88.32
88.23
88.23
88.37
88.42
88.45
88.52
88.49
88.46
88.53
88.56
88.43
88.32
88.33
88.28
88.25
88.31
88.32
88.36
88.38
88.4
88.32
88.25
88.35
88.31
88.3
88.37
88.41
88.36
88.3
88.31
88.28
88.23
88.27
88.22
88.12
88.1
88.25
88.26
88.17
88.2
88.18
88.13
88.13
88.15
88.18
88.23
88.34
88.27
88.21
88.25
88.27
88.2
88.17
88.24
88.22
88.16
88.28
88.34
88.28
88.29
88.42
88.35
88.37
88.4
88.3
88.23
88.23
88.21
88.17
88.22
88.33
88.39
88.42
88.41
88.3
88.21
88.2
88.17
88.13
88.13
88.23
88.2
88.22
88.25
88.18
88.16
88.18
88.23
88.3
88.37
88.42
88.34
88.3
88.33
88.32
88.2
88.1
88.17
88.22
88.25
88.37
88.38
88.39
88.49
88.47
88.33
88.24
88.29
88.26
88.26
88.3
88.26
88.22
88.32
88.41
88.39
88.32
88.34
88.26
88.15
88.2
88.26
88.35
88.48
88.59
88.55
88.48
88.45
88.46
88.36
88.27
88.39
88.4
88.34
88.37
88.4
88.38
88.37
88.37
88.29
88.31
88.38
88.41
88.44
88.55
88.52
88.46
88.42
88.42
88.36
88.36
88.43
88.46
88.48
88.47
88.48
88.42
88.43
88.52
88.41
88.36
88.39
88.38
88.37
88.36
88.42
88.33
88.29
88.35
88.41
88.38
88.42
88.44
88.4
88.41
88.5
88.52
88.44
88.44
88.44
88.39
88.35
88.33
88.22
88.19
88.27
88.35
88.39
88.42
88.34
88.27
88.27
88.32
88.19
88.13
88.25
88.3
88.34
88.4
88.48
88.43
88.36
88.38
88.35
88.31
88.34
88.35
88.26
88.24
88.38
88.42
88.41
88.41
88.31
88.2
88.19
88.26
88.23
88.21
88.3
88.37
88.34
88.31
88.34
88.3
88.34
88.38
88.33
88.32
88.41
88.41
88.37
88.39
88.41
88.36
88.37
88.43
88.39
88.29
88.28
88.3
88.29
88.35
88.41
88.49
88.47
88.53
88.48
88.42
88.41
88.4
88.32
88.25
88.31
88.4
88.43
88.46
88.41
88.29
88.26
88.36
88.28
88.26
88.3
88.3
88.3
88.36
88.45
88.44
88.41
88.37
88.25
88.2
88.27
88.3
88.27
88.2
88.27
88.24
88.31
88.3
88.25
88.15
88.17
88.24
88.24
88.23
88.29
88.26
88.26
88.32
88.3
88.23
88.2
88.3
88.27
88.28
88.29
88.31
88.3
88.35
88.36
88.25
88.23
88.24
88.16
88.24
88.38
88.38
88.32
88.41
88.48
88.4
88.22
88.2
88.2
88.21
88.26
88.32
88.41
88.34
88.38
88.36
88.36
88.37
88.29
88.19
88.18
88.3
88.31
88.35
88.42
88.42
88.43
88.39
88.37
88.3
88.33
88.4
88.42
88.37
88.4
88.4
88.27
88.18
88.24
88.16
88.18
88.29
88.24
88.23
88.28
88.36
88.3
88.22
88.23
88.2
88.15
88.24
88.24
88.16
88.23
88.33
88.23
88.16
88.17
88.22
88.25
88.29
88.36
88.32
88.36
88.39
88.35
88.3
88.32
88.33
88.34
88.27
88.34
88.37
88.35
88.36
88.33
88.35
88.43
88.4
88.4
88.46
88.47
88.41
88.35
88.4
88.39
88.31
88.34
88.36
88.25
88.23
88.25
88.18
88.13
88.18
88.22
88.29
88.35
88.41
88.38
88.39
88.41
88.3
88.22
88.18
88.26
88.31
88.3
88.39
88.33
88.17
88.22
88.37
88.43
88.42
88.42
88.4
88.39
88.43
88.42
88.37
88.37
88.42
88.4
88.37
88.45
88.43
88.36
88.42
88.44
88.44
88.41
88.36
88.24
88.25
88.34
88.37
88.29
88.24
88.31
88.35
88.41
88.41
88.34
88.25
88.21
88.27
88.25
88.28
88.39
88.37
88.27
88.26
88.24
88.24
88.26
88.34
88.39
88.33
88.43
88.44
88.35
88.31
88.3
88.22
88.2
88.26
88.28
88.26
88.36
88.38
88.36
88.42
88.4
88.27
88.24
88.3
88.3
88.3
88.37
88.5
88.53
88.54
88.51
88.38
88.3
88.28
88.3
88.34
88.39
88.41
88.38
88.27
88.31
88.3
88.25
88.23
88.21
88.16
88.22
88.21
88.18
88.17
88.25
88.34
88.32
88.34
88.34
88.33
88.31
88.37
88.44
88.46
88.56
88.55
88.45
88.42
88.49
88.49
88.4
88.38
88.39
88.37
88.41
88.52
88.53
88.49
88.52
88.51
88.42
88.5
88.55
88.4
88.37
88.48
88.51
88.43
88.42
88.36
88.23
88.23
88.29
88.41
88.41
88.49
88.44
88.42
88.49
88.5
88.47
88.47
88.51
88.41
88.32
88.4
88.4
88.43
88.52
88.52
88.38
88.36
88.39
88.37
88.44
88.57
88.57
88.48
88.48
88.54
88.52
88.48
88.54
88.41
88.36
88.43
88.46
88.48
88.44
88.49
88.51
88.52
88.58
88.58
88.48
88.46
88.5
88.48
88.42
88.53
88.54
88.47
88.43
88.45
88.45
88.45
88.48
88.43
88.46
88.51
88.48
88.34
88.26
88.39
88.4
88.38
88.47
88.41
88.32
88.34
88.29
88.22
88.18
88.27
88.29
88.27
88.33
88.37
88.35
88.38
88.37
88.27
88.29
88.34
88.28
88.16
88.14
88.18
88.23
88.23
88.31
88.22
88.23
88.3
88.34
88.31
88.26
88.21
88.16
88.25
88.35
88.34
88.25
88.25
88.29
88.3
88.33
88.4
88.36
88.25
88.21
88.21
88.17
88.25
88.3
88.21
88.2
88.3
88.31
88.24
88.28
88.26
88.21
88.21
88.31
88.39
88.34
88.38
88.42
88.4
88.37
88.46
88.44
88.41
88.42
88.38
88.35
88.39
88.43
88.39
88.37
88.38
88.33
88.33
88.44
88.48
88.47
88.44
88.41
88.36
88.38
88.53
88.49
88.43
88.49
88.55
88.5
88.5
88.58
88.54
88.49
88.52
88.5
88.41
88.35
88.44
88.46
88.52
88.61
88.67
88.66
88.62
88.58
88.52
88.53
88.61
88.62
88.51
88.49
88.49
88.48
88.47
88.52
88.44
88.41
88.44
88.41
88.43
88.55
88.53
88.49
88.37
88.42
88.38
88.36
88.44
88.42
88.44
88.43
88.47
88.43
88.44
88.54
88.57
88.48
88.48
88.49
88.45
88.48
88.57
88.61
88.56
88.61
88.58
88.56
88.55
88.55
88.49
88.42
88.42
88.42
88.36
88.42
88.44
88.45
88.45
88.58
88.53
88.46
88.45
88.46
88.4
88.44
88.5
88.5
88.52
88.63
88.56
88.46
88.45
88.4
88.31
88.33
88.35
88.34
88.35
88.42
88.48
88.49
88.56
88.69
88.65
88.66
88.72
88.58
88.54
88.58
88.58
88.51
88.51
88.53
88.47
88.52
88.61
88.62
88.56
88.56
88.6
88.63
88.63
88.66
88.58
88.55
88.57
88.6
88.61
88.64
88.69
88.62
88.62
88.63
88.61
88.56
88.57
88.56
88.53
88.53
88.61
88.6
88.61
88.63
88.61
88.57
88.6
88.65
88.62
88.6
88.65
88.56
88.52
88.51
88.51
88.49
88.48
88.58
88.56
88.63
88.67
88.68
88.63
88.63
88.65
88.62
88.61
88.64
88.66
88.59
88.51
88.54
88.52
88.48
88.52
88.53
88.5
88.49
88.54
88.63
88.72
88.82
88.81
88.69
88.64
88.54
88.51
88.52
88.58
88.6
88.65
88.77
88.76
88.75
88.75
88.7
88.66
88.64
88.65
88.55
88.51
88.55
88.6
88.59
88.62
88.66
88.56
88.51
88.58
88.6
88.57
88.64
88.6
88.52
88.49
88.55
88.53
88.53
88.59
88.59
88.57
88.55
88.62
88.57
88.53
88.54
88.55
88.55
88.61
88.69
88.69
88.73
88.74
88.67
88.62
88.67
88.7
88.62
88.67
88.62
88.62
88.64
88.75
88.68
88.6
88.6
88.57
88.57
88.57
88.6
88.58
88.59
88.65
88.65
88.62
88.66
88.67
88.63
88.57
88.54
88.48
88.46
88.6
88.63
88.66
88.69
88.7
88.63
88.62
88.82
88.76
88.61
88.6
88.57
88.52
88.51
88.59
88.56
88.48
88.52
88.56
88.62
88.66
88.72
88.65
88.64
88.69
88.69
88.57
88.6
88.57
88.5
88.51
88.58
88.6
88.62
88.75
88.75
88.67
88.7
88.73
88.67
88.69
88.73
88.64
88.59
88.62
88.64
88.68
88.76
88.8
88.71
88.72
88.73
88.69
88.73
88.79
88.85
88.74
88.66
88.68
88.63
88.56
88.55
88.5
88.55
88.65
88.75
88.69
88.7
88.75
88.72
88.7
88.65
88.51
88.44
88.44
88.54
88.54
88.49
88.52
88.56
88.58
88.64
88.68
88.63
88.61
88.67
88.64
88.65
88.74
88.75
88.68
88.7
88.75
88.74
88.75
88.8
88.74
88.76
88.83
88.84
88.76
88.75
88.76
88.75
88.74
88.74
88.69
88.65
88.72
88.79
88.78
88.69
88.74
88.71
88.67
88.72
88.79
88.78
88.81
88.91
88.89
88.8
88.76
88.74
88.72
88.73
88.81
88.82
88.81
88.85
88.85
88.88
88.96
88.94
88.8
88.83
88.86
88.79
88.76
88.87
88.85
88.76
88.78
88.76
88.81
88.83
88.92
88.88
88.88
88.89
88.81
88.71
88.75
88.81
88.74
88.72
88.84
88.88
88.91
88.98
89.09
89.05
89.03
89.02
88.95
88.92
88.96
88.94
88.93
88.95
88.94
88.87
88.84
88.9
88.91
88.86
88.91
88.97
89
89.02
89.09
89.01
88.97
89.01
88.97
88.9
88.96
88.99
89
89
89.05
88.95
88.94
89.03
89.06
88.98
88.99
89.02
89.04
89.07
89.05
88.93
88.89
88.91
88.97
88.93
88.96
89.03
88.99
88.94
89.01
88.99
88.96
88.95
88.96
88.95
88.92
88.96
88.93
88.94
88.98
88.95
88.85
88.8
88.84
88.81
88.97
89.11
89.14
89.08
89.02
88.93
88.8
88.77
88.78
88.73
88.68
88.72
88.73
88.72
88.71
88.78
88.78
88.73
88.77
88.72
88.69
88.81
88.85
88.87
88.89
88.91
88.8
88.74
88.82
88.81
88.74
88.75
88.83
88.89
88.93
89.05
89.02
88.9
88.89
88.87
88.88
88.93
88.99
88.96
88.98
89.09
89.05
89
89
88.99
88.98
88.92
88.99
88.99
88.94
89
88.97
88.91
88.91
89
88.91
88.86
88.95
88.96
88.92
88.93
88.98
88.97
88.98
88.99
89.01
89.03
89.1
89.05
89
88.99
89.05
89.02
89
89.12
89.07
89
88.93
88.93
88.84
88.94
88.98
89
88.94
88.91
88.88
88.87
88.95
88.95
88.91
88.91
88.96
89.04
89.11
89.2
89.23
89.13
89.13
89.08
88.99
89.02
89.16
89.17
89.11
89.15
89.17
89.21
89.2
89.15
89.05
88.97
89.07
89.08
89.1
89.18
89.22
89.24
89.3
89.35
89.3
89.15
89.16
89.14
89.13
89.13
89.09
89.09
89.05
89.08
89.04
88.99
88.96
88.97
88.98
89.05
89.08
89.05
89.06
89.14
89.19
89.19
89.18
89.13
89.03
89.07
89.11
89.15
89.19
89.29
89.34
89.24
89.15
89.12
89.1
89.12
89.19
89.17
89.22
89.24
89.2
89.15
89.21
89.28
89.24
89.14
89.2
89.16
89.1
89.11
89.16
89.1
89.11
89.19
89.18
89.14
89.28
89.33
89.35
89.34
89.36
89.27
89.19
89.24
89.16
89.1
89.2
89.35
89.34
89.3
89.29
89.18
89.08
89.12
89.06
89.01
89.02
89.05
89.07
89.14
89.28
89.24
89.23
89.26
89.25
89.19
89.23
89.27
89.22
89.14
89.15
89.19
89.24
89.28
89.25
89.24
89.26
89.29
89.2
89.15
89.28
89.37
89.37
89.32
89.36
89.28
89.26
89.3
89.24
89.21
89.2
89.16
89.09
89.14
89.26
89.26
89.23
89.3
89.32
89.31
89.36
89.38
89.33
89.3
89.33
89.22
89.13
89.19
89.21
89.24
89.3
89.42
89.33
89.18
89.21
89.17
89.14
89.21
89.29
89.27
89.28
89.37
89.39
89.35
89.3
89.3
89.13
89.07
89.12
89.13
89.1
89.2
89.22
89.17
89.17
89.21
89.2
89.21
89.24
89.17
89.21
89.33
89.33
89.3
89.35
89.39
89.38
89.32
89.37
89.31
89.25
89.24
89.27
89.35
89.29
89.31
89.22
89.16
89.17
89.19
89.12
89.25
89.34
89.28
89.29
89.28
89.31
89.32
89.38
89.41
89.39
89.31
89.35
89.27
89.26
89.36
89.39
89.38
89.37
89.34
89.35
89.38
89.39
89.34
89.31
89.31
89.32
89.3
89.32
89.43
89.37
89.44
89.54
89.46
89.39
89.37
89.4
89.4
89.38
89.48
89.41
89.36
89.42
89.41
89.41
89.44
89.46
89.4
89.36
89.42
89.45
89.44
89.49
89.44
89.39
89.4
89.46
89.42
89.34
89.42
89.4
89.3
89.33
89.36
89.36
89.34
89.36
89.31
89.23
89.31
89.36
89.4
89.38
89.45
89.45
89.38
89.38
89.4
89.42
89.37
89.39
89.38
89.41
89.49
89.46
89.41
89.49
89.48
89.41
89.44
89.49
89.48
89.48
89.57
89.54
89.51
89.52
89.54
89.45
89.46
89.42
89.31
89.24
89.38
89.47
89.5
89.55
89.54
89.5
89.55
89.66
89.53
89.48
89.49
89.44
89.41
89.42
89.32
89.28
89.2
89.33
89.29
89.26
89.27
89.36
89.34
89.31
89.36
89.34
89.37
89.38
89.31
89.23
89.25
89.36
89.4
89.41
89.53
89.48
89.45
89.44
89.45
89.39
89.35
89.36
89.38
89.42
89.43
89.41
89.48
89.55
89.47
89.36
89.45
89.52
89.46
89.31
89.34
89.36
89.33
89.39
89.46
89.47
89.43
89.49
89.42
89.35
89.44
89.5
89.56
89.6
89.65
89.61
89.57
89.61
89.59
89.6
89.63
89.62
89.56
89.55
89.61
89.49
89.42
89.52
89.57
89.51
89.55
89.59
89.54
89.48
89.5
89.51
89.51
89.54
89.54
89.54
89.58
89.59
89.46
89.45
89.56
89.51
89.48
89.48
89.55
89.57
89.56
89.61
89.59
89.55
89.48
89.45
89.44
89.42
89.45
89.48
89.58
89.68
89.6
89.52
89.51
89.52
89.47
89.53
89.66
89.62
89.63
89.63
89.61
89.57
89.58
89.64
89.6
89.54
89.59
89.59
89.55
89.56
89.6
89.63
89.58
89.67
89.59
89.51
89.53
89.58
89.51
89.53
89.58
89.52
89.5
89.63
89.64
89.61
89.65
89.68
89.57
89.57
89.62
89.54
89.53
89.63
89.64
89.56
89.53
89.55
89.54
89.56
89.63
89.7
89.63
89.62
89.63
89.61
89.61
89.64
89.6
89.56
89.59
89.62
89.61
89.71
89.75
89.64
89.61
89.63
89.68
89.68
89.76
89.75
89.69
89.67
89.63
89.56
89.57
89.72
89.75
89.77
89.82
89.75
89.66
89.56
89.62
89.64
89.62
89.66
89.73
89.74
89.74
89.75
89.69
89.74
89.85
89.87
89.87
89.82
89.71
89.67
89.62
89.69
89.73
89.82
89.84
89.78
89.77
89.82
89.79
89.76
89.73
89.78
89.78
89.74
89.78
89.72
89.72
89.72
89.76
89.74
89.67
89.69
89.69
89.59
89.6
89.62
89.59
89.66
89.72
89.61
89.63
89.74
89.65
89.57
89.65
89.71
89.7
89.67
89.73
89.66
89.69
89.77
89.74
89.67
89.72
89.75
89.64
89.8
89.8
89.79
89.83
89.91
89.9
89.81
89.77
89.77
89.78
89.79
89.8
89.73
89.76
89.88
89.9
89.83
89.83
89.94
89.89
89.81
89.84
89.79
89.76
89.76
89.82
89.71
89.74
89.81
89.78
89.75
89.77
89.81
89.77
89.86
89.99
89.94
89.82
89.84
89.77
89.72
89.81
89.86
89.89
89.91
89.97
89.96
89.93
89.96
89.92
89.89
89.91
89.95
89.92
89.95
90.01
89.95
89.96
90.02
90.05
89.97
89.99
90
89.97
89.89
89.91
89.88
89.93
89.93
89.92
89.87
89.9
89.93
89.91
89.9
89.89
89.91
89.83
89.83
89.83
89.78
89.72
89.81
89.81
89.84
89.89
89.9
89.96
90.04
90.01
90.01
90
90.01
89.95
89.88
89.99
89.95
89.8
89.77
89.88
89.82
89.77
89.83
89.78
89.76
89.79
89.8
89.77
89.74
89.78
89.78
89.87
89.87
89.8
89.8
89.76
89.8
89.81
89.84
89.91
89.99
90.01
90.03
90.07
89.95
89.92
90
90
89.95
90.01
89.94
89.88
89.91
89.99
89.95
90
90.11
90.15
90.06
90.07
90.02
89.95
89.91
89.98
89.93
89.88
89.96
89.95
89.91
89.92
89.98
89.95
90.05
90.05
90.06
90.03
90.04
90.06
90.04
90.06
90.07
90.02
89.93
90.01
90.07
90.05
90.05
90.01
89.9
89.96
90.1
90.04
89.99
90.07
90.07
90.06
90.06
90.12
90.03
90.05
90.17
90.22
90.19
90.14
90.05
90.02
90.03
90.03
90.11
90.17
90.17
90.16
90.16
90.18
90.17
90.13
90.14
90.19
90.11
90.07
90.12
90.09
90.12
90.22
90.19
90.19
90.27
90.27
90.21
90.13
90.2
90.26
90.27
90.21
90.2
90.2
90.21
90.21
90.17
90.14
90.13
90.09
90.01
90.08
90.14
90.16
90.2
90.22
90.22
90.09
90.09
90.16
90.1
90.06
90.16
90.19
90.14
90.21
90.19
90.19
90.32
90.32
90.26
90.16
90.17
90.15
90.1
90.2
90.22
90.18
90.2
90.2
90.19
90.19
90.21
90.15
90.08
90.15
90.17
90.17
90.22
90.28
90.35
90.26
90.27
90.26
90.24
90.38
90.38
90.35
90.3
90.36
90.37
90.37
90.39
90.37
90.25
90.29
90.29
90.31
90.3
90.36
90.38
90.35
90.34
90.36
90.37
90.33
90.45
90.49
90.43
90.4
90.35
90.24
90.43
90.43
90.38
90.33
90.42
90.38
90.41
90.41
90.42
90.34
90.27
90.31
90.31
90.29
90.38
90.37
90.44
90.44
90.4
90.4
90.36
90.46
90.41
90.42
90.52
90.46
90.36
90.36
90.45
90.43
90.43
90.48
90.46
90.43
90.47
90.48
90.43
90.48
90.53
90.45
90.36
90.32
90.32
90.3
90.3
90.33
90.25
90.18
90.28
90.32
90.28
90.37
90.4
90.41
90.48
90.56
90.55
90.58
90.64
90.65
90.6
90.65
90.66
90.54
90.51
90.6
90.56
90.51
90.56
90.52
90.49
90.43
90.44
90.39
90.36
90.4
90.43
90.49
90.56
90.62
90.6
90.56
90.61
90.54
90.52
90.54
90.51
90.53
90.63
90.62
90.67
90.65
90.64
90.55
90.53
90.56
90.53
90.48
90.56
90.64
90.58
90.52
90.55
90.5
90.47
90.52
90.52
90.43
90.41
90.48
90.54
90.57
90.69
90.66
90.6
90.63
90.69
90.59
90.49
90.47
90.51
90.45
90.51
90.54
90.56
90.57
90.69
90.72
90.64
90.64
90.56
90.52
90.5
90.49
90.49
90.51
90.53
90.53
90.49
90.57
90.56
90.52
90.59
90.67
90.6
90.55
90.63
90.58
90.55
90.59
90.59
90.64
90.72
90.75
90.69
90.7
90.73
90.66
90.59
90.62
90.68
90.63
90.63
90.72
90.73
90.7
90.74
90.7
90.59
90.69
90.74
90.68
90.67
90.72
90.72
90.73
90.81
90.81
90.77
90.75
90.73
90.67
90.65
90.74
90.73
90.72
90.76
90.72
90.68
90.68
90.7
90.68
90.7
90.76
90.66
90.58
90.67
90.71
90.65
90.67
90.7
90.67
90.65
90.78
90.8
90.84
90.87
90.83
90.73
90.65
90.67
90.67
90.64
90.68
90.61
90.63
90.67
90.73
90.71
90.67
90.71
90.65
90.6
90.67