113.15
113.47
113.79
113.27
112.05
112.91
113.42
112.68
113.25
113.92
113.05
112.13
112.13
112.53
112.04
113.72
113.89
112.94
112.82
113.35
113.51
112.87
114.28
114.53
112.54
112.45
112.47
112.96
113.19
114.21
113.19
112.78
113.66
114.38
114.06
113.64
114.37
113.68
112.98
114.74
113.9
113.03
113.84
114.2
113.98
113.79
114.11
113.46
112.97
113.85
113.59
113.22
112.77
113.49
112.6
113.42
114.95
113.87
113.19
113.27
113.48
112.49
112.65
113.08
113.08
112.4
114.26
113.84
113.09
112.75
113.71
113.22
112.61
113.75
114.07
113
113.15
114.11
113.68
113.32
113.32
112.98
112.84
112.84
113.66
112.33
112.75
113.72
112.96
111.77
113.34
112.61
112.16
113.06
113.23
112.62
112.39
113.74
112.98
112.7
113.57
113.57
113.24
113.29
112.89
112.32
113.19
113.67
113.02
111.41
113.15
114.43
112.64
113.08
113.95
113.29
112.75
113.09
113.09
113.84
113.35
113.26
112.95
112.39
113.52
113.3
113.27
113.4
113.3
113.17
113.59
113.59
113.32
112.2
113.62
113.62
113.45
113.06
113.41
112.85
112.44
114.11
113.63
112.24
113.47
114.27
112.73
113.43
114.54
112.73
112.73
114.03
113.57
112.93
114.19
115.02
113.51
112.66
114.4
114.22
113.56
114.03
113.65
112.84
113.58
114.21
113.69
113.17
114.6
113.62
112.52
112.91
114.04
112.74
113.14
113.48
113.57
113.65
113.74
113.53
112.91
112.68
113.32
113.12
112.86
114.14
113.67
113.67
113.19
113.87
112.96
113.06
114.83
113.27
112.35
113.44
114.06
112.96
113.11
113.95
112.52
112.19
113.53
113.57
112.16
113.42
113.7
113.07
113.34
113.96
113.04
113
113.3
112.3
112.58
112.3
112.3
113.17
112.76
113.7
113.07
111.82
113.38
113.76
112.9
112.79
113.62
112.95
112.3
113.33
113.78
112.68
113.67
113.71
113.06
112.58
113.5
113.5
112.81
113.43
113.08
112.77
112.97
114.12
113.2
112.12
113.11
113.05
112.32
112.72
113.03
112.57
111.34
112.91
112.03
111.21
111.9
112.99
112.91
112.15
113.27
112.94
112.03
113.07
113.05
112.6
112.18
112.76
113.57
113.46
113.71
112.93
111.73
111.73
113.4
111.89
111.61
113.16
112.75
112.52
114.2
114.33
113.06
112.95
113.9
113.2
111.63
113.28
112.58
112.58
113.14
113.56
112.8
113.27
114.25
113.78
112.16
112.48
112.87
112.26
112.47
113.16
112.63
112.23
113.11
112.76
112.76
111.25
113.21
112.58
112.64
113.31
112.89
112.8
114.15
114.1
112.9
113.05
113.49
112.55
112.55
113.64
114.68
114.68
113.99
113.83
112.47
112.49
114.45
113.02
112.68
114.27
114.49
113.21
112.34
113.54
113.31
112.97
112.97
113.34
111.6
112.65
113.49
112.62
112.68
113.4
112.97
111.64
112.74
113.62
112.31
112.83
113.91
113.59
112.81
113.77
113.77
112.84
112.88
113.69
112.77
113.6
113.98
112.54
112.56
113.9
113.77
113.27
113.54
114.24
112.87
111.58
113.83
113.83
113.9
112.96
113.52
113.06
112.99
114.08
112.5
112.51
113.43
113.82
113.01
113.42
114.19
113.49
112.44
113.57
113.56
112.86
112.75
112.75
112.89
112.07
112.61
112.73
113.24
113.44
113.57
113.34
113.17
113.51
113.05
113.05
113.17
113.49
112.54
113.62
114.57
113.52
113.43
113.34
113.49
112.68
113.69
113.56
112.71
113.41
113.62
113.13
113.13
112.56
113.71
113.8
113.57
113.69
113.25
112.96
113.98
112.89
112.3
113.28
113.05
112.55
112.1
113.15
113.78
113.27
113.93
112.82
112.57
113.39
113.75
112.8
112.85
114.62
113.55
112.26
113.74
113.14
112.73
113.28
114.22
113.26
112.93
112.93
113.79
112.76
113.76
114.12
112.95
112.52
113.3
113.1
113.57
114.04
113.03
113.72
113.21
112.61
112.86
113.17
114.98
113.98
113.13
113.17
113.75
112.22
113.04
113.3
113.17
112.75
113.47
113.47
112.65
113.41
113.59
112.92
112.98
114.4
113.54
112.74
113.55
114.16
112.52
112.21
113.46
112.52
112.09
113.94
114.1
112.13
113.08
113.62
113.59
113.26
114.42
113.8
112.71
113.12
114.01
114.01
113.5
114.26
112.42
111.38
114.29
114.23
113.8
113.58
113.85
113.1
112.91
114.15
114.15
112.43
113.72
114.21
113.18
112.49
113.8
112.94
112.84
113.74
113.29
112.14
113.3
113.36
113.09
112.57
113.7
112.91
112.91
113.03
113.37
112.82
113.43
114.4
113.44
112.31
113.88
113.94
113.09
113.82
114.13
112.5
111.87
113.3
113.18
112.62
114.03
114.27
113.22
113.6
114.45
113.47
112.41
112.94
113.21
112.84
113.56
114.29
113.77
112.68
112.68
113.85
112.16
112.57
112.57
112.26
113.36
114.48
114.09
112.94
113.85
113.71
113.18
114.44
114.8
113.66
113.66
113.6
113.6
112.15
114.32
114
113.18
113.31
113.11
112.65
112.35
112.72
112.45
111.33
112.76
113.28
112.63
112.24
113.24
113.15
113.15
113.05
113.9
112.58
113.04
114.28
113.38
112.69
113.61
113.8
112.92
113.48
113.09
112.69
112.59
114.12
114.12
112.83
113.08
113.31
112.55
113.26
113.97
113.21
111.94
113.81
113.92
112.74
112.93
113.77
113.14
113.33
114.6
113.96
113.75
113.75
113.75
113.02
112.96
112.78
112.79
112.63
113.79
113.45
112.76
113.33
114.06
112.33
111.38
112.96
113.06
113.06
113.17
113.05
112.8
113.67
113.93
112.88
111.98
113.55
113.89
112.5
113.6
113.76
112.52
113.74
115.11
115.11
112.02
113.22
113.18
113.03
113.44
113.6
112.78
112.79
113.71
113.37
112.97
113.46
113.81
112.95
113.3
113.99
113.72
112.51
113.4
113.17
113.06
112.65
113.84
113.58
112.8
113.28
113.13
112.57
113.12
113.53
112.45
113.52
114.23
112.96
111.87
113.65
113.27
113.27
113.35
113.67
112.62
111.88
113.47
112.68
112.18
114.25
114.6
113.65
112.9
113.88
112.79
112.24
113.43
113.75
112.31
112.28
113.72
113.06
112.55
113.7
113.04
111.53
112.39
112.95
112.35
113.12
113.7
112.62
112.1
113.27
114.53
113.35
113.2
113.21
113.04
112.15
113.33
113.26
113.1
113.31
113.86
113.51
113.19
114.16
113.02
112.24
113.36
112.76
112.63
113.52
113.35
112.23
111.58
112.88
112.64
112.17
112.9
113.67
112.75
112.74
113.73
113.06
112.17
113.88
113.15
112.33
112.86
113.61
112.86
112.7
114.03
113.43
112.43
113.08
113.27
112.61
112.2
113.97
113.38
112.72
113.37
112.63
112.42
112.76
113.05
113
112.84
114.3
113.07
112.31
113.3
113.87
113.1
112.92
113.86
113.5
113.65
114.1
113.05
112.7
113.52
114.04
113.32
113.08
113.77
112.53
112.63
113.94
114.17
113.46
112.59
114.16
113.45
113.22
113.73
113.02
112.55
113.37
114.22
112.05
112.28
113.32
113.1
113.02
113.61
113.19
112.53
113.52
114.74
112.98
113.62
114.1
113.91
112.83
113.87
112.89
112.41
112.7
113.98
113.86
112.49
112.98
113.08
112.4
113.1
113.88
113.25
113.8
114.87
113.59
113.07
114.19
114.75
113.83
113.17
113.4
112.74
113.19
113.88
114.17
113.27
114.24
114.32
113.7
114.13
114.45
112.79
113
113.93
113.93
113.28
112.94
113.83
113.77
112.77
114.24
113.66
112.79
114.05
115.07
113.57
113.14
114.05
112.99
112.65
113.52
113.88
112.65
112.46
113.21
112.86
112.22
114.07
113.71
112.86
112.93
113.54
113.15
113.05
113.47
112.7
111.34
113.36
113.36
113.07
113.88
114.45
112.79
112.61
113.82
113.8
113.16
113.16
113.94
113.59
112.99
113.16
112.37
112.24
113.77
113.83
113.12
113.93
113.75
112.66
112.61
113.98
113.65
112.44
113.47
114.59
113.52
113.35
113.5
113.03
111.81
113.91
114.28
113.17
113.38
114.53
113.43
112.38
113.25
113.63
112.45
113.37
113.56
112.89
113.32
114.45
113.56
113.3
113.3
113.2
112.78
113.27
113.85
112.63
113.03
113.94
113.21
112.3
113.44
113.62
113.12
113.1
113.53
113.07
111.9
113.47
113.82
113.43
113.26
113.5
113.15
113.47
113.95
112.76
112.18
113.81
112.96
112.49
113.57
113.83
113.24
112.83
114.06
113.38
112.27
113.79
114.08
113.44
114.12
114.34
113.46
112.69
113.69
113.05
112.74
113.61
113.63
112.82
112.91
114.91
114.2
114.2
113.84
113.46
112.96
113.16
113.77
113.44
112.55
113.65
113.24
112.09
113.28
113.54
111.97
112.74
113.89
112.67
111.48
112.97
113.55
112.6
112.75
114.25
113.79
113.05
113.91
113.88
113.29
113.94
113.73
112.57
112.67
113.2
113.54
112.56
113.71
113.34
112.8
113.16
113.8
112.94
112.74
113.96
114.45
113.58
114.38
113.68
113.46
113.85
114.48
113.15
112.62
113.9
113.19
112.65
113.95
114.27
113.41
113.16
114.45
113.87
112.38
112.96
113.72
112.77
112.98
114.09
112.64
112.64
114.18
113.58
112.97
114.2
114.09
112.85
113.03
113.44
112.51
111.67
113
114.24
112.86
113.96
114.46
113.27
112.79
114.02
113.52
113.12
113.39
114.14
113.1
112.05
113.17
112.39
112.93
114.3
113.16
112.5
113.38
113.76
113.16
112.06
113.46
113.2
112.46
114.05
113.92
113.42
113.58
114.55
113.44
112.47
113.55
113.02
112.86
114.18
114.47
113.71
113.57
114.06
113.64
112.53
113.95
113.52
113.11
114.05
114.53
114.17
113.3
114.71
114.63
113.29
114.1
114.07
114.15
114.15
114.68
113.94
112.67
114.1
113.81
112.98
113.28
113.8
114.37
113.99
114.79
114.22
113.67
113.57
114.06
113.66
113.29
114.4
113.63
113.65
114.49
114.21
112.75
113.68
114.57
113.93
113.59
114.26
112.7
112.5
114.15
115.06
113.48
113.48
114.46
113.85
113.17
114.61
113.66
112.3
112.94
113.71
113.51
112.85
113.65
112.89
112.06
112.53
113
113.53
114.16
114.56
114.36
113.15
114.16
113.7
112.78
113.14
112.74
112.76
112.88
114.19
114.05
113.12
114.69
114.51
113.3
113.49
113.67
113.37
113.66
114.15
113.81
113.37
114.55
114.55
114.13
113.47
114.59
114.01
113.61
113.79
113.65
112.32
114.29
113.77
113.38
113.76
114.3
113.35
113.81
115.54
113.69
112.25
113.96
114.43
114.23
113.21
114.56
113.79
113.4
114.01
114.51
113.78
113.27
113.88
113.95
113.33
113.33
114.59
114
113.7
114.2
113.93
113.02
114.29
113.74
113.28
114.42
114.75
113.68
114.35
114.59
113.1
113.31
114.53
114.59
112.76
113.75
115.03
114.13
112.66
114.14
113.97
113.72
114.34
114.55
113.36
113.76
113.08
113.55
113.53
114.93
114.81
114.46
114.42
114.57
113.9
113.52
113.71
113.18
113.25
114.02
114.02
113.2
113.38
114.15
113.25
112.74
114.55
113.81
112.76
113.87
113
112.43
113.37
113.99
112.84
113.02
114.23
113.41
113.31
114.04
113.93
112.83
113.52
114.42
113.25
112.98
114.04
113.7
113.14
114.04
114.32
112.93
113
113.64
113.26
111.91
112.8
113.19
112.75
113.26
113.97
113.01
112.93
113.52
113.46
112.69
113.76
114.23
113.93
112.85
113.55
112.84
112.74
113.79
113.86
112.82
111.78
113.18
112.68
112.76
113.76
112.86
112.77
113.94
114.48
113.65
112.82
113.9
113.26
113.26
114.02
113.72
112.5
112.86
113.67
113.69
113.2
114.42
114.52
112.59
113.28
113.28
113.78
112.51
114.15
113.78
113.78
113.56
113.24
112.21
113.37
113.89
113.23
112.57
114.41
114.19
113.67
114.97
114.38
113.52
113.38
114.14
113.09
113.09
113.97
113.9
112.69
113.25
114.55
113.62
112.71
113.71
113.99
113.22
113.83
113.76
113.04
113.67
114.11
113.2
113.42
114.23
113.33
112.34
113.41
113.91
112.81
112.59
114.05
113.35
112.7
113.96
114.19
113
113.35
114.18
113.75
113.75
114.61
113.88
112.15
112.7
113.77
112.69
112.98
114.38
113.02
111.94
113.02
112.81
113.26
113.98
114.31
112.39
112.33
113.62
113.55
112.39
112.91
113.33
113.39
113.82
114.34
113.13
112.59
113.91
113.49
112.81
113.11
113.35
112.82
112.73
112.73
113.4
112.8
113.15
113.95
112.13
112.72
114.35
113.38
112.93
113.63
113.94
112.82
113.02
113.43
112.55
112.7
113.36
112.97
112.5
114.73
113.76
112.38
113.69
114.72
114.11
112.85
114.3
113.53
111.99
112.28
112.75
113.56
113.61
114.43
113.71
112.82
113.83
113.5
112.58
113.56
114.52
113.5
112.89
114.64
114.59
113.56
113.63
113.31
113.14
113.12
113.57
112.82
112.44
113.56
113.82
111.91
113.05
113.64
113.28
113.17
114.06
113.27
112.58
113.15
114.05
113.58
113.58
113.39
112.57
112.18
114.13
113.16
112.48
112.88
113.53
113.26
113.52
114
113.08
112.31
113.41
113.84
112.2
112.2
112.7
113.73
113.41
113.97
114.04
112.51
114.18
113.79
113.13
113.5
114.32
113.75
112.88
114.07
114.42
112.45
112.45
115.08
114.32
114.01
114.41
114.1
112.87
114.18
113.83
112.99
112.85
113.68
113.32
113.27
113.88
113.69
112.95
113.48
113.48
113.17
112.34
113.19
113.06
112.86
113.84
113.3
112.74
112.75
113.84
112.86
112.81
113.58
113.71
112.87
113.17
113.17
113.22
112.85
114.72
113.84
111.68
112.99
113.6
113.34
113.65
114.21
114.1
112.71
114.32
113.48
112.81
113.49
113.49
112.94
112.27
114.07
113.57
113.36
114.2
113.86
113.37
113.27
113.41
113.88
112.88
113.2
112.75
112.93
113.75
113.21
111.91
113.14
114
112.76
112.17
114.26
113.82
113.04
113.46
114.11
113.25
112.59
113.8
113
112.46
113.55
113.6
113.37
112.55
113.61
113.56
112.76
113.27
113.19
112.4
113.02
114.38
113.6
113.2
113.97
112.71
111.91
113.15
113.15
113.95
112.36
113.44
112.63
112.07
113.03
113.2
112.45
112.88
113.39
112.65
112.93
114.25
113.52
112.07
113.05
113.1
112.32
112.59
113.31
112.98
111.83
113.11
113.06
112.4
112.44
113.51
113.23
113
114.39
113.49
112.73
113.41
113.41
113.07
112.7
113.97
113.05
112.04
114.05
113.37
112.53
113.85
113.84
112.97
112.27
113.83
114.06
112.96
113.9
114.36
112.88
113.27
114.46
113.2
112.58
114.03
114.21
112.92
113.63
114.14
112.74
112.38
113.59
113.54
112.58
113.57
113.57
113.21
113.42
114.35
112.96
112.68
113.41
113.36
113.17
113.65
113.35
112.75
113.33
113.64
113.2
112.47
113.45
113.45
113.6
113.49
113.9
112.84
113.54
114.85
113.91
113.1
113.21
113.03
112.7
113.54
114.65
113.58
113.47
113.73
113.73
112.67
112.55
113.47
113.09
112.44
113.65
113.4
112.57
113.66
114.27
113.37
113.54
113.6
112.99
112.24
113.17
113.51
112.48
113.65
113.55
112.06
111.77
112.59
112.35
113.1
113.78
113.45
112.09
112.46
113.5
112.42
112.73
114.19
113.73
112.45
113.13
112.4
112.83
113.11
114.4
113.62
113.24
113.64
113.26
113.36
113.39
113.34
113.09
113.03
113.05
112.52
111.61
113.09
113.94
111.56
112.54
114.01
112.55
112.18
113.2
113.74
112.72
114.03
113.4
112.38
112.11
112.65
112.63
112.63
113.03
114.09
113.54
113.1
114.25
113.86
113.29
113.26
112.33
112.28
112.71
113.37
112.86
112.16
113.87
114.16
114.16
114.02
114
112.66
112.46
111.68
112.03
112.52
112.71
113.01
112.22
113.39
113.2
111.66
111.75
112.9
112.7
112.7
112.87
112.58
111.4
112.05
113.65
113
112.44
112.95
111.93
112.35
112.81
113.34
112.54
112.11
112.89
113.15
112.06
112.59
113.97
112.48
112.84
112.94
112.85
112.41
113.59
113.27
111.74
112.47
112.77
113.07
113.09
114.15
112.45
112.34
112.34
113.07
112.42
113.39
113.91
113.23
112.29
112.99
112.9
112.31
113.23
113.46
113.1
113.13
113.75
112.95
112.53
112.53
113.16
113.46
113.59
113.41
112.39
112.96
113.13
113.36
113.32
113.5
113.38
113.32
113.38
113.9
113.06
113.34
113.34
113.05
112.33
113.44
113.62
113.05
112.87
113.77
113.02
112.85
114.18
113.98
113.05
112.48
113.93
113.25
112.92
113.45
112.55
111.92
113.06
113.41
112.58
111.59
112.88
112.39
111.75
112.73
113.73
112.59
112.51
113.97
113.49
113.49
114.45
113.16
112.42
112.69
113.65
113.54
112.78
113.62
113.1
111.99
113.13
112.91
112.76
113.54
113.31
112.93
111.83
113.94
113.77
112.59
113.65
113.59
112.13
111.5
113.13
112.82
112.46
113.41
113.78
112.76
113.32
113.55
112.61
111.68
112.41
112.41
111
112.57
113.14
112.85
112.55
113.28
112.31
111.61
111.95
112.4
111.84
111.91
112.52
113.25
113.13
113.83
112.69
111.43
112.53
112.35
112.29
112.65
113.51
112.71
112.51
113.15
112.92
112.37
113.2
112.79
111.89
112.37
113.11
113.19
112.67
112.74
113.4
111.65
112.24
113.94
113.78
112.71
113.31
112.87
111.92
113.21
114.12
113.4
112.53
113.29
112.92
112.15
113.35
113.21
113.3
113.21
114.16
112.6
112.25
114.07
113.64
112.81
113.32
113.09
112.19
112.47
113.67
113.67
112.3
113.09
112.8
112.43
113.4
113.59
113.51
113.05
114.37
114
111.55
112.67
113.66
112.72
112.22
113.17
112.55
112.44
113.04
113.39
112.32
112.81
112.57
112.53
112.53
113.45
112.7
112.54
113.68
113.88
113.22
113.06
113.49
113.07
112.41
113.94
112.97
112.1
111.99
113.23
113.68
112.46
114.01
113.53
112.39
112.61
113.57
113.4
112.81
112.75
112.22
112.22
113.11
112.27
112.34
112.74
113.8
112.47
112.23
113
112.76
112.38
113.36
113.61
112.58
111.98
113.92
113.42
113.42
113.67
112.95
112.73
112.94
113.34
113.04
112.45
114.09
113.25
112.06
112.84
114.09
113.07
112.85
113.55
112.99
111.87
112.66
113.07
113.07
113.07
113.62
113
112.75
113.21
112.47
111.54
113.26
113.11
111.97
112.36
113.27
112.22
112.22
112.87
112.86
112.19
112.55
113.96
113.15
112.96
114.09
113.24
112.21
113.26
112.7
112.44
112.64
113.25
112.83
111.99
113.53
113.2
112.5
113.54
113.88
112.28
112.24
113.86
113.82
113.18
113.46
113.31
111.97
112.97
113.45
113.22
113.27
113.27
113.11
112.8
113
113.13
113.33
112.22
113.29
113.17
112.98
113.85
113.81
112.57
113.09
113.99
113.51
112.49
113.64
113.69
112.71
112.79
113.36
113.11
112.29
113.37
113.18
112.25
113.45
113.01
112.58
113.84
114.66
113.18
111.88
111.88
112.85
111.87
113.33
113.8
113
113.4
114.53
113.22
111.86
113.03
113.03
112.05
112.37
112.38
112.26
112.07
112.07
113.06
112.41
114.2
113.79
113.29
112.93
113.99
112.93
112.75
114.2
113.47
112.39
113.46
113.66
112.54
112.89
113.57
113.4
113.23
113.85
114.25
112.88
112.72
114.3
113.46
112.75
114.2
113.74
112.66
114
113.76
113.47
112.99
112.99
114.14
113.2
113.74
113.35
112.36
112.9
113.92
113.22
112.53
113.78
113.42
112.34
113.2
113.38
112.37
113.19
113.55
113.55
113.1
113.71
114.57
112.94
112.7
112.71
112.86
112.69
113.55
113.47
112.83
113.41
114.75
113.75
113.32
113.02
112.85
112.41
113.79
113.67
113.31
113.98
114.22
112.48
112.58
113.14
113.43
112.67
112.94
113.34
112.46
111.85
114.14
113.47
113.11
113.8
113.78
112.58
113.18
113.99
113.42
112.59
112.88
113.29
112.12
112.73
112.87
113.03
112.98
113.75
113.23
112.39
114.48
114.11
112.13
112.6
113.19
113.2
112.06
112.78
112.71
111.33
113
113.31
113.85
113.37
113.03
111.58
112.19
113.48
112.7
111.87
113.02
113.84
112.35
111.8
113.35
112.62
112.41
113.86
114.26
112.9
111.56
113.27
113.3
112.68
112.9
112.66
112.4
112.23
112.95
112.94
111.98
113.55
115.02
113.13
113.15
113.34
113.09
112.35
113.32
112.47
111.93
113.4
114.03
112.75
112.43
113.04
112.43
112.01
113.8
113.84
113.06
112.97
113.26
113.09
112.89
113.76
113.76
112.7
113.35
113.71
112.85
113.01
113.64
112.86
112.31
113.18
113.2
113.33
113.93
114.1
113.25
112.8
113.33
113.25
112.41
112.91
112.94
112.25
112.73
113.42
112.36
112.47
113.47
113.31
112.47
112.39
113.14
112.16
112.02
113.68
113.94
113.94
113.22
113.38
112.46
112.84
113.22
112.14
112.38
112.99
112.81
112.29
113.92
113.89
112.63
113
113.73
113.01
112.19
113.76
113.97
112.51
112.82
113.58
112.99
112.66
113.22
112.23
112.15
112.85
112.93
112.43
113.08
113.21
112.46
111.64
113.26
113.48
112.01
112.99
113.25
113.04
112.58
113.48
113.09
113.02
113.46
113.47
112.73
112.32
113.48
113.48
112.41
114
112.82
112.44
112.79
112.76
111.93
112.61
114.05
112.97
112.24
113.05
113.57
112.64
112.43
112.43
113.69
113.25
113.24
113.16
112.46
112.66
113.23
112.93
112.56
113.16
112.12
111.83
112.22
113
112.69
113.25
113.25
112.12
111.48
113.85
113.64
112.76
112.89
112.83
112.02
112.01
112.83
113.56
112.76
112.09
112.49
112.76
113.74
114.26
114.26
113.19
113.19
113.27
112.47
113
113.51
112.51
112.39
113.14
113.02
113.17
113.66
113.39
111.77
111.7
112.88
112.88
111.98
113.68
113.77
112.93
113
112.82
112.3
112.59
112.98
112.68
112.35
113.08
113.29
112.61
112.59
113.74
112.88
111.9
112.87
112.79
112.48
112.82
112.87
112.99
112.73
114.05
114.21
112.32
113.89
113.85
113.07
113.02
113.91
113.26
112.33
112.33
113.15
111.88
112
112.78
112.98
112.37
113.57
113.27
112.49
113.21
113.27
112.47
112.34
113.16
113.16
112.79
113.34
113.65
112.9
112.94
112.56
112.26
112.82
113.42
112.86
112.12
113.14
113.01
112.22
113
113.63
113.63
112.65
113.37
113.22
112.42
113.42
113.66
112.42
111.77
113.59
112.63
111.69
113.21
113.3
113.32
113.35
114.21
113.28
113.28
112.35
113.14
112.47
113.34
114.22
113.78
112.31
113.34
112.41
111.28
112.91
113.93
113.41
113.62
114.16
112.53
111.38
111.38
113.54
112.76
112.92
113.93
112.56
112.14
113.04
112.85
112.03
113.92
113.74
112.45
112.42
113.78
112.79
112.79
113.03
112.98
112.89
112.27
113.18
113.5
112.93
113.45
112.37
112.32
113.58
113.88
112.69
112.25
114.24
112.95
112.95
112.13
113.03
112.27
112.52
113.62
113.57
112.7
114.1
114.01
112.83
113.23
113.6
112.09
111.94
112.62
113.19
113.13
113.13
113.87
112.5
113.04
113.94
112.48
111.59
114
113.44
112.76
114.14
115.14
113.15
112.6
113.5
112.23
112.23
111.72
113.34
113.05
113.76
113.77
112.44
112.36
113.65
113.4
111.6
112.73
112.88
111.69
112.22
113.61
112.93
112.93
113.66
113.45
112.53
113.19
113.93
113.01
111.73
112.99
113.16
111.95
112.05
113.09
112.73
111.96
113.79
113.17
111.51
111.51
113.24
112.22
112.87
114.29
112.68
111.96
112.76
113.26
112.46
113.14
112.82
111.92
112.16
113.16
112.35
111.31
112.54
113.3
112.9
112.65
113.31
112.89
112.02
113.29
112.65
111.57
112.69
113.29
113.81
112.76
114.22
113.55
112.58
112.58
112.49
112.73
113.07
113.76
112.77
112.56
113.26
112.9
111.96
112.66
113.34
112.91
112.21
113.22
111.94
112.03
113.31
113.31
112.8
112.46
113.66
113.4
112.52
112.6
112.7
112.67
113.76
114.07
112.83
112.39
113.71
113.06
111.57
112.69
112.69
110.89
111.84
112.68
112.3
111.65
112.63
113.4
112.19
112.23
112.22
111.81
111.96
113.58
112.78
112.44
112.44
113.08
112.96
111.59
113.91
113.92
112.43
113.2
112.64
111.83
112.66
113.15
113.21
111.89
113.44
112.9
111.96
113.28
114.03
112.64
112.7
113.75
112.81
112
113.57
113.22
112.27
113.44
113.95
113.01
112.43
112.72
111.91
111.62
113.71
113.71
113.54
112.4
113.53
112.73
112.15
112.58
112.6
112.67
112.94
112.73
111.36
112.11
113.68
113.07
111.54
113.03
113.76
113.7
113.21
113.32
112.19
111.48
113.17
114.04
113.32
113.37
112.57
112.65
113.15
114.11
111.82
111.99
113.46
113.57
113.57
112.83
113.69
112.58
111.3
111.92
112.65
111.76
112.42
112.32
112.1
112.8
113.39
112.89
112.72
113.11
113.07
113.07
114
114.37
113.79
112.62
113.48
112.6
111.91
112.84
112.74
112.75
113.03
114.45
113.02
113.07
113.99
112.8
112.89
113.09
113.35
112.21
111.8
113.08
113.44
114.15
113.87
113.05
112.39
112.96
114.49
113.52
111.99
113.55
113.32
113.32
112.86
113.66
112.81
112.93
113.14
112.58
112.25
113.18
113.43
111.69
111.95
112.89
112.68
111.9
113.22
113.61
112.17
112.93
113.64
112.59
112.7
113.61
112.42
112.17
113.7
113.68
112.59
112.98
113.56
111.98
111.18
112.85
113.18
111.98
112.85
113.58
112.43
112.75
113.12
112.73
112.56
114.34
113.68
112.04
112.65
113.6
112.85
112.71
113.63
113.38
113.38
112.92
114.36
113.57
112.78
113.38
113.12
112.36
113.19
113.85
111.82
112.24
112.7
113.17
111.92
113.52
112.72
112.72
113.65
113.4
113.04
113.1
112.82
112.44
112.02
113.8
114.2
113.09
112.59
113.02
112.65
112.32
113.51
113.02
111.88
113.45
113.7
111.63
111.98
112.8
112.45
112.14
113.76
113.56
112.36
112.35
113.05
112.13
112.48
113.69
112.93
112.04
112.8
113.48
112.53
112.48
113.86
113.35
111.67
112.47
112.81
112.16
112.88
113.71
112.43
111.64
112.67
111.56
111.17
111.38
112.67
111.86
112.46
113.52
112.28
112.47
113.16
112.77
112.21
113.47
113.63
112.06
112.21
113.1
112.48
111.23
112.55
112.61
112.42
112.82
113.9
112.62
111.89
113.43
112.3
111.6
112.8
114.11
112.84
112.97
114.05
112.8
112.02
113.3
114.08
112.9
112.43
113.84
113.27
112.69
113.32
113.07
111.67
112.98
114.18
112.97
112.49
113.01
112.98
111.83
111.83
111.69
111.83
112.43
113.2
113.28
112.64
113.37
112.67
112.12
113.47
113.5
112.71
112.67
113.98
113.54
113.93
114.6
112.94
112.8
114.11
114.33
113.28
113.49
113.73
113.27
112.56
113.75
114.38
112.66
112.55
113.25
113.36
113.38
114.3
113.3
112.65
112.65
114.25
113.32
112.34
113.42
113.1
112.75
114.52
113.36
112.85
113.35
113.61
112.71
112.11
112.98
113.37
112.11
113.36
113.44
113.37
113.24
114.08
112.85
112.97
113.84
114.03
112.87
113.53
114.09
113.38
112.81
113.95
113.98
112.85
113.56
113.98
113.65
112.65
113.58
113.03
112.17
112.82
113.53
113.42
113.95
114.25
113.33
112.03
113.14
113.02
112.78
114.21
113.39
112.61
113.09
114.26
112.16
111.48
112.58
112.5
112.56
113.87
113.74
112.93
113.7
114.67
113.04
112.53
113.73
113.27
112.04
112.43
113.12
112.26
112.25
112.86
112.36
111.89
113.05
113.23
112.22
113.13
113.95
113.08
111.78
113.29
113.1
111.99
113.03
113.59
113.09
111.84
113.16
112.95
111.16
113.41
114.2
112.77
112.82
112.96
112.45
112.36
113.44
113.13
112.43
113.04
113.38
112.33
111.91
113.11
113.04
113.31
114.19
114.62
112.6
112.4
113.54
113.01
113.32
113.61
113.43
112.38
113.3
113.6
112.57
111.92
113.66
112.46
112.37
113.75
113.54
113.21
112.97
113.24
112.06
112.04
113.25
113.25
112.47
113.26
113.68
112.7
113.85
114.29
112.96
111.52
114.21
114.12
112.72
112.39
113.35
113.55
112.95
112.76
112.24
111.64
112.52
113.21
112.85
113.53
114.18
113.29
112.46
113.09
112.83
112.63
112.21
113.58
112.59
112.36
114.2
114.02
112.49
113.56
113.55
113.19
113.3
113.86
113.62
112.96
113.04
113.07
113.39
113.43
114.03
113.27
113.73
113.97
113.14
112.57
113.5
113.59
112.55
113.49
113.37
112
111.77
113.22
114.08
112.72
112.92
113.03
111.13
111.16
112.44
111.76
112
114.31
114.28
112.62
113.27
114.05
113.26
112.99
114
113.01
112.5
112.74
114.44
113.18
112.52
113.25
112.88
112.25
114.44
114.39
113.33
113.59
113.54
113.12
112.48
112.95
112.58
111.97
113.48
113.59
112.91
112.91
113.67
112.83
112.15
113.64
113.44
112.02
112.76
113.13
112.31
113.37
113.53
113.04
112.98
113.59
113.55
112.45
113.05
113.94
113.55
112.94
113.65
113.39
113.18
114.07
114.79
112.81
113.79
113.56
112.94
112.58
112.95
112.94
111.87
112.74
113.6
112.83
111.95
112.92
112.88
112.99
112.84
112.9
112.98
112.86
113.78
112.81
112.04
113.09
113.41
112.91
112.86
113.17
112.45
111.97
114.04
113.74
112.4
113.13
112.97
112.79
112.88
113.03
113.2
113.11
113.6
113.28
112.34
113.16
113.51
112.98
112.2
114.16
113.36
113.37
113.99
113.84
112.3
113.19
113.72
112.54
112.13
113.01
113.32
112.81
113.27
114.21
113.57
112.58
113.84
113.53
113.18
113.44
112.58
112.06
113.49
113.45
112.32
112.75
113.65
113.49
112.03
113.06
113.47
112.38
112.01
113.91
114.34
112.97
114.28
113.5
112.56
112.91
113.82
113
112.88
114.1
113.56
112.86
113.27
113.82
112.81
113.6
113.79
113.05
112.9
114.22
113.12
112.08
113.09
113.3
113.06
113.26
114.51
113.05
112.16
112.93
113.7
113.04
113.18
113.69
112.61
112.84
114.05
113.36
112.25
113.56
113.75
112.45
113.05
113.77
113.72
114.07
114.72
114.22
112.88
113.58
114.4
113.91
113.66
115.91
115.8
116.28
116.13
116.37
117.26
116.45
115.47
116.89
117
115.83
115.9
117.05
117.16
117.31
117.86
116.73
115.57
115.47
115.73
115.61
115.79
116.92
116.57
116.33
116.84
116.22
115.71
116.45
116.62
116.59
116.3
116.47
115.7
116.5
116.88
116.46
115.66
115.92
116.73
117.25
116.57
116.62
116.11
115.57
116.21
116.06
115.72
115.78
116.87
116.22
116.18
116.53
115.75
115.61
116.82
116.73
116.05
115.82
116.53
116.19
115.01
115.56
116.34
115.78
116.19
117.08
116.67
115.92
116.59
115.83
115.09
116.13
116.97
115.18
114.47
116.05
115.94
115.17
115.81
115.61
115.28
115.72
115.93
115.89
115.14
115.55
116.22
116.05
116.08
116.33
115.55
115.74
116.1
115.66
116
116.93
115.84
115.5
115.96
115.92
116.36
115.89
116.49
116.28
115.57
115.52
115.94
115.57
116.64
116.92
116.32
116.24
116.68
115.77
115.76
116.31
115.82
115.29
115.39
115.67
115.3
114.98
116.02
116.05
115.84
115.91
116.03
114.92
115.54
116.51
116.55
115.77
115.19
115.45
115.59
116.35
115.6
114.85
115.3
115.88
115.47
114.72
116.38
116.45
115.87
115.93
116.24
115.95
115.88
116.07
115.63
115.16
114.93
115.25
115.42
116.06
116.37
115.7
115.21
115.28
115.19
115.19
115.69
116.29
116.31
116.6
116.43
115.66
115.34
115.91
116.49
115.73
115.93
115.57
114.53
114.9
116.11
115.19
115.05
116.95
116.8
116.07
115.8
116.81
116.15
115.65
116.54
116.57
115.71
115.77
116.54
115.78
115.19
116.07
115.76
115.05
115.87
116.38
115.06
115.16
116.16
116.12
115.71
115.87
115.87
115.3
115.7
115.38
115.61
114.84
115.33
115.63
115.89
115.75
115.5
115.19
115.68
116.24
115.76
115.1
115.78
115.49
116.12
117.24
115.58
114.92
115.13
116.02
116.24
115.14
115.66
115.49
114.99
115.75
115.71
115.06
115.4
116.09
115.61
115.74
115.95
115.63
115.47
115.94
116.83
115.12
114.62
115.04
114.16
113.15
112.97
113.33
113.49
112.65
112.78
112.31
112.77
113.12
113.03
112.02
113.11
113.58
112.54
112.74
113.19
111.75
111.93
113.35
113.65
112.65
113.51
113.59
113.03
113.02
113.67
113.77
113.45
114.02
113.41
112.81
112.67
113.53
113.77
112.95
113.11
113.36
113.28
113.46
113.85
112.78
112.3
113.63
113.32
113.63
114.06
114.12
114.05
114.42
114.41
113.84
113.41
114.18
114.12
114.2
114.04
113.66
113.22
112.99
113.63
114.17
113.65
113.61
113.18
113.13
113.54
113.3
113.15
112.81
113.39
113.61
113.29
113.54
113.46
113.12
114.16
114.83
113.63
113.57
114.53
113.94
113.69
113.69
114.04
113.5
113.2
113.55
113.58
113.35
114.67
113.42
112.88
114.02
114.69
114.07
113.59
113.99
113.66
113.25
113.94
113.91
113.48
113.13
113.99
113.63
113.17
113.77
113.96
114.07
114.11
114.36
113
112.97
114.15
113.66
112.95
113.38
113.29
113.77
113.16
113.96
113.2
113
114.08
113.54
113.36
113.28
113.4
113.19
113.64
114.1
113.35
112.56
113.02
113.36
113.54
113.69
113.96
113.3
113.87
115
114.25
114.39
114.86
113.9
113.45
113.55
114.23
113.53
113.35
113.55
113.7
113.1
114.15
113.97
114.11
114.12
114.92
113.58
112.9
113.53
114.12
112.9
112.65
113.57
112.93
112.73
114.05
114.46
113.83
113.6
113.37
113.09
113.84
113.97
113
112.85
114.03
113.8
113.07
113.2
113.9
113.3
112.9
113.91
113.34
112.14
113.22
114.06
113.16
112.99
113.92
114.12
114.19
113.77
113.07
112.81
112.65
113.66
113.46
113.65
114.43
113.71
112.94
113.79
114.11
114.32
114.38
113.46
112.68
113.25
114.37
113.66
112.99
113.95
113.63
113.2
112.98
114.08
114.5
113.65
114.07
114.15
114.28
113.8
113.89
113.39
113.73
114.7
114.05
113.71
114.58
114.13
113.77
113.4
113.84
114.21
113.74
114.8
115.04
114.23
113.95
113.99
113.69
113.88
114.48
113.78
113.68
113.93
113.42
112.8
113.57
114.22
113.38
113.02
114.17
113.73
112.97
113.28
113.49
113.69
114.43
114.78
113.59
113.02
113.95
113.42
113.31
113.75
113.83
113.39
113.41
114.24
113.89
112.99
113.64
114.89
113.48
113.06
113.89
113.18
112.7
113.24
112.84
112.87
114.22
114.36
113.3
112.74
113.77
113.85
112.97
113.98
114.25
113.62
113.8
114.31
113.3
112.35
113.15
113.4
112.85
113.5
113.42
112.93
113.48
114.22
113.66
113.55
113.86
113.87
113.29
113.32
114.41
114.42
113.01
113.04
113.11
112.86
112.97
113.58
112.44
112.61
114.52
113.58
112.65
112.92
112.92
113.19
113.3
113.39
113.48
113.56
113.76
113.84
114.05
114.37
113.75
113.26
114.12
113.66
113.69
113.55
113.72
113.13
113.19
114.17
114.17
113.65
113.29
113.67
112.98
112.78
113.52
113.34
112.85
113.53
114.18
113.5
112.9
113.61
113.83
113.15
114.1
114.64
113.62
113.03
114.06
114.58
113.61
113.58
113.06
112.35
113.81
114.44
113.52
112.84
114.22
113.23
113.41
113.96
114.5
113.9
113.14
113.66
113.45
112.92
113.42
113.31
113.32
113.43
113.04
112.74
113.45
114.74
113.48
112.74
113.43
113.1
113.26
113.74
113.59
112.81
112.49
113.72
113.74
113.09
112.93
111.95
111.97
112.57
113.51
112.48
112.15
113.96
114.57
114.43
113.31
113.86
113.81
114.37
114.41
113.99
113.09
114.15
113.7
113.43
113.03
113.91
113.69
113.52
113.83
113.56
113.3
114
114.29
113.04
112.51
113.18
113.32
112.73
113.53
114.3
114.22
113.93
114.4
114.35
113.81
113.72
113.31
112.75
113.04
113.57
113.26
113.63
113.56
113.31
113.17
114.39
114.31
113.5
113.28
113.6
113.11
113.34
113.42
113.51
112.77
113.6
113.62
113.52
113.67
113.86
113.02
113.05
113.79
113.81
112.87
113.07
114.61
113.57
113.52
114.23
113.75
112.87
113.77
114.2
113.87
113.02
113.85
113.65
113.2
112.85
113.5
112.78
114.19
116.05
115.19
114.59
116.35
117.03
117.13
116.96
116.87
115.64
115.86
117.4
116.79
116.48
117.48
117
116.24
116.33
116.35
115.43
115.4
116.61
116.18
115.55
116.37
116.26
116.14
116.5
116.93
116.86
116.11
116.68
115.99
114.29
114.51
115.05
114.66
114.51
113.62
114.16
114.19
114.02
114.34
113.51
113.53
113.94
112.85
112.62
113.69
113.89
113.62
114.26
114.12
113.83
113.53
114.31
113.5
112.7
113.75
114.22
114
113.97
113.73
113.35
113.48
113.62
112.95
112.76
113.97
113.51
113.45
113.16
114
113.74
112.51
113.44
113.09
112.78
113.42
113.26
112.68
112.82
113.67
113.62
112.93
113.74
113.81
113.43
113.32
113.78
113.2
112.93
113.95
113.65
112.99
113.58
113.57
113.31
113.69
113.69
113.35
113.5
114.74
113.9
113.03
112.94
113.7
112.95
112.17
113.2
113.67
113.4
114.5
113.74
112.73
112.85
114
113.55
113.71
114.76
114.11
113.27
113.75
114.21
113.87
112.93
114.25
114.15
114.18
114.01
113.89
113.46
113.29
113.4
112.64
112.53
113.81
114.14
113.13
112.97
113.29
112.73
112.93
113.59
113.06
113.32
113.49
113.83
113.41
113.38
114.03
113.54
113.36
114.12
113.72
112.7
113.7
114.54
114.09
113.39
113.07
113.13
113.15
113.42
113.45
112.84
113.98
114.48
113.05
111.95
113.42
113.63
113.78
114.23
114.81
114.37
114.74
115.4
114.73
113.99
115.29
115.84
116.17
115.74
116.52
115.68
116.06
117
116.34
116.31
116.58
116.68
116.48
117.33
117.45
117.46
116.93
117.55
116.57
116.25
116.34
116.7
116.37
116.21
116.75
116.72
116.26
116.37
116.72
116.76
116.89
116.94
117.33
117.38
117.12
116.49
115.96
116.53
116.56
116.76
116.33
116.73
116.93
116.67
116.93
116.81
116.45
116.31
117.3
117.54
116.91
117.53
116.6
116.36
116.85
116.74
116.46
116.48
117.49
117.18
116.54
116.95
115.58
115.6
116.41
116.71
116.08
116.32
116.76
116.02
116.3
117.58
117.26
116.37
117.09
117.22
116.67
116.18
116.81
116.79
116.01
117.13
117.3
117.23
116.87
116.9
116.47
116.51
117.2
117.05
116.93
116.56
116.75
117.02
116.97
118.13
116.83
116.56
116.99
116.41
115.85
116.41
117.17
116.59
116.75
117.6
117.44
116.02
116.79
117.75
117.03
116.12
116.52
116.32
116.57
117.42
117.13
116.01
116.2
117.07
117.12
116.44
116.8
116.62
117.07
117.11
116.78
116.43
116.29
117.22
116.92
116.22
117
116.53
116.61
116.94
116.66
116.69
116
116.18
116.27
115.57
117.31
116.83
115.53
116.15
117.2
116.98
116.2
116.68
116.25
116.62
116.99
116.15
115.87
115.16
116.52
116.55
115.97
115.66
115.74
115.28
115.96
116.52
116.53
115.56
116.13
116.68
116.07
116.77
116.79
116.69
116.11
116.12
115.73
115.21
116.2
116.5
115.23
115.53
115.84
115.47
115.63
116.81
115.79
115.03
116.63
116
115.71
116.38
116.77
116.04
115.64
116.15
115.42
114.8
115.4
115.52
115.35
115.98
116.84
116.23
115.39
116
116.71
116.41
116.28
115.41
114.76
114.55
114.27
114.03
113.2
113.21
113.69
112.76
113.11
113.92
112.81
112
113.19
113.62
113.65
113.98
113.37
113.09
113.34
114.11
112.97
112.72
113.77
113.25
113.13
113.47
114.06
113.77
113.97
114.79
114.67
113.46
113.3
114.1
113.71
113.42
113.53
113.06
113.62
114.06
114.2
113.86
113.89
113.34
113.55
112.95
113.36
114.2
113.61
114
113.33
112.98
113.24
114.22
113.44
113.33
113.27
113.6
113.65
114.76
114.47
113.39
113.29
113.84
113.55
113.12
114
113.94
112.68
113.62
114.79
114.03
113.46
113.93
114.31
113.83
114.29
114.28
113.8
113.99
114.52
113.24
113.28
113.65
113.69
113.44
113.37
114.43
113.29
113.45
114.03
114.14
113.3
113.5
113.17
113.69
113.93
114.61
114.11
113.53
113.41
113.49
112.72
113.31
113.95
113.76
114.11
113.59
113.44
112.48
114.3
114.48
114.39
114.63
115.03
113.97
112.85
114.28
113.72
113.28
114.36
114.39
114.37
114.23
114.79
113.37
113.05
114.38
115.02
114.01
114.06
114.73
113.91
113.04
114
113.74
113.34
114.36
113.5
112.51
112.69
114.1
114.39
113.86
115.03
115.18
113.98
114.35
114.49
113.87
113.84
114.97
114.86
113.82
113.45
114.14
114.2
113.99
113.82
113.44
112.97
113.94
113.56
113.65
114.09
113.5
113.62
114.01
114.34
114.17
113.54
114.53
114.11
112.39
113.48
113.47
113.63
112.95
113.87
113.18
113.45
114.2
114.43
113.73
113.67
113.92
113.38
113.38
113.97
114.12
114.24
113.87
113.17
113.23
112.98
113.95
113.49
112.57
113.71
114.57
114.65
115.35
115.21
114.28
114.02
115.32
114.58
114.41
114.29
113.92
113.89
113.56
113.3
113.31
113.38
114.74
114.13
112.55
113.2
114.11
113.61
113.65
114.08
114.21
113.15
113.4
113.67
113.81
112.99
113.36
113.47
113.18
114.25
114.32
113.45
113.85
113.99
114.26
113.67
114.19
114.29
113.79
114.67
114.28
114.05
113.9
114.06
113.48
113.31
114.7
114.06
112.97
114.19
114.34
113.48
113.24
113.83
113.53
113.08
114.13
113.61
113.28
113.5
114.16
114.18
114.28
114.62
113.91
112.91
113.62
113.21
112.74
113.79
114.19
113.72
114.23
114.89
113.76
112.68
113.43
114.42
113.77
113.46
114.41
114.1
113.34
114.38
113.59
113.28
113.47
114.35
113.79
113.35
114.06
113.16
113.31
114.04
113.52
113.13
112.95
113.61
113.85
113.92
114.37
113.13
113.44
113.98
114.34
113.73
113.48
113.41
113.06
113.15
114.5
114.66
113.62
114.14
114.55
113.33
113.43
114.37
114.54
113.43
113.91
113.73
113.57
113.86
114.63
114.13
112.42
113.83
114.29
113.35
113.58
113.79
113.29
112.67
114.01
114.37
113.22
113.75
113.72
112.83
112.7
113.23
113.44
113.39
113.53
114.06
113.82
113.71
113.82
113.57
113.97
113.93
113.54
113.12
114.01
113.85
113.43
113.92
113.8
113.26
112.54
113.82
113.92
113.22
113.51
113.95
113.99
113.37
113.77
113.53
113.48
113.85
113.95
113
113.54
114.43
114.37
113.63
113.73
113.9
113.59
114.62
114.25
113.88
113.58
114.25
114.12
113.07
113.52
113.32
112.65
112.96
114.13
112.98
112.75
113.86
113.84
112.94
113.52
114.08
113.65
113.84
114.69
113.89
113.17
113.85
113.84
113.39
113.12
113.9
112.98
112.57
113.69
113.53
112.89
113.72
114.01
113.46
113.03
113.36
113.03
113.07
113.88
112.94
112.97
113.49
114.3
113.75
113.26
114.16
114.63
113.58
113.73
113.85
113.41
114.1
114.84
113.82
113.17
114.14
112.96
112.81
113.56
114.27
113.46
113.73
114.26
113.96
113.47
114.34
114.58
113.72
113.87
114.4
113.63
113.03
113.52
113.85
113.56
113.45
114.32
113.77
113.46
114.27
114.22
113.87
114.74
114.45
113.05
113.36
113.84
113.52
113.16
113.77
113.24
113.01
113.09
113.36
112.68
112.26
113.66
113.77
113.63
114.11
113.61
112.78
112.96
113.74
113.42
113.63
113.86
114
113.29
113.69
114.33
113.87
113.18
113.47
113.87
113.32
113.8
114.01
113.89
113.95
113.93
113.18
112.61
113.1
112.84
112.19
113.23
114.15
114.26
113.13
112.94
112.89
112.94
113.51
113.62
113.29
113.65
114.11
113.3
112.67
114.14
113.44
112.62
113.24
114.3
113.91
113.74
113.84
113.57
113.14
114.55
114.07
113.61
113.24
113.47
112.84
112.29
113.51
113.64
113.09
113.61
113.64
112.97
112.5
113.34
113.33
113.4
114.26
114.05
113.37
113.34
113.51
113.28
113.17
113.89
113.14
113
113.08
113.65
113.37
113.19
114.03
113.6
112.45
113.01
113.34
112.99
112.81
112.83
113.19
113.01
114.48
113.93
112.76
113.86
114.76
113.89
112.97
113.29
113.3
112.58
113.07
113.66
113.3
113.12
113.55
113.1
113.34
114.53
114.03
113.5
114.31
114.28
113.2
113.18
113.79
113.53
113.37
113.94
113.35
112.73
114.12
114.87
114.04
113.12
113.7
113.7
113.47
113.38
113.03
113.37
113.46
114.46
114.16
113.47
113.46
113.37
113.06
113.05
113.6
113.72
113.52
113.76
111.97
112.38
114.53
114.65
113.32
113.52
113.53
113.07
113.18
113.84
114.13
113.87
113.78
113.63
113.14
112.24
113.14
113.52
113.04
114.06
114.1
113.69
113.46
113.76
113.99
113.1
113.52
113.53
114.07
114.77
114.66
114.18
113.9
114.46
113.91
112.77
113.69
113.81
113.19
113.39
114.18
114.14
112.69
113.58
114.44
114.4
114.06
113.84
113.2
113.28
114.25
113.61
113.08
114.5
114.38
113.83
113.1
113.71
114.2
113.89
114.8
114.13
113.34
113.42
113.8
113.34
113.6
114.58
114.14
113.49
113.43
113.25
112.85
113.56
114.5
113.41
112.2
113.65
113.77
113.27
114.46
114.38
113.53
113.83
114.37
114.14
113.42
114.89
114.61
114.17
114.35
114.32
113.11
113.54
114.45
114.45
113.28
113.07
113.51
113.51
113.74
113.63
113.26
112.48
113.83
114.41
113.41
113.99
113.67
113.71
113.78
114.42
113.88
114.29
115.06
114.56
114.59
113.59
114.08
113.83
113.11
113.4
113.4
113.68
113.79
113.67
113.58
113.31
114.09
114.34
114.2
114.49
113.78
113.35
114.32
114.68
114.13
113.33
113.72
113.53
112.83
113.72
113.82
113.09
112.81
113.38
113.51
112.79
113.23
114.13
114.14
114.56
114.61
113.32
113.51
113.99
113.75
113.38
113.61
113.74
113.45
113.86
114.59
114.04
113.36
114.29
114.06
113.33
113.21
113.75
113.08
113.55
114.2
113.24
112.38
113.3
113.43
112.97
112.39
113.25
113.04
112.52
113.71
114.49
114.19
114.07
114.74
114.63
113.54
113.78
113.66
114.06
114.28
114.28
114.1
114.38
114.65
113.66
113.5
114.04
114.04
113.79
114.15
114.19
114.13
113.49
113.6
113.09
112.9
114.33
113.78
112.92
113.51
115.15
114.16
113.62
113.62
114.1
114.24
114.93
114.48
112.8
113.28
114.59
113.93
113.65
113.86
114.27
113.62
113.87
114.26
113.81
113.76
113.97
113.78
113.38
114.17
114.32
114.37
114.34
114.96
114.77
114.51
114.48
114.49
114.49
114.67
115.74
114.48
114.78
114.99
114.77
114.08
115.06
115.06
115.03
114.79
115.57
114.53
114.53
114.11
114.42
113.78
115.01
115.54
114.77
114.7
115.17
114.94
114.17
115.25
115.04
114.37
115.6
116.59
115.6
114.21
114.4
114.74
114.19
114.71
114.89
114.8
114.97
115.24
113.87
114.59
115.17
115.53
115.18
114.66
114.6
114.34
114.15
115.57
115.33
114.2
115.42
116.16
114.89
114.59
115.1
114.3
114.48
115.43
114.28
113.61
114.38
115.05
114.63
114.59
115.6
115.27
114.18
114.08
114.5
113.32
113.5
114.13
113.85
112.98
113.82
113.28
112.5
113.08
114.27
113.7
113.02
112.96
113.06
112.6
113.04
112.55
112.3
112.71
112.97
113.28
112.64
112.52
112.36
112.1
113.12
112.81
112.7
112.83
112.93
112.07
111.03
111.81
112.7
112.42
112.23
112.52
112.93
112.92
112.92
112.97
112.37
113.69
113.43
113.02
112.7
113.02
112.48
111.66
112.47
111.81
110.38
110.1
110.84
111.1
110.63
110.89
110.94
110.89
111.49
111.41
110.63
110.52
111.36
110.92
110.54
111.66
111.48
110.37
110.3
110.67
109.91
110.11
111.19
110.85
110.54
111.73
110.99
110.27
109.83
110.79
110.16
110.4
111.13
110.45
110.05
110.35
110.19
109.8
109.51
109.9
110.44
109.88
110.19
110.38
109.5
109.86
110.28
109.87
109.47
110.37
109.73
109.89
110.26
109.72
108.77
109.02
109.86
110.55
110.02
110.86
109.52
109.47
109.41
109.54
109.91
109.39
110.25
109.22
108.45
109.34
109.05
109.79
109.94
110.74
109.71
109.78
110.14
109.31
109.05
109.36
109.6
109.74
109.33
110
109.68
108.31
109.48
109.48
108.35
108.27
108.67
108.16
108.07
109.35
108.86
108.12
109.3
108.68
108.05
107.56
106.17
102.11
100.95
101.89
101.86
102.04
102.57
102.48
102.23
102.15
103.18
102.68
102.11
103.76
103.22
102.67
102.41
102.41
102.8
102.62
102.84
102.39
102.02
102.49
102.63
102.85
102.58
103.81
103.04
102.45
103.32
103.21
102.17
102.59
103.73
103.65
102.63
103.43
103.69
103.79
103.26
103.01
102.79
102.71
103.21
102.48
102.21
103.38
103.12
102.3
103.28
103.26
102.52
102.39
103.51
104
102.72
102.12
102.05
102.05
102.66
103.49
103.62
103.36
103.61
102.95
102.28
102.71
102.96
102.41
102.79
103.61
102.54
102
103.34
103.87
103.71
102.89
103.31
102.75
102.31
103.8
103.28
102.7
103.73
104.84
103.34
101.82
103.06
103.63
103.02
104.1
103.59
103.5
104.32
105.03
105.46
104.74
105.74
105.46
109.81
112.86
112.82
111.98
113.27
114.45
113.94
113.15
113.12
112.38
112.93
113.9
114.34
114.31
114.29
115.29
114.3
113.32
113.63
114.34
113.84
114.14
114.73
113.9
113.76
115.11
114.23
113.67
114.73
114.39
113.75
113.95
115.3
114.39
113.51
114.33
114.8
113.69
114.09
114.03
113.93
114.47
115.51
114.84
114.57
115.46
115.74
115.2
114.64
114.84
115.02
114.6
114.97
114.4
113.78
114.6
115.8
115.35
114.86
115.38
115.3
115.62
115.82
115.26
114.61
115.62
116.53
116.04
115.73
116.99
116.46
115.34
116.02
115.43
114.91
115.73
116.13
115.4
114.72
115.06
115.99
115.23
115.36
115.07
115.01
114.7
116.17
115.48
115.26
116.22
116.52
115.01
115.32
115.93
115.16
114.26
115.17
115.53
114.18
114.38
113.61
112.06
112.14
112.64
112.4
112.14
112.83
112.28
111.41
110.77
110.87
110.59
110.6
110.57
109.35
108.03
108.31
114.95
106.16
106.66
107.28
106.18
106.11
107.63
107.92
107.05
107.89
108.51
107.13
107.36
108.55
107.58
106.42
107.71
107.89
106.38
106.87
107.64
107.16
106.41
107.58
107.39
107.02
107.77
107.73
106.66
107.09
107.82
108.23
107.26
107.63
107.49
106.74
107.56
108.07
107.04
106.51
108.28
108.53
107.64
108.4
108.3
107.62
108.03
108.09
108.27
107.96
108.48
109.11
107.92
109.01
109.47
108.27
108.56
110.33
109.19
108.33
108.24
108.46
107.68
108.9
109.31
108.89
107.54
108.49
108.62
107.51
109
108.93
108.35
107.91
109.3
108.74
107.99
109.41
109.4
107.91
108.33
108.52
107.51
108.13
109.56
109.61
108.66
109.3
108.97
107.98
108.53
108.43
108.56
108.63
109.08
108.83
108.4
109.55
108.8
107.96
109.38
110.99
109.44
108.78
109.37
108.72
107.51
108.47
109.36
109.46
108.9
110.07
109.18
108.35
109.14
109.24
109.16
110.66
110.69
109.51
109.49
110.67
110.43
108.82
109.11
109.4
108.27
108.01
110.04
110.16
108.15
109.37
109.56
108.66
109.71
108.92
108.38
109.7
110.9
109.68
108.73
108.51
108.92
109.23
109.97
111.14
109.29
108.89
109.15
109.48
109.09
110.44
109.85
109.4
109.11
110.23
110.01
108.75
110.41
110.42
109.66
110.17
110.25
109.03
109.86
110.92
110.16
109.55
110.81
110.1
108.87
109.31
110.45
110.36
110.12
110.85
109.79
109.46
110.58
111
109.25
108.52
110.36
110.51
108.78
110.49
110.18
109.17
109.92
110.95
110.38
110.26
111.42
110.49
109.18
110.63
110.35
109.85
109.64
109.97
109.88
110.25
110.99
111.08
110.34
109.93
109.77
109.51
109.61
110.74
110.55
110.12
110.7
110.44
109.59
109.99
111.07
110.2
109.74
111.07
110.72
109.3
110.49
111.02
110.62
110.59
110.93
110.92
110.2
110.82
110.55
111.03
111.77
111.31
110.31
110.37
111.91
110.45
109.94
110.5
111.29
110.34
111
110.91
109.94
111.28
111.5
110.89
109.29
110.52
111.52
110.22
110.83
111.73
110.37
109.46
111.42
111.04
110.92
111.74
111.8
110.74
111.02
111.93
111.2
110.58
111.23
110.92
110.15
111.2
111.65
110.54
110.85
112.15
111.39
110.21
110.8
111.2
111.8
111.81
112.14
111.41
110.88
111.7
111.26
109.78
110.19
111.31
110.47
111.32
112.21
111.73
109.99
111.24
111.16
110.08
111.58
111.72
110.92
110.81
111.58
111.54
110.63
112.05
111.46
110.29
110.63
112.16
111.34
110.45
111.03
111.41
110.45
110.98
112.09
111.52
111.5
112.25
111.47
110.66
110.84
110.91
110.45
111.75
112.98
112.53
110.36
111.32
111.18
110.91
111.5
111.28
110.71
110.97
111.68
111.44
110.82
111.57
111.3
110.56
112.16
111.78
110.34
110.62
111.84
111.79
110.8
111.77
111.2
110.93
111.6
112.45
111.38
111.31
111.96
111.82
110.35
112.28
112.89
111.7
110.86
112.38
111.82
110.69
111.85
111.16
109.92
110.6
111.48
110.06
110.62
112.5
111.66
110.35
111.82
111.53
110.81
111.36
112.34
111.51
111.07
112.43
111.89
110.99
111.89
112.26
111.11
111.49
111.91
111.13
111.46
113.2
112.15
110.48
111.53
112.52
111.52
111.56
112.7
112.85
111.14
112.49
112.56
111.29
111.41
112.33
111.39
110.91
112.3
111.66
110.6
112.23
112.93
111.45
111.52
111.85
111.59
111.14
112.71
112.46
111.81
112.68
112.82
112.05
111.74
112.77
112.09
111.2
112.03
112.11
111.36
111.85
112.93
112.84
111.65
112.29
112.32
111.47
112.23
112.9
112.15
111.98
112.21
111.91
111.43
112.78
113.09
111.88
112.56
112.74
111.28
110.61
112.68
112.75
111.88
112.91
113.07
111.67
111.75
112.14
111.71
111.78
112.94
112.47
111.21
112.52
112.64
112.05
112.26
113.19
112.5
112.48
112.59
112.48
111.91
112.79
112.12
111.37
111.43
112.03
111.51
111.24
112.87
113.24
112.6
112.43
112.87
112.48
112.52
112.78
112.45
111.7
113.47
114
112.5
112.9
113.56
112.76
111.67
112.03
112.31
111.25
112.37
112.67
111.59
111.87
112.95
112.4
111.73
112.83
112.82
111.89
112.36
112.36
112.17
111.85
113.71
112.91
111.62
111.93
112.53
112.4
112.02
112.89
112.81
111.88
112.96
112.84
110.95
111.69
112.03
111.64
111.65
113.22
113.13
112.21
113.09
113.16
112.06
112.44
113.92
112.75
112.16
112.75
111.47
111.45
112.38
112.57
111.6
111.51
112.45
112.56
112.05
113.24
113.52
111.8
111.71
112.14
112.43
111.8
112.84
113.03
111.83
112.61
113.2
112.46
113.2
113.66
111.91
111.13
112.24
112.07
111.66
112.44
112.59
111.84
111.37
111.88
111.51
110.98
112.06
112.43
111.46
112.35
113.1
112.72
111.14
111.83
111.42
111.14
112.5
112.71
112.2
112.74
112.91
112.65
111.56
111.87
112.09
111.46
112.59
112.99
111.62
111.05
112.26
112.22
111.88
112.13
112.59
112.18
111.99
112.47
111.54
110.81
112.68
112.96
111.65
112.38
112.14
111.79
111.85
112.79
112.11
111.35
113.32
113.1
112.24
112.59
112.67
111.49
110.85
112.16
112.01
111
112.07
112.34
112.25
111.93
112.76
111.92
111.44
112.36
111.99
111.17
112.55
112.6
110.88
111.47
112.45
112.8
111.96
113.14
112.24
112.02
113.25
112.82
111.77
112.19
113.96
112.81
111.62
112.64
112.9
111.38
111.42
112.23
112.18
112.14
112.81
112.67
111.1
112.44
112.95
111.9
111.66
113.4
113.51
112.72
113
112.89
112.03
112.37
112.89
111.81
111.95
112.9
112.94
112.13
112.82
112.87
112.98
113.32
113.4
111.95
111.95
112.74
112.53
111.52
112.42
113.71
112.06
112.58
113.22
111.96
111.76
112.73
112.63
112.15
112.83
112.92
112.3
111.86
112.36
111.78
111.82
112.86
112.65
112.06
112.02
112.89
112.91
113.02
113
112.19
111.51
112.79
113.15
112.2
111.81
113
112.94
112.72
113.04
112.42
112.01
113.22
113.8
113.16
112.42
113.03
112.11
111.74
113.5
113.41
111.98
113
113.75
112.93
112.28
112.58
112.32
111.08
112.13
112.23
112.09
113
114.29
112.79
112.16
114
113.69
111.69
113.01
113.45
112.29
112.07
112.74
112.55
112.34
112.44
112.15
111.61
112.02
113.17
112.89
112.23
113.29
112.67
112.07
112.81
112.94
111.87
111.49
112.2
111.66
111.6
113.61
113.17
112.8
112.4
112.63
112.07
111.55
112.82
112.82
112.08
113.23
113.48
111.94
111.88
113.26
112.6
111.86
112.98
112.45
111.02
112.5
112.6
111.76
111.82
113.13
112.65
111.74
113.17
112.39
112.07
111.99
114.01
113.42
112.72
113.62
113.79
111.76
112.69
112.57
111.54
111.89
112.73
112.16
111.81
112.92
112.83
111.83
113.06
113.46
113.37
113.11
113.3
112.58
111.61
113.2
113.77
112.28
113.39
113.93
112.72
111.99
112.38
111.9
111.59
112.7
112.64
111.13
111.66
113.1
112.79
112.4
113.43
113.16
111.73
112.64
113.77
112.71
112.03
113.42
113.29
112.17
113.9
111.76
111.7
113.29
113.26
112.73
111.95
113.07
113.03
111.62
112.59
113.09
112.33
112.66
113.15
113.17
112.89
114.48
114.2
112.95
113.01
113.27
112.72
111.99
113.08
112.32
111.46
113.04
113.36
112.25
112.84
113.32
112.6
112.57
113.83
113.38
112.13
112.57
112.49
112.58
112.89
113.05
112.22
111.81
113.2
112.93
111.93
112.37
112.42
112.53
112.64
113.21
112.44
112.04
113.42
113.13
112.37
113.3
113.99
112.98
113.05
113.76
112.82
112.32
112.44
113.24
113.29
113.46
113.18
113.47
113
113.66
113.95
112.73
113.21
113.26
112.63
112.73
113.79
112.86
111.62
112.91
113.22
112.76
112.81
113.06
112.71
112.46
113.52
112.66
112.48
114.39
114.35
111.93
112.55
114.29
113.12
112.24
112.67
113.03
112.34
113.41
113.36
112.3
111.63
112.72
112.2
111.59
113.35
113.08
111.79
113.26
114.45
113.7
112.48
114.18
113.01
111.77
112.18
113.42
111.88
112.05
113.43
112.2
112.28
113.56
112.86
112.49
112.8
114.68
113.86
112.63
113.91
113.8
113.36
114.02
113.53
113.15
113.48
113.37
112.57
112.98
114.14
113.29
112.22
113.11
112.91
112.82
112.88
114.32
113.38
112.79
113.41
113.09
112.9
113.21
114.17
113.36
112.54
113.02
113.49
112.95
113.65
114.15
112.05
112.37
113.89
113.35
111.97
113.74
114.11
113.21
113.43
113.8
112.63
112.91
113.72
112.66
112.52
113.4
113.65
112.32
113.16
114.21
113.02
112.57
113.52
113.13
112.17
112.91
113.26
112.89
112.92
113.49
113.48
112.53
113.59
113.04
112.39
113.99
114.19
113.11
113.13
114.23
113.66
112.53
113.46
113.18
112.77
113.84
113.44
113.08
112.9
114.32
113.13
112.8
113.99
114.45
112.77
113.35
114.11
113.82
112.75
114.08
113.97
113.55
114.33
114.25
113.04
112.78
114.17
113.66
113.47
113.84
113.87
112.38
113.41
114.12
112.6
112.39
113.54
112.59
111.89
113.37
113.2
112.58
113.42
113.93
112.97
112.38
113.41
113.52
112.94
113.54
114.06
113.31
113.45
113.47
113.41
112.83
114.42
113.93
112.08
113.35
113.94
112.86
113.13
113.91
112.91
112.32
113.24
113.11
113.02
113.58
113.7
113.76
113.38
113.77
113.44
112.9
114.15
113.12
112.75
112.82
113.77
113.11
112.42
113.9
114.93
113.75
113.99
113.37
112.3
112.21
113.85
112.95
112.44
114.29
113.8
112.87
113.43
113.96
113.02
112.58
113.61
114.12
113.88
114.83
114.18
113.01
112.76
112.97
112.7
112.19
113.19
113.43
113.16
113.33
113.21
112.13
112.47
113.24
112.85
112.66
114.78
113.87
112.89
113.91
114.39
114.49
113.46
113.83
113.4
112.46
113.11
113.74
113.03
113.29
113.63
112.98
113.71
114.37
113.62
113.01
113.39
113.43
112.24
112.89
113.67
113.91
112.81
113.67
113.74
112.96
113.56
113.59
113.31
112.54
113.34
113.16
113.07
114.76
114.58
113.03
113.88
113.79
112.52
112.31
113.88
113.22
112.39
113.94
113.99
113.38
112.95
113.86
113.8
113.53
114.35
114.12
112.39
113.23
113.68
113.74
113.79
114.12
113.89
113.55
114.11
114.05
113.37
113.7
114.26
113.68
113.73
114.42
113.36
112.88
114.19
113.71
112.76
113.42
114.31
113.27
113.29
114.03
114.14
113.75
114.37
115.35
114.41
114.29
113.97
114.16
113.59
114.38
113.98
112.64
113.65
114.55
113.47
113.44
114.39
113.38
112.72
113.4
113.76
113.19
113.41
114.4
112.73
111.3
113.06
113.38
112.87
114.52
114.45
113.37
113.47
114.22
112.75
112.5
114.28
114.13
112.6
112.98
113.73
112.99
112.84
114.9
114.43
112.89
113.41
113.79
113.55
113.64
113.96
113.51
113.96
114.41
113.96
112.73
113.59
113.5
112.92
112.75
113.68
112.41
112
113.37
112.66
112.28
113.1
114.25
112.53
112.58
114.33
114.09
113.18
113.93
113.83
113
112.83
114.39
114.1
113.2
114.26
113.33
112.75
113.62
113.78
112.72
113.3
114.04
114.07
113.36
114.27
114.29
113.64
114.35
114.46
113.84
113.41
114.37
113.56
112.2
113.16
114.46
113.96
113.5
114.38
114.28
113.04
114.12
113.65
112.85
113.89
114.8
113.28
112.92
113.58
112.27
111.61
113.55
113.13
112.42
113.44
114.61
113.81
113.53
114.32
114.27
113.15
113.64
114.02
113.26
113.94
114.71
113.08
113.83
115.03
115.16
113.85
113.45
114.42
113.68
113.48
114.43
113.75
112.72
114.8
115.36
113.22
113.37
113.75
113.07
113.4
113.98
113.14
112.56
113.94
114.93
113.4
114.12
114.62
113.78
112.9
113.91
113.7
113.07
113.57
114.14
113.14
113.11
114.13
113.69
112.74
114.05
114.15
113.33
112.68
113.64
113.31
112.91
114.71
113.18
113.13
114.37
114.29
113.49
113.83
114.41
113.73
113.15
114.45
113.83
113.17
113.53
114.98
114.03
113.29
114.55
113.63
113.3
115.11
114.39
112.75
113.34
114.36
114.4
113.26
113.37
113.89
113.55
114.14
114.23
113.1
113.13
113.87
113
113.76
115.13
114.32
113.52
113.48
113.14
112.54
113.45
114.14
113.64
112.92
114.6
115.35
114.18
113.65
114.21
113.6
113.37
114.13
113.6
113.3
113.7
113.79
113.6
113.95
114.3
113.61
112.81
114.15
113.73
112.46
113.35
113.6
113.13
112.94
114.09
113.72
113.26
113.76
113.81
113.53
114.06
113.93
113.18
112.88
114.62
113.82
113.49
113.84
114.35
113.48
112.93
113.88
113.2
113.23
114.56
114.26
112.86
113.27
114.21
113.51
112.67
114.05
113.69
112.8
113.88
114.61
113.8
113.9
114.03
113.13
112.93
114.39
113.72
113
113.6
113.45
113.11
112.69
113.92
113.42
112.8
113.57
113.6
113.13
113.27
113.83
113.3
112.54
114.05
114.15
113.36
113.84
113.82
113.56
113.59
113.97
113.07
113.09
113.84
113.9
112.65
113.87
114.56
113.82
112.88
114.11
114.1
113.27
113.59
113.78
112.6
113.23
114.95
113.64
113.29
114.24
113.27
112.29
113.26
114.27
113.18
112.53
114.11
113.82
113.33
113.36
113.25
112.32
113.55
112.87
112.61
112.46
113.64
113.83
113.57
113.38
113.25
112.97
112.17
113.15
113.41
112.48
114.26
113.95
112.91
112.94
114.6
113.66
113.54
115.34
114.9
113.85
114.11
114.54
113.56
113.64
115.04
114.1
113.42
114.57
114.22
113.36
114.64
114.42
114.23
114.08
114.88
113.71
112.85
114.73
114.72
113.83
114.14
114.89
113.06
112.33
113.07
113.28
113.01
113.71
114.15
114.62
114.28
114.3
113
112.83
114.1
114.07
113.2
113.81
114.4
112.25
111.77
113.68
113.31
111.64
112.93
113.46
113.96
113.93
113.74
113.69
113.48
113.86
113.1
112.37
113.79
114.63
114.09
114.06
113.8
113.55
113.2
114.16
114.84
113.29
113.05
114.57
114.12
112.46
113.28
114.31
113.45
113.92
113.57
112.82
112.72
113.85
113.65
112.1
113.48
113.83
112.7
112.98
114.51
113.98
113.3
113.2
113.48
113.89
114.38
114.7
113.55
113.15
113.96
112.88
111.49
112.4
112.52
111.9
112.38
114.16
113.55
112.38
113.54
113.5
112.53
113.35
113.48
112.91
113.08
114.27
113.5
112.92
114.19
113.12
112.87
113.66
114.1
113.59
113.56
113.37
113.01
112.28
113.94
113.88
113.38
113.54
113.67
113.97
113.3
114.39
113.66
112.93
112.96
113.73
114.15
111.97
112.97
112.6
111.89
112.58
113.58
113.02
112.81
113.58
112.72
111.73
113.2
113.39
112.2
112.95
113.49
112.12
111.19
113.25
112.46
112.2
113.77
113.64
111.95
111.51
112.85
111.48
110.84
112.13
111.67
110.92
112.14
112.29
111.16
110.27
112.36
112.01
111.68
112.62
112.6
110.52
111.03
111.4
110.88
110.76
112.54
112.48
111.31
112.21
112.66
111.44
111.14
112.45
112.44
111.21
112.98
112.83
111.65
111.97
112.76
112.48
111.21
111.93
111.37
111.03
112.1
112.8
111.19
111.36
112.54
112.37
110.5
111.72
111.81
110.98
111.35
111.31
111.34
110.76
111.61
111.32
110.05
110.89
111.14
110.33
110.55
111.93
111.28
110.66
112.24
112.02
111.13
110.61
111.37
111.66
111.9
113.6
112.68
110.83
110.84
111.98
112.26
111.85
112.84
112.14
111.45
112.6
112.32
111.55
112.33
112.65
111.4
111.38
112.76
112.07
111.21
111.69
112.15
111.11
110.94
112.3
112.97
111.27
111.84
112.15
111.48
112.03
112.09
111.47
111.44
112.93
112.25
112
112.58
112.99
112.27
112.2
112.78
112.28
111.49
112.13
112.62
111.23
111.71
112.22
111.25
111.07
111.39
110.56
110
111.74
112.22
111.37
110.95
112.15
110.69
109.85
112.44
111.99
111.46
111.82
111.26
110.81
110.6
111.17
110.79
110.31
111.15
112.31
111.34
110.33
111.5
111.55
109.71
111.81
111.88
111.71
111.89
112.11
112.1
111.65
113.68
112.28
111.04
112.65
113.41
111.9
112.21
112.73
111.87
111.71
112.74
112.78
111.93
111.83
112.03
111.5
111.59
113.27
113
111.53
112.61
113.31
112.67
112.5
112.58
111.44
111.14
112.36
112.45
111.53
112.35
113.13
111.67
112.01
113.32
112.04
110.82
112.64
112.31
110.87
110.91
112.42
111.78
111.43
112.37
111.64
110.84
111.6
112.5
110.18
110.2
111.32
111.69
111.53
113.34
113.12
111.98
111.65
112.63
112.55
112.23
112.86
112.31
111.68
113.38
112.72
111.82
112.3
113.13
112.52
111.82
112.66
112.66
111.57
111.98
112.48
111.42
111.35
112.29
112.71
112.18
113.32
112.86
111.32
111.77
112.5
111.96
112.15
112.6
112.4
111.96
111.8
112.59
111.75
112.32
113.18
112.17
110.97
112.93
112.98
112.2
112.35
113.33
112.75
111.57
111.02
112.08
111.09
111.88
112.18
111.16
110.04
111.32
111.71
110.52
111.71
112.29
111.74
111.76
111.97
111.19
110.73
111.36
112.77
112.14
112.06
112.02
111.7
111.75
113.48
112.51
111.48
112.74
113.58
112.31
112.55
112.39
111.61
111.85
112.61
111.9
110.5
111.43
112.58
111.24
110.95
112.03
111.69
110.74
111.18
112.1
110.97
110.74
111.64
111.81
110.09
111.82
112.18
111.85
112.29
112.59
111.09
111.04
112.04
111.76
111.63
113.34
113.43
110.75
109.89
111.54
111.5
111.71
112.32
111.74
111.76
111.79
112.09
111.7
112.22
111.83
111.54
111.2
113.26
112.9
111.58
112.92
113.89
112.29
111.85
113.05
112.15
112.01
112.65
112.65
112.06
111.67
113.11
112.39
111.35
113.07
113.05
112.23
111.83
112.07
111.41
111.52
112.93
112.54
111
112.01
112.63
111.71
112.06
113.52
112.45
110.89
111.74
113.29
113.08
112.74
113.28
112.69
111.85
113.05
112.89
111.92
112.14
112.45
112.78
112.49
113.08
112.96
111.92
112.88
112.26
111.21
111.09
112.06
111.34
111.47
112.49
113.64
112.56
112.09
112.12
111.26
112.62
113.46
112.26
111.58
113.05
113.24
111.81
112.23
113.16
111.73
111.18
112.88
111.53
111.41
112.97
113.53
112.63
111.84
111.79
111.58
111.19
111.76
111.95
111.13
112.46
113.68
112.72
112.29
113.12
111.57
111.12
112.72
112.64
111.99
112.64
113.1
112.41
111.87
113.24
112.76
111.23
112.66
112.64
111.93
111.96
113.26
111.49
110.6
112.05
112.17
111.69
111.77
111.89
112.22
112.04
113.12
113.1
112.02
111.99
112.98
111.52
111.2
112.28
112.01
111.86
113.32
113.48
112.54
113.05
112.53
110.99
110.86
112.26
112.68
112.04
113.13
113.11
112.17
112.09
112.92
112.65
112.6
113.01
112.05
112.29
112.66
112.59
111.46
111.8
112.55
112.18
111.13
112.08
111.44
111.23
112.54
113.08
110.84
110
111.43
112.17
112.77
113.35
113.34
112.79
111.98
113.25
112.23
111.97
113.1
112.83
112.26
111.86
112.69
111.39
111.68
113.27
113.16
111.89
112.05
113.4
113.28
112.32
113.03
112.87
112.71
113.34
112.86
112.57
113.09
113.96
112.96
111.77
112.5
111.61
110.35
111.03
112
111.55
110.29
111.55
111.73
111.4
111.68
112.68
112.11
113
114.25
113.31
111.98
112.99
112.64
111.96
112.95
112.97
112.2
111.91
113.44
112.55
111.72
112.41
112.55
111.51
112.34
113.04
113.05
112.52
113.45
112.25
111.41
112.62
112.15
111.6
112.65
113.67
113.27
112.2
112.61
112.4
111.26
112.6
112.84
111.35
110.42
111.73
112.52
111.47
113.06
113.84
112.93
112.9
112.01
112.16
111.26
112.63
112.6
111.94
112.54
113.13
113.02
112.34
113.79
113.85
111.87
112.62
112.25
111.14
111.23
113.44
111.77
112.03
113.44
113.4
112.2
112.14
112.83
112.4
112.14
113.54
112.19
112.16
113.44
113.87
113.52
114.03
114.56
113.47
111.72
113.36
113.09
112.38
113.29
113.68
112.49
112.04
112.64
111.91
112.24
113.26
113.12
112.38
112.53
114.13
113.07
111.64
112.68
112.49
111.52
112.44
112.98
111.69
112.25
113.74
113.12
111.93
112.64
113.1
111.95
112.16
112.58
112.06
111.42
113.24
112.98
112.08
113.6
113.57
112.18
112.51
112.73
112.08
112.2
113.95
113.52
113.09
113.09
113.72
113.45
111.94
113.56
114.07
113.66
113.25
114.2
113.27
113.18
114.27
113.58
112.75
113.39
113.02
112.48
112.99
113.56
113.01
112.6
113.38
113
112.08
112.6
113.2
112.77
112.94
113.75
112.49
111.73
113.31
113.32
111.9
112.27
113.31
112.88
112.93
114.33
113.44
112.2
112.7
112.8
112.02
112.66
113.56
112.02
111.32
112.99
113.58
112.46
112.92
113.21
112.25
111.73
112.97
112.52
111.81
112.19
112.52
113.2
113.46
113.47
113.17
112.24
114.29
113.54
111.65
112.16
112.42
112.22
111.83
113.06
113.11
112.26
113.6
113.78
111.9
111.64
113.49
113.03
110.72
112.15
112.57
112.33
112.99
113.05
112.73
112.63
112.83
113.14
111.86
112.49
113.16
113.16
112.34
113.25
112.32
111.71
113.26
112.87
111.84
112.89
113.58
112.61
112.76
113.87
112.72
112.53
114.22
114.47
112.72
112.35
112.98
113.07
112.37
112.6
112.29
111.88
113.4
113.3
113.12
112.76
113.76
113.28
111.92
112.95
112.95
112.95
114.04
114.04
113.41
112.55
113.52
112.75
111.55
112.95
113.19
112.61
112.47
113.41
112.81
112.5
113.69
113.35
111.5
112.2
113.12
112.86
111.02
112.35
111.38
111.69
113.24
113.35
112.05
111.9
112.39
112.53
112.17
114.13
113.99
113.02
113.37
113.24
112.29
111.9
113.06
112.9
112.01
112.58
113.24
112.5
113.15
113.37
111.97
112.04
113.82
112.41
112.14
113.44
113.63
112.76
112.72
114.39
115.07
113.81
114.39
113.64
112.92
111.82
112.12
113.1
112.22
113.44
113.22
113.75
114.16
114.81
113.56
112.24
113.32
112.82
113.19
113.28
113.13
112.6
112.83
113.74
112.47
111.64
113.41
113.36
112.5
112.85
113.98
113.08
111.72
113.48
112.63
112.01
113.09
112.46
112.02
111.95
113.39
112.84
111.38
112.92
113.16
111.67
112.45
112.68
111.15
111.05
113.2
112.66
111.58
112.22
112.61
111.56
111.73
112.69
112.75
112.94
113.7
113.32
112.53
113.01
113.3
113.21
112.35
113.13
112.95
112.3
113.35
112.69
112.48
113.63
113.32
112.63
112.19
112.56
112.37
110.92
111.69
112.82
111.33
111.19
112.52
112.25
112.07
113.16
112.87
112.49
111.71
112.65
112.08
111.97
111.97
113.18
112.88
113.9
114.25
113.05
111.65
112.63
112.95
111.51
113.11
113.55
112.49
112.13
112.77
112.6
112.64
113.27
113.27
112.4
113.58
113.58
114.22
111.96
113.17
113.58
112.09
112.61
113.27
112.21
112.08
113.31
112.88
112.25
112.8
112.18
112.18
112.01
113.72
112.03
111.06
111.45
111.77
111.09
112.56
113.22
112.47
112.32
113.04
112.05
111.53
112.99
113.38
112.48
112.51
112.73
112.73
111.76
112.58
112.98
111.72
113.32
113.04
111.2
111.21
111.56
111.4
111.56
112.84
113.44
113.44
111.89
113.26
112.14
112.57
113.97
112.94
112.26
113.12
112.89
111.65
111.27
112.74
112.41
112.21
113.13
113.68
112.82
112.65
111.49
111.01
111.02
112.24
112.73
111.22
111.9
112.13
112.04
112.14
112.44
111.3
111.97
112.85
112.37
111.17
111.91
111.91
112.73
112.66
113.15
113.07
111.98
112.7
112.82
112.17
113.15
114.19
113.04
111.63
112.66
113.27
113.27
112.45
112.45
112.68
112.06
113.27
113.29
112.57
112.99
113.12
111.54
112.53
113.93
113.22
111.6
113.01
113.28
113.28
112.93
113.57
111.91
111.19
111.51
111.81
111.54
112.96
112.74
111.66
112.85
113.93
113.29
113.52
114.88
113.8
113.8
112.84
112.78
112.6
112.6
113.79
112.64
112.3
112.67
112.68
111.56
112.95
113.4
112.86
112.78
113.28
113.56
112.3
114
113.37
112.82
112.45
113.7
113.34
112.21
113.46
113.74
112.71
113.8
113.85
113.02
112.17
113.59
113.39
113.39
112.72
112.72
112.43
112.43
113.63
112.32
111.06
112.03
112.35
111.61
112.49
113.56
112.37
110.97
112.3
111.75
110.5
110.5
112.42
111.13
111.85
112.65
112.22
111.83
112.61
112.91
111.28
112.05
113.07
112.19
111.91
113.2
111.29
111.29
112.47
113.02
111.52
111.35
112.25
112.1
111.69
112.67
112.9
112.43
112.95
113.14
113.05
112.95
113.16
112.26
110.95
111.46
112.11
111.46
111.11
113.08
112.61
112.01
113.45
113.53
112.22
111.99
113.19
112.13
112.51
113.79
113.06
113.06
112.07
114.48
113.16
113.16
114.02
112.92
111.97
113.16
113.09
112.65
112.75
113.2
112.78
112.03
113.46
112.91
112.12
112.73
113.44
113.14
112.67
112.67
112.96
112.82
113.16
112.94
111.49
112.16
113.22
112.82
112.61
113.58
113.32
112.21
113.81
113.83
112.13
111.99
113.82
113.16
111.84
113.08
113.22
112.18
112.89
113.77
112.8
112.09
113.14
112.76
111.41
112.5
112.81
112.62
112.08
113.67
112.76
111.75
113.24
114.24
112.31
112.67
113.58
112
111.58
112.37
111.64
111.9
114.05
114.05
111.7
113.06
114.16
113.59
112.28
113.69
112.66
112.28
113.16
113.14
112.86
112.79
114.33
113.29
112.23
113.4
114.37
113.31
113.29
114.01
112.5
111.6
113.02
113.53
112.73
113.09
113.91
113.51
112.97
113.8
113.36
112.44
112.95
112.95
112.48
112.81
113.43
112.63
111.27
113.13
112.55
112.15
112.78
113.15
111.72
111.68
112.14
111.8
110.74
112.86
112.02
111.38
111.91
112.47
111.61
112.12
113.27
113.15
112.38
113.35
113.08
112.41
112.3
113.41
112.54
112.46
113.27
112.29
112.58
112.77
114.22
113.68
113.69
114.62
113.46
112.24
113.66
113.94
113.22
112.76
113.47
112.88
111.96
113.05
113.38
112.14
112.46
112.46
112.47
112.34
113.9
113.35
113.14
114.01
113.6
113.17
113.4
113.72
113.64
112.81
114.47
113.52
113.52
113.28
113.28
113.36
112.75
113.72
113.13
112.83
114.48
114.31
113.43
113.47
114.67
114
113.33
113.62
112.96
112.63
112.63
113.53
113.49
113.39
113.6
112.82
112.63
113.95
113.53
113.51
113.41
114.07
113.29
112
113.28
113.47
112.37
113.11
112.87
112.37
112.55
114.29
114.5
113.67
114.02
113.53
112.77
112.94
113.06
112.55
112.39
113.95
113.06
113.21
113.53
113.53
113.15
113.31
113.88
112.84
111.53
113.1
112.24
111.65
112.25
113.34
112.27
112.21
113.33
112.82
112.39
113.87
114.27
114.27
112.7
114.13
112.73
112.48
113.25
113.35
112.31
112.63
113.63
113.28
112.14
113.14
113.25
112.48
113.07
113.65
113.31
113.22
114.27
113.16
112.26
114.26
113.77
113.23
113.51
113.19
112.2
112.59
113.95
113.16
113.12
113.78
113.46
112.9
112.69
114.04
112.71
112.28
113.76
113.12
112.69
112.46
113.45
113.43
113.3
113.19
112.43
112.18
113.55
113.34
113.34
113.51
114.28
112.53
112.07
113.32
114.23
113.53
114.1
113.61
111.47
111.19
112.73
112.16
111.72
112.91
112.91
111.69
112.32
113.08
111.3
111.54
113.45
112.99
111.77
113.01
112.85
111.98
112.78
113.32
112.83
112.24
114.19
113.39
112.19
113.05
114.24
112.94
113.87
114.53
113.9
112.57
113.5
113.29
111.99
112.77
113.69
112.33
111.66
111.66
112.55
111.75
112.21
113.01
112.77
112.5
113.64
113.69
112.59
112.89
113.1
112.27
113.07
113.75
112.24
112.62
112.93
112.87
112.44
113.38
112.46
111.08
111.12
112.8
112.88
111.61
112.4
112.46
111.46
112.16
113.43
112.61
112.45
112.45
112.4
111.67
112.88
113.11
112.24
112.83
113.45
112.82
113.22
114.25
113.14
112.01
113.49
113.88
113.16
112.51
113.03
113.2
112.23
113.37
112.78
111.92
112.63
113.37
112.31
112.19
113.69
113.25
112.31
112.53
112.77
112.25
111.94
113.52
113.52
112.43
113.82
113.41
112.81
113.07
113.08
112.48
112.62
113.27
112.62
112.22
114.17
113.68
112.52
112.62
113.22
112.67
111.94
111.94
113.17
112.63
113.15
113.53
112.79
112.58
113.84
112.84
112.6
114.02
113.9
112.81
112.6
113.48
112.62
112.27
113.31
113.41
112.35
112.92
114.12
112.86
113.01
113.62
112.53
111.73
112.75
113.02
112.67
113.27
113.13
112.68
112.94
112.94
113.7
112.34
112.96
113.36
113.52
114.39
114.24
113.65
112.98
113.79
113.78
112.94
113.34
114.09
113.98
113.98
114.1
113.03
112.63
113.83
114.4
113.69
113.05
113.51
112.81
113.89
114.6
114.27
112.37
113.38
113.8
113.8
112.57
112.57
113.33
112.08
113.4
113.32
112.07
112.33
113.01
112.59
113.13
113.37
112.01
111.82
113.18
114.43
113.15
113.15
112.77
112.16
112.43
114.75
114.57
113.53
113.48
112.81
111.23
111.43
112.63
112.06
111.69
113.01
113.08
112.43
112.84
112.84
112.4
111.23
112.99
112.38
112.64
113.23
113.08
112.53
112.39
113.64
112.82
112.19
114.28
114.52
112.92
112.93
113.53
112.78
112.68
114.29
114.45
113.53
113.4
113.85
113.64
113.75
113.77
113.23
112.35
113.61
113.09
112.5
113.02
113.02
113.5
112.57
113.62
113.81
113.08
113.62
113.24
112.24
112.94
114.55
113.91
113.04
113.59
113.92
112.64
113.11
113.11
113.5
113.58
113.77
113.27
113.37
113.84
113.67
111.97
112.68
113.85
112.68
112.9
113.89
113.75
112.75
112.75
113.16
113.16
112.97
113.01
113.37
112.23
113.26
113.08
113.35
114.49
114.22
113.25
113.13
113.37
113.23
112.93
112.93
114.66
113.6
114.53
114.59
113.44
113.38
114.25
113.76
113.34
114.32
114.78
114.09
114.28
114.66
113.28
112.75
113.91
113.73
113.04
113.9
112.98
112.44
113.55
114.72
114.07
112.85
113.2
113.29
112.53
112.63
113.23
113.28
113.17
114.03
114.09
113.21
113.37
113.11
113.3
114.09
114.14
113.59
113.26
113.81
114.41
113.49
113.07
113.51
113.18
113.15
113.59
113.91
112.46
113.7
114.43
114.25
113.74
114.16
113.81
113.14
113.9
113.89
113.06
114.3
113.68
112.86
112.42
113.72
113.72
112.1
113.04
113.34
113.05
113.92
114.41
113.92
113.48
115.01
114.16
112.73
113.8
114.05
113.72
113.79
114.38
114.25
113.48
114.84
114.11
112.54
113.19
114.15
113.83
113.64
114.93
113.9
113.23
113.72
113.74
113.82
114.32
114.61
112.88
113.47
114.88
114.52
113.44
114.4
114.12
112.74
112.85
114.1
113.95
113.16
112.78
112.65
112.38
113.28
113.72
113.43
112.69
112.69
113.2
112.83
113.74
114.9
114.35
115.11
115.54
115.18
114.45
115.57
115.16
115.29
116.38
115.79
115.23
115.23
115.42
115.06
114.74
115.73
115.57
115.92
116.25
116.16
115.36
114.07
115.18
114.57
114.05
115.23
115.45
114.48
114.48
115.62
115.55
114.85
115.55
114.92
113.95
113.98
114.69
113.92
113.66
115.24
114.64
114.05
114.97
114.92
114.76
113.96
115.61
115.46
114.23
115.18
115.62
115.22
115.31
116.03
115.49
115.28
115.58
115.23
114.42
115.94
116.3
114.58
114.58
115.43
114.96
114.41
116.44
115.58
114.72
114.3
115.1
114.96
114.03
115.98
115.42
114.35
115.64
116.15
115.21
115.22
116.44
115.87
115.15
115.27
115.07
114.2
115.57
116.08
115.8
115.66
116.11
115.42
114.55
115.37
115.19
115.15
115.28
115.21
114.92
115.02
115.98
115.92
115.18
115.42
115.64
115.79
115.8
115.8
114.49
114.59
116.42
116
115.25
115.25
116.27
114.8
114.17
115.44
115.17
114.63
115.33
115.13
115.02
115.08
115.74
115.18
115.01
115.89
115.88
114.87
115.7
116.02
114.9
115.22
115.95
115.74
114.86
115.93
116.73
115.5
116.26
116.26
115.47
114.96
116.42
115.8
114.8
115.09
115.09
115.24
114.36
115.02
116.16
115.25
115.67
116.35
115.57
115.93
116.97
115.4
114.52
116.36
116.06
114.86
115.64
115.82
115.06
115.17
117.22
116.01
115.18
116.28
115.58
114.92
115.7
116.03
114.7
115.61
116.49
115.57
114.05
114.7
115.36
114.79
115.42
115.22
114.57
115.24
116.78
116.02
114.65
114.72
114.76
115
114.86
114.72
114.03
113.56
115.39
115.04
114.68
115.4
116.26
115.56
114.52
115.37
114.93
114.3
115.54
115.53
114.77
114.53
114.51
114.03
113.68
115.04
114.65
114.65
114.48
115.72
115.02
114.86
115.56
115.58
115.31
114.99
114.43
115.09
116.13
115.92
114.59
114.71
115.77
115.97
114.95
115.73
116.14
114.88
114.74
115.38
114.56
114.49
115.91
115.93
114.85
114.78
114.78
114.29
114.68
114.94
115
114.92
115.54
114.79
114.94
114.43
115.34
115.08
115
116.16
115.17
114.31
115.21
115.31
114.43
114.47
115.55
115.48
114.8
116.37
116.03
115.21
115.69
116.07
114.64
115.03
115.63
113.79
113.76
115.63
114.77
113.74
113.27
115.03
114.9
114.42
114.42
114.86
115.37
115.54
115.75
116
116
115.47
115.32
114.93
116.77
116.49
115.42
116
116.59
115.63
114.76
116.02
116.22
115.64
115.8
115.72
114.64
114.52
115.35
115
114.23
114.99
115.01
114.43
114.79
115.55
115.96
115.03
115.77
115.83
115.08
115.69
115.65
114.49
114.16
114.86
114.18
113.83
115.06
115.5
115.01
115.75
116.66
115.79
115.06
115.87
115.32
114.26
115.49
115.83
115.69
116.09
116.24
115.49
114.58
114.89
115.57
114.92
114.62
114.83
114.73
114.92
114.92
115.27
114.99
115.65
115.73
114.28
114
116.26
115.76
114.9
115.09
115.01
113.79
115.12
116.25
115.83
114.97
115.56
115.19
114.36
115.67
115.19
114.73
116.13
117.02
116.79
115.99
115.78
116.24
115.22
115.42
115.12
114.86
115.08
115.08
115.01
113.9
114.69
115.44
115.42
116.28
116.35
115.96
114.8
115.44
115
115.22
115.68
115.4
115.16
115.88
115.65
114.76
114.49
115.37
115.04
114.51
115.13
115.04
113.93
113.81
114.56
114.71
113.88
114.92
115.43
114.97
114.35
114.68
114.68
114.07
115.86
115.63
114.92
116.65
115.97
114.45
115
115.37
114.88
114.47
116.24
115.63
114.64
116.44
116.44
115.13
115.72
116.91
115.65
115.17
115.84
115.18
113.92
114.95
116.18
115.28
114.64
114.97
114.69
114.9
115.45
115.19
114.02
114.62
115.24
113.88
113.54
115.51
115.1
114.53
114.84
114.54
112.94
113.01
114.92
113.8
114.1
114.63
115.23
114.68
115.45
115.67
114.97
115.04
116.5
116.73
116.08
117.28
117.36
115.73
115.21
115.86
115.87
115.5
116.7
116.65
115.71
115.66
116.26
115.25
115.72
116.96
115.31
115.02
116.4
116.29
115.38
115.8
116.76
115.49
115.59
116.09
116.65
116.65
116.28
115.7
116.17
116.24
116.3
115.32
115.37
115.81
116.1
115.43
115.46
116.16
116.01
115.69
116.53
115.54
115.54
115.76
115.64
115.16
115.7
115.9
116.14
116.22
116.44
115.6
115.67
116.52
115.8
114.82
115.29
115.71
114.78
114.55
116.04
116.17
115.52
115.96
116.44
115.42
115.49
116.26
115.83
115.22
115.67
115.37
114.72
116.15
116.52
116.37
116.12
116.25
115.69
115.1
115.93
116.11
115.25
115.38
117.29
116.31
115.58
116.03
115.91
115.56
117.31
116.77
116.08
115.54
116.58
116.01
114.98
116.11
116.62
115.65
116.06
116.77
116.14
115.74
116.89
116.82
115.45
116.55
116.26
115.71
115.36
116.62
116.23
115.96
115.98
115.94
115.53
115.63
116.37
116.29
115.88
117.03
116.33
115.26
116.06
116.47
116.36
116.38
117.6
115.76
115.8
117.65
117.67
115.54
116.26
117.44
115.43
115.68
116.2
115.67
114.68
115.43
115.66
115.96
116.79
117.07
116.49
115.5
115.47
115.63
115.53
115.76
116.24
115.59
115.69
116.47
115.83
115.6
116.02
115.56
114.82
115.82
115.81
115.03
114.69
115.87
115.64
115.45
116.63
116.45
115.55
115.72
116.15
116.11
115.47
116.41
115.96
114.83
115.05
115.57
115.51
116.76
117.54
116.95
116.63
116.76
116.39
115.71
116.88
117.53
116.23
115.97
117.52
116.72
115.13
116.2
116.71
116.06
116.25
116.48
116
114.94
116.61
117.21
115.68
116.4
116.49
115.24
115.54
116.36
115.77
114.61
115.78
115.9
115.75
116.33
117.05
117.1
116.58
116.47
115.81
115.78
115.62
116.78
116.13
116.78
116.49
115.85
115.43
116.18
116.03
115.71
115.59
116.43
116.13
116.59
118.34
117.21
115.85
116.52
116.43
115.62
116.29
117.26
116.31
115.2
116.03
115.67
114.65
115.59
117
115.62
116.19
116.8
115.29
115.52
116.97
116.48
115.31
116.39
116.12
115.56
115.91
117.13
116.04
115.51
116.76
116.79
116.12
116.39
116.16
115.85
116.96
117.11
116.79
115.19
116.75
116.01
115.15
116.8
117.35
116.12
115.53
115.97
116.23
115.61
115.48
115.11
114.69
115.24
115.74
114.35
113.92
116.18
115.73
114.62
114.57
115.48
115.3
115.31
116.13
115.91
115.69
116.73
116.53
115.37
116.12
117.12
117.1
115.83
116.24
116.45
116.14
116.86
117.3
116.59
116.34
117.28
116.3
115.63
116.46
116.02
114.17
115.07
115.39
114.74
114.48
115.57
115.93
115.44
115.37
115.83
115.45
116.31
117.18
116.75
115.82
116.98
116.18
115.59
116.47
116.5
115.38
115.98
116.92
117.41
116.5
116.84
116.38
116.38
116.53
117.1
115.06
115.33
116.41
116.27
115.97
116.72
116.08
114.93
115.78
116.41
115.58
115.2
116.09
115.93
114.88
114.88
116.55
115.07
115.32
116.69
116.82
116.49
116.84
116.56
115.7
116.29
116.86
116.16
115.15
116.64
116.64
115.09
116.6
115.63
115.11
115.28
115.46
114.99
115.57
116.55
116.85
116.05
117.11
116.83
115.55
115.75
116.53
116.17
116.17
116.55
116.98
116.06
115.93
115.6
116.09
116.3
116.81
116.14
115.81
117.05
116.88
115.51
115.9
116.09
114.49
113.75
114.6
115.1
114.69
116.03
116.95
115.35
115.78
116.79
116.3
115.71
116.48
115.91
115.04
116.17
116.66
116.04
116.56
116.73
116.22
115.6
115.72
114.89
114.06
114.3
114.83
115.34
115.9
115.58
115.17
115.11
117.07
116.27
115.53
115.7
115.75
115.34
115.27
115.79
115.63
114.13
115.19
115.27
114.77
115.11
115.2
115.19
115
115.41
115.24
114.6
115.6
115.1
115.1
114.45
115.52
114.87
114.52
115.84
115.64