80.75
80.77
80.85
80.83
80.78
80.9
80.85
80.69
80.69
80.88
80.81
80.72
80.63
80.83
80.74
80.65
80.8
80.9
80.66
80.74
80.85
80.81
80.72
80.84
80.86
80.87
80.86
80.91
80.8
80.81
80.82
80.78
80.74
80.77
80.85
80.79
80.73
80.72
80.77
80.71
80.7
80.69
80.72
80.79
80.68
80.75
80.81
80.79
80.76
80.78
80.77
80.74
80.63
80.79
80.74
80.8
80.83
80.77
80.86

80.7
80.82
80.73
80.78
80.66
80.8
80.75
80.6
80.71
80.66
80.67
80.7
80.7
80.72
80.7
80.79
80.76
80.7
80.49
80.72
80.88
80.57
80.66
80.85
80.85
80.78
80.64
80.82
80.82
80.65
80.72
80.75
80.81
80.8
80.77
80.81
80.82
80.78
80.7
80.79
80.78
80.74
80.78
80.76
80.7
80.71
80.72
80.74
80.73
80.85
80.74
80.75
80.72
80.74
80.7
80.7
80.84
80.75
80.63

80.77
80.79
80.7
80.79
80.82
80.74
80.8
80.78
80.86
80.78
80.75
80.8
80.76
80.73
80.78
80.75
80.83
80.81
80.82
80.76
80.76
80.83
80.77
80.69
80.86
80.77
80.66
80.71
80.8
80.83
80.74
80.72
80.78
80.79
80.77
80.77
80.82
80.92
80.78
80.85
80.83
80.91
80.85
80.83
80.77
80.91
80.81
80.72
80.78
80.84
80.7
80.77
80.81
80.74
80.77
80.72
80.8
80.82
80.86

80.78
80.78
80.84
80.78
80.78
80.88
80.82
80.79
80.82
80.78
80.79
80.81
80.75
80.82
80.9
80.78
80.71
80.82
80.78
80.75
80.58
80.8
80.93
80.76
80.78
80.84
80.82
80.82
80.84
80.81
80.81
80.82
80.82
80.82
80.79
80.76
80.73
80.73
80.83
80.78
80.8
80.73
80.79
80.89
80.74
80.77
80.82
80.74
80.76
80.77
80.82
80.83
80.76
80.75
80.8
80.82
80.89
80.71
80.76

80.67
80.81
80.7
80.72
80.73
80.7
80.68
80.75
80.74
80.74
80.7
80.75
80.7
80.71
80.7
80.65
80.72
80.68
80.67
80.78
80.82
80.76
80.68
80.75
80.77
80.8
80.68
80.66
80.74
80.7
80.7
80.72
80.71
80.72
80.86
80.76
80.74
80.75
80.66
80.58
80.65
80.64
80.67
80.63
80.61
80.69
80.74
80.67
80.7
80.74
80.68
80.7
80.74
80.69
80.7
80.76
80.72
80.74
80.73

80.6
80.63
80.74
80.66
80.67
80.7
80.68
80.67
80.66
80.63
80.57
80.66
80.66
80.59
80.66
80.67
80.6
80.74
80.77
80.74
80.62
80.67
80.7
80.74
80.67
80.61
80.66
80.66
80.64
80.68
80.69
80.72
80.69
80.63
80.56
80.72
80.71
80.64
80.62
80.69
80.71
80.66
80.68
80.67
80.76
80.66
80.7
80.69
80.76
80.69
80.71
80.73
80.74
80.65
80.58
80.56
80.59
80.63
80.63

80.73
80.71
80.74
80.68
80.69
80.62
80.65
80.66
80.76
80.63
80.56
80.61
80.64
80.72
80.61
80.58
80.7
80.65
80.7
80.61
80.63
80.66
80.66
80.55
80.67
80.61
80.7
80.63
80.77
80.77
80.69
80.55
80.66
80.58
80.57
80.55
80.64
80.61
80.63
80.6
80.47
80.57
80.58
80.58
80.55
80.66
80.67
80.52
80.41
80.57
80.56
80.57
80.5
80.58
80.6
80.56
80.52
80.54
80.53

80.55
80.52
80.51
80.58
80.4
80.51
80.53
80.54
80.51
80.46
80.62
80.57
80.47
80.53
80.62
80.58
80.54
80.58
80.53
80.44
80.23
80.44
80.52
80.52
80.48
80.55
80.46
80.56
80.58
80.54
80.52
80.53
80.6
80.42
80.54
80.6
80.66
80.52
80.62
80.65
80.61
80.41
80.5
80.58
80.51
80.46
80.57
80.6
80.48
80.45
80.54
80.56
80.53
80.45
80.62
80.58
80.47
80.42
80.55

80.52
80.55
80.48
80.54
80.52
80.53
80.46
80.66
80.55
80.47
80.58
80.54
80.57
80.5
80.48
80.58
80.58
80.48
80.4
80.49
80.52
80.42
80.44
80.46
80.56
80.42
80.41
80.41
80.46
80.47
80.44
80.62
80.49
80.36
80.5
80.51
80.58
80.4
80.43
80.35
80.4
80.43
80.46
80.45
80.34
80.4
80.38
80.35
80.46
80.49
80.46
80.44
80.52
80.54
80.53
80.47
80.55
80.54
80.44

80.54
80.57
80.4
80.37
80.58
80.62
80.41
80.44
80.62
80.55
80.48
80.49
80.5
80.45
80.46
80.46
80.53
80.5
80.48
80.46
80.44
80.59
80.5
80.46
80.46
80.48
80.41
80.43
80.43
80.58
80.39
80.35
80.37
80.45
80.48
80.37
80.36
80.47
80.5
80.54
80.47
80.46
80.5
80.45
80.39
80.38
80.49
80.5
80.44
80.43
80.54
80.5
80.37
80.49
80.5
80.34
80.42
80.41
80.58

80.45
80.57
80.5
80.34
80.48
80.4
80.47
80.39
80.45
80.34
80.37
80.46
80.37
80.41
80.37
80.38
80.37
80.37
80.39
80.41
80.33
80.39
80.39
80.37
80.33
80.37
80.42
80.38
80.31
80.43
80.4
80.39
80.41
80.37
80.33
80.39
80.41
80.35
80.32
80.28
80.41
80.44
80.3
80.38
80.46
80.36
80.31
80.37
80.43
80.38
80.33
80.5
80.49
80.36
80.36
80.41
80.47
80.37
80.37

80.41
80.33
80.35
80.33
80.41
80.35
80.22
80.41
80.38
80.37
80.31
80.36
80.48
80.36
80.35
80.32
80.39
80.41
80.33
80.33
80.37
80.41
80.37
80.39
80.45
80.45
80.36
80.37
80.45
80.48
80.46
80.44
80.4
80.5
80.45
80.45
80.42
80.44
80.46
80.46
80.48
80.42
80.51
80.49
80.46
80.51
80.46
80.54
80.51
80.44
80.41
80.36
80.46
80.49
80.46
80.35
80.37
80.51
80.42

80.44
80.44
80.46
80.34
80.36
80.46
80.4
80.36
80.44
80.46
80.34
80.32
80.33
80.34
80.29
80.32
80.36
80.34
80.48
80.3
80.29
80.33
80.37
80.39
80.3
80.33
80.37
80.37
80.31
80.43
80.41
80.37
80.31
80.37
80.31
80.38
80.27
80.33
80.35
80.35
80.29
80.32
80.33
80.29
80.31
80.3
80.25
80.31
80.32
80.28
80.38
80.41
80.29
80.27
80.36
80.32
80.34
80.32
80.36

80.33
80.32
80.38
80.37
80.3
80.33
80.36
80.37
80.35
80.34
80.4
80.47
80.34
80.33
80.33
80.45
80.41
80.35
80.37
80.46
80.46
80.41
80.42
80.44
80.4
80.35
80.39
80.46
80.36
80.38
80.49
80.41
80.43
80.4
80.5
80.46
80.4
80.46
80.46
80.45
80.43
80.44
80.42
80.51
80.5
80.48
80.48
80.49
80.54
80.48
80.48
80.66
80.58
80.54
80.49
80.62
80.53
80.48
80.49

80.51
80.46
80.38
80.5
80.43
80.44
80.41
80.47
80.49
80.48
80.44
80.46
80.51
80.41
80.42
80.49
80.5
80.48
80.46
80.5
80.53
80.52
80.47
80.45
80.45
80.44
80.37
80.45
80.51
80.48
80.41
80.39
80.5
80.49
80.41
80.42
80.41
80.42
80.41
80.42
80.46
80.46
80.46
80.46
80.51
80.47
80.47
80.47
80.5
80.55
80.45
80.39
80.5
80.49
80.44
80.46
80.44
80.47
80.47

80.4
80.48
80.43
80.41
80.45
80.48
80.49
80.41
80.46
80.46
80.46
80.42
80.4
80.42
80.42
80.41
80.41
80.48
80.43
80.45
80.46
80.44
80.39
80.46
80.33
80.42
80.49
80.42
80.39
80.55
80.5
80.49
80.5
80.46
80.56
80.45
80.46
80.54
80.48
80.5
80.48
80.49
80.47
80.47
80.45
80.47
80.48
80.47
80.51
80.57
80.5
80.5
80.52
80.5
80.48
80.55
80.54
80.58
80.58

80.56
80.48
80.54
80.55
80.49
80.54
80.64
80.55
80.58
80.52
80.58
80.57
80.58
80.53
80.56
80.56
80.54
80.59
80.63
80.63
80.57
80.58
80.62
80.63
80.5
80.54
80.6
80.59
80.61
80.57
80.62
80.66
80.62
80.55
80.63
80.67
80.58
80.56
80.62
80.57
80.59
80.58
80.66
80.73
80.63
80.59
80.63
80.66
80.58
80.58
80.7
80.66
80.61
80.55
80.66
80.7
80.56
80.57
80.66

80.6
80.66
80.66
80.66
80.69
80.63
80.67
80.74
80.7
80.58
80.7
80.69
80.65
80.74
80.7
80.7
80.66
80.62
80.72
80.68
80.62
80.68
80.66
80.67
80.64
80.58
80.76
80.72
80.61
80.69
80.67
80.7
80.68
80.68
80.69
80.74
80.65
80.74
80.73
80.74
80.69
80.71
80.74
80.79
80.74
80.72
80.72
80.82
80.75
80.73
80.75
80.78
80.9
80.76
80.76
80.79
80.84
80.77
80.82

80.84
80.7
80.8
80.79
80.74
80.7
80.74
80.8
80.76
80.7
80.67
80.81
80.84
80.76
80.82
80.86
80.78
80.83
80.79
80.8
80.86
80.78
80.78
80.84
80.77
80.79
80.76
80.85
80.85
80.82
80.77
80.88
80.82
80.83
80.88
80.86
80.81
80.76
80.78
80.87
80.82
80.81
80.86
80.86
80.94
80.8
80.78
80.91
80.83
80.75
80.8
80.82
80.8
80.82
80.83
80.76
80.85
80.79
80.94

80.87
80.82
80.81
80.84
80.84
80.86
80.82
80.9
80.94
80.94
80.95
80.98
80.99
80.88
80.85
80.94
80.92
81.02
80.92
80.96
80.88
80.99
80.82
80.89
80.89
80.85
80.91
80.86
80.95
80.89
80.83
80.88
81.1
80.82
80.84
80.93
80.92
80.96
80.88
80.83
80.99
80.86
80.78
80.9
80.94
80.97
81.04
81.06
80.98
81.01
80.88
80.98
81.06
81.08
80.98
80.95
81.15
80.99
80.99

80.97
81.04
80.93
81.01
81.06
81.07
80.98
80.92
81
80.94
80.96
81
81.12
81.05
80.89
80.99
81.11
81.03
81.02
81.02
80.96
80.99
80.92
80.95
80.94
80.93
81.01
81
80.89
80.96
80.95
81.04
80.89
80.98
80.96
80.95
80.82
80.98
80.9
80.87
81.02
80.97
80.95
80.9
80.98
80.98
80.94
80.85
81.02
80.99
80.94
80.94
80.99
80.95
80.93
80.91
80.98
80.92
80.98

80.91
80.91
80.88
80.96
80.92
80.94
80.91
80.86
80.85
80.95
80.9
80.83
81
81.01
80.95
80.94
80.98
80.91
80.84
80.78
80.86
80.81
80.78
80.73
80.87
80.9
80.83
80.78
80.75
80.77
80.82
80.81
80.8
80.74
80.81
80.82
80.82
80.82
80.78
80.74
80.77
80.82
80.73
80.77
80.74
80.68
80.82
80.73
80.73
80.74
80.77
80.78
80.8
80.78
80.81
80.67
80.7
80.77
80.89

80.74
80.84
80.79
80.83
80.86
80.78
80.9
80.83
80.78
80.9
80.83
80.7
80.77
80.81
80.75
80.67
80.68
80.89
80.81
80.82
80.84
80.86
80.9
80.98
80.81
80.83
80.86
80.75
80.87
80.86
80.86
80.86
80.66
80.88
80.78
80.78
80.81
80.75
80.77
80.86
80.79
80.75
80.7
80.72
80.83
80.78
80.91
80.92
80.82
80.74
80.85
80.82
80.83
80.9
80.86
80.86
80.83
80.86
80.82

80.82
80.94
80.86
80.94
80.8
80.77
80.78
80.82
80.79
80.8
80.87
80.86
80.74
80.67
80.93
80.77
80.82
80.78
80.78
80.87
80.86
80.82
80.89
80.9
80.82
80.84
80.87
80.9
80.77
80.82
80.86
80.81
80.82
80.84
80.88
80.94
80.69
80.78
80.81
80.75
80.77
80.78
80.81
80.81
80.84
80.73
80.79
80.78
80.81
80.73
80.74
80.76
80.83
80.75
80.8
80.85
80.78
80.7
80.76

80.76
80.73
80.82
80.9
80.69
80.76
80.79
80.75
80.86
80.83
80.85
80.87
80.88
80.9
80.81
80.75
80.77
80.7
80.78
80.8
80.85
80.76
80.8
80.79
80.82
80.73
80.78
80.88
80.86
80.86
80.82
80.86
80.88
80.82
80.75
80.82
80.86
80.83
80.8
80.7
80.82
80.74
80.79
80.83
80.82
80.82
80.86
80.85
80.89
80.91
80.82
80.92
81.05
80.94
80.86
80.94
80.94
80.93
80.83

80.93
80.88
80.83
80.9
80.98
80.82
80.9
80.95
80.94
81
80.94
80.94
81.06
81.06
80.95
80.94
80.99
80.98
80.94
81.02
81.01
81.06
81
81.03
81.06
81.07
81.06
80.98
81.07
81.13
80.98
80.99
81.03
81.14
81.1
81.07
81.09
81.06
81.01
81.04
81.09
81.14
81.01
81
81.06
81.02
81.13
81.1
81.04
81.08
81.06
80.97
81.08
81.14
80.96
81.06
81
81.07
81.06

81.09
81.12
81.07
81.06
81.14
81.18
81.12
80.98
81.1
81.15
80.93
81.02
81.07
81.02
80.99
81.02
81.09
81.1
81.12
81.1
81.02
81.06
81.06
81.04
81.06
81.14
81.14
81.07
81.13
81.14
81.22
81.04
81.06
81.09
81.14
81.14
81.08
81.04
81.12
81.06
81.08
81.11
81.13
81.03
81.09
81.1
81.14
81.1
81.13
80.99
81.18
81.14
81.08
81.14
81.14
81.11
81.14
81.06
81.22

81.2
81.09
81.19
81.11
81.02
81.06
81.15
81.12
81.12
81.11
81.14
81.22
81.15
81.14
81.23
81.24
81.14
81.11
81.22
81.15
81.02
81.18
81.08
81.25
81.2
81.09
81.22
81.27
81.18
80.97
81.17
81.13
81.14
81.22
81.17
81.28
81.27
81.27
81.22
81.22
81.22
81.14
81.13
81.2
81.29
81.23
81.15
81.36
81.23
81.17
81.19
81.27
81.25
81.26
81.18
81.45
81.4
81.37
81.32

81.29
81.29
81.44
81.18
81.36
81.38
81.35
81.3
81.24
81.29
81.28
81.3
81.35
81.33
81.28
81.31
81.4
81.3
81.3
81.22
81.29
81.35
81.3
81.23
81.33
81.32
81.22
81.2
81.35
81.35
81.2
81.25
81.38
81.34
81.28
81.28
81.27
81.26
81.34
81.29
81.28
81.3
81.36
81.24
81.24
81.26
81.33
81.25
81.28
81.37
81.4
81.28
81.44
81.42
81.45
81.27
81.18
81.4
81.36

81.34
81.3
81.32
81.36
81.37
81.42
81.34
81.4
81.26
81.48
81.39
81.33
81.34
81.42
81.37
81.42
81.38
81.47
81.4
81.34
81.29
81.4
81.36
81.34
81.38
81.38
81.35
81.3
81.39
81.42
81.39
81.46
81.41
81.38
81.41
81.49
81.34
81.26
81.42
81.46
81.49
81.34
81.44
81.42
81.24
81.28
81.36
81.33
81.24
81.38
81.42
81.47
81.37
81.34
81.29
81.33
81.31
81.37
81.34

81.36
81.3
81.36
81.37
81.42
81.3
81.41
81.47
81.43
81.38
81.46
81.47
81.38
81.38
81.52
81.46
81.47
81.38
81.38
81.44
81.38
81.26
81.45
81.4
81.44
81.52
81.42
81.42
81.31
81.4
81.38
81.34
81.33
81.38
81.34
81.47
81.31
81.35
81.3
81.47
81.49
81.37
81.34
81.43
81.47
81.24
81.14
81.5
81.34
81.32
81.27
81.38
81.18
81.22
81.15
81.41
81.32
81.18
81.32

81.22
81.31
81.18
81.29
81.26
81.33
81.34
81.26
81.28
81.04
81.12
81.15
81.1
81.15
81.28
81.26
81.29
81.26
81.26
81.24
81.41
81.31
81.14
81.25
81.39
81.33
81.25
81.25
81.31
81.33
81.17
81.09
81.37
81.3
81.16
81.34
81.26
81.3
81.33
81.11
81.29
81.38
81.22
81.18
81.34
81.25
81.26
81.21
81.15
81.22
81.16
81.17
81.11
81.1
81.12
81.18
81.27
81.22
81.29

81.16
81.23
81.28
81.29
81.13
81.14
81.13
81.25
81.11
81.27
81.18
81.17
81.16
81.23
81.29
81.26
81.28
81.36
81.34
81.22
81.2
81.31
81.32
81.2
81.24
81.15
81.37
81.27
81.18
81.2
81.2
81.26
81.35
81.19
81.22
81.34
81.17
81.02
81.3
81.28
81.2
81.18
81.23
81.3
81.18
81.21
81.27
81.18
81.19
80.94
81.06
81.26
81.15
81.13
81.21
81.3
81.27
81.18
81.07

81.18
81.22
81.14
81.24
81.07
81.14
81.2
81.04
81.1
81.1
81.12
81.18
81.1
81.13
81.18
81.07
81.11
81.16
81.11
81.08
81.2
81.2
81.16
81.15
81.2
81.24
81.17
81.12
81.17
81.1
81.05
81
81.15
81.18
81.11
81.14
81.13
81.14
80.94
81.06
81.1
81.18
80.94
81.1
81.08
81.15
81.26
81
81.04
81.18
81.1
81.09
81.02
81.18
81.16
81.1
81.09
81.16
81.14

81.02
81.1
81.09
81.11
81.05
80.93
81.1
81.13
80.88
80.97
81.13
81.14
80.94
81.02
81.15
81.09
80.98
81.06
81.13
80.95
80.94
80.95
80.95
80.97
80.98
80.92
81.09
81.01
81.03
80.98
80.91
81.07
81.06
81.04
80.73
80.96
80.98
80.86
80.83
80.88
80.94
80.9
80.77
81.02
81.02
80.99
80.95
81.02
80.96
80.92
80.94
80.91
81.01
80.87
80.9
80.91
81.06
81.03
80.87

81.05
80.94
80.82
80.92
81.02
80.86
80.92
81.02
81
80.97
80.98
80.78
80.94
80.98
80.95
81.06
80.95
80.78
80.98
80.9
80.91
80.92
80.9
80.79
80.89
81.01
80.98
80.89
80.88
81.03
81.07
80.88
80.88
81.11
80.87
80.89
80.94
81.02
80.97
80.9
81.01
80.95
80.92
80.85
80.93
80.86
80.96
80.95
80.93
80.95
80.94
80.9
80.94
81.06
80.94
80.94
80.99
80.96
80.92

81.04
80.97
81
81.07
80.86
80.89
80.98
81.02
80.98
80.91
80.97
80.96
80.81
80.82
80.97
81.04
80.9
80.84
80.96
80.9
80.86
80.98
81.03
80.9
80.81
80.91
80.93
80.84
80.81
80.86
80.87
80.9
80.83
80.86
80.89
80.82
80.83
80.77
80.75
80.88
80.82
80.82
80.78
80.92
80.8
80.76
80.88
80.9
80.78
80.81
80.69
80.66
80.82
80.7
80.69
80.75
80.74
80.69
80.7

80.78
80.74
80.66
80.78
80.79
80.56
80.57
80.74
80.72
80.61
80.62
80.78
80.66
80.74
80.75
80.76
80.71
80.69
80.79
80.82
80.87
80.75
80.74
80.66
80.66
80.78
80.76
80.65
80.7
80.83
80.66
80.62
80.75
80.72
80.61
80.57
80.68
80.66
80.74
80.72
80.63
80.69
80.61
80.58
80.69
80.59
80.58
80.52
80.64
80.67
80.59
80.53
80.61
80.65
80.54
80.62
80.52
80.64
80.55

80.59
80.65
80.67
80.52
80.65
80.53
80.45
80.49
80.56
80.62
80.54
80.65
80.54
80.51
80.61
80.52
80.5
80.66
80.58
80.46
80.45
80.6
80.54
80.5
80.53
80.6
80.54
80.56
80.56
80.58
80.58
80.54
80.56
80.61
80.59
80.54
80.49
80.59
80.57
80.59
80.39
80.58
80.67
80.62
80.48
80.57
80.65
80.52
80.33
80.54
80.5
80.57
80.54
80.49
80.67
80.6
80.59
80.6
80.62

80.53
80.6
80.58
80.55
80.59
80.58
80.58
80.62
80.63
80.52
80.58
80.68
80.63
80.59
80.56
80.58
80.66
80.52
80.58
80.82
80.76
80.58
80.55
80.65
80.61
80.52
80.59
80.64
80.55
80.62
80.62
80.57
80.68
80.66
80.62
80.63
80.73
80.62
80.59
80.54
80.66
80.61
80.56
80.62
80.64
80.67
80.72
80.65
80.8
80.66
80.62
80.61
80.67
80.66
80.61
80.65
80.68
80.71
80.46

80.74
80.78
80.59
80.58
80.69
80.78
80.71
80.58
80.79
80.58
80.56
80.64
80.74
80.77
80.74
80.68
80.74
80.76
80.74
80.59
80.71
80.78
80.63
80.76
80.72
80.81
80.79
80.68
80.7
80.77
80.78
80.79
80.48
80.7
80.9
80.66
80.6
80.73
80.78
80.74
80.71
80.74
80.86
80.78
80.63
80.7
80.76
80.68
80.67
80.67
80.82
80.73
80.73
80.78
80.73
80.71
80.73
80.82
81.19

80.54
80.78
80.76
80.82
80.78
80.78
80.74
80.77
80.84
80.75
80.77
80.82
80.76
80.66
80.62
80.78
80.74
80.64
80.73
80.89
80.84
80.65
80.74
80.92
80.76
80.79
80.74
80.86
80.78
80.85
80.86
80.83
80.9
80.82
80.76
80.86
80.86
80.76
80.75
80.83
80.84
80.8
80.71
80.8
80.87
80.83
80.73
80.82
80.86
80.9
80.78
80.88
80.83
80.87
80.74
80.74
80.77
80.78
80.75

80.77
80.76
80.81
80.78
80.8
80.8
80.82
80.8
80.79
80.79
80.87
80.79
80.58
80.78
80.78
80.73
80.65
80.75
80.86
80.62
80.69
80.74
80.82
80.69
80.73
80.82
80.73
80.65
80.68
80.71
80.74
80.68
80.67
80.64
80.71
80.69
80.66
80.76
80.75
80.72
80.71
80.78
80.81
80.78
80.76
80.78
80.74
80.62
80.65
80.66
80.59
80.66
80.62
80.62
80.65
80.64
80.66
80.61
80.71

80.74
80.64
80.71
80.74
80.63
80.56
80.61
80.66
80.64
80.42
80.51
80.64
80.54
80.62
80.58
80.62
80.71
80.54
80.66
80.67
80.66
80.78
80.67
80.7
80.7
80.7
80.61
80.59
80.71
80.7
80.68
80.71
80.63
80.63
80.57
80.55
80.64
80.63
80.62
80.62
80.58
80.56
80.74
80.59
80.6
80.62
80.6
80.53
80.55
80.63
80.58
80.46
80.53
80.62
80.66
80.56
80.62
80.69
80.62

80.67
80.65
80.64
80.63
80.67
80.64
80.54
80.6
80.6
80.64
80.52
80.61
80.58
80.5
80.59
80.58
80.52
80.43
80.52
80.56
80.52
80.51
80.57
80.56
80.51
80.52
80.56
80.5
80.5
80.56
80.63
80.65
80.52
80.49
80.55
80.56
80.49
80.51
80.5
80.54
80.51
80.47
80.52
80.45
80.53
80.4
80.44
80.5
80.47
80.54
80.45
80.45
80.5
80.5
80.39
80.42
80.6
80.41
80.41

80.58
80.51
80.37
80.58
80.59
80.51
80.46
80.49
80.49
80.46
80.4
80.5
80.53
80.58
80.45
80.54
80.43
80.4
80.45
80.36
80.36
80.43
80.39
80.42
80.4
80.35
80.37
80.33
80.33
80.4
80.38
80.34
80.36
80.41
80.41
80.37
80.37
80.31
80.48
80.44
80.45
80.42
80.5
80.46
80.31
80.37
80.47
80.43
80.35
80.4
80.47
80.47
80.37
80.54
80.47
80.5
80.41
80.53
80.43

80.49
80.37
80.37
80.54
80.48
80.39
80.46
80.46
80.45
80.34
80.4
80.51
80.5
80.3
80.56
80.5
80.37
80.46
80.46
80.51
80.37
80.41
80.43
80.41
80.45
80.47
80.52
80.36
80.53
80.59
80.32
80.36
80.56
80.57
80.46
80.4
80.52
80.49
80.4
80.4
80.54
80.6
80.48
80.48
80.52
80.45
80.66
80.48
80.43
80.52
80.44
80.36
80.4
80.36
80.52
80.41
80.43
80.42
80.5

80.38
80.4
80.51
80.55
80.38
80.37
80.54
80.52
80.46
80.37
80.46
80.46
80.39
80.37
80.43
80.51
80.5
80.37
80.44
80.47
80.41
80.33
80.4
80.35
80.4
80.4
80.46
80.49
80.42
80.29
80.33
80.42
80.5
80.4
80.42
80.35
80.45
80.47
80.37
80.43
80.44
80.38
80.32
80.39
80.36
80.51
80.37
80.46
80.48
80.41
80.39
80.41
80.33
80.4
80.37
80.33
80.4
80.26
80.43

80.37
80.44
80.43
80.42
80.34
80.39
80.44
80.38
80.48
80.44
80.45
80.33
80.27
80.4
80.47
80.34
80.25
80.41
80.46
80.37
80.33
80.39
80.46
80.39
80.34
80.39
80.46
80.4
80.43
80.41
80.52
80.29
80.46
80.44
80.38
80.48
80.48
80.44
80.51
80.5
80.49
80.47
80.48
80.48
80.51
80.44
80.46
80.37
80.5
80.55
80.58
80.58
80.58
80.6
80.58
80.6
80.62
80.7
80.54

80.66
80.63
80.56
80.41
80.59
80.46
80.64
80.5
80.62
80.6
80.57
80.54
80.69
80.6
80.58
80.63
80.7
80.56
80.5
80.64
80.65
80.51
80.46
80.62
80.61
80.55
80.6
80.62
80.55
80.57
80.64
80.64
80.71
80.66
80.74
80.66
80.73
80.72
80.64
80.66
80.69
80.74
80.65
80.59
80.7
80.69
80.68
80.68
80.72
80.71
80.74
80.7
80.77
80.8
80.71
80.78
80.8
80.83
80.82

80.77
80.81
80.92
80.84
80.78
80.86
80.89
80.81
80.75
80.89
80.9
80.82
80.82
80.83
80.9
80.82
80.93
80.86
80.92
80.9
80.94
80.86
80.89
80.86
80.94
80.9
80.91
80.85
80.87
80.8
80.78
80.98
80.89
80.89
80.97
80.95
80.94
80.9
80.86
80.98
80.92
80.84
80.97
80.89
80.86
80.87
80.9
81.03
80.9
80.9
80.96
81.01
80.89
80.76
80.92
80.97
80.9
80.94
80.91

80.92
80.85
80.88
80.97
80.87
80.92
80.87
80.94
81.03
80.9
80.8
80.82
80.92
80.97
80.94
80.85
80.94
81.02
80.94
81.05
81.02
81.02
80.91
80.93
81.04
80.96
80.95
81.03
80.99
80.92
80.86
80.98
81.05
80.9
80.95
80.98
81.07
80.93
80.94
81.05
81.06
81.04
80.93
81.02
80.98
81.06
80.94
80.9
81.09
81.03
80.98
80.82
81.01
81.05
80.99
80.93
81.07
81.1
80.99

81.12
81.07
80.88
81.02
81.1
80.98
81.06
81.09
81.06
81
81
80.95
81.01
81.04
81.06
81.13
81.04
80.97
81.14
81.01
80.99
81.01
81.13
81.05
81.08
81.06
81.14
81.07
80.97
81.1
81.09
81.02
81.12
81.13
81.08
81.07
81.09
81.15
81.06
81.01
81.03
81.06
81.19
81.09
81.15
81.14
81.18
81.18
81.09
81.13
81.12
81
81.15
81.13
81.18
81.03
81.1
81.21
81.13

81.16
81.1
81.22
81.11
81.14
81.27
81.18
81.28
81.09
81.11
81.14
81.16
81.06
81.05
81.22
81.3
81.2
81.1
81.35
81.34
81.25
81.15
81.25
81.23
81.19
81.22
81.27
81.23
81.22
81.26
81.32
81.18
81.19
81.27
81.2
81.27
81.22
81.15
81.31
81.25
81.26
81.22
81.24
81.23
81.18
81.22
81.32
81.35
81.34
81.27
81.34
81.36
81.22
81.28
81.27
81.2
81.37
81.4
81.17

81.31
81.31
81.19
81.25
81.28
81.26
81.28
81.28
81.38
81.22
81.3
81.32
81.27
81.3
81.26
81.38
81.29
81.26
81.31
81.26
81.27
81.32
81.1
81.27
81.32
81.25
81.31
81.39
81.25
81.22
81.24
81.27
81.27
81.29
81.34
81.31
81.2
81.26
81.23
81.37
81.18
81.21
81.28
81.28
81.28
81.23
81.24
81.27
81.29
81.34
81.24
81.27
81.42
81.39
81.25
81.2
81.34
81.14
81.17

81.33
81.26
81.34
81.25
81.4
81.26
81.27
81.26
81.27
81.11
81.14
81.22
81.25
81.28
81.17
81.15
81.27
81.2
81.12
81.14
81.24
81.18
81.16
81.2
81.26
81.27
81.17
81.13
81.16
81.25
81.21
81.2
81.22
81.27
81.22
81.09
81.18
81.14
81.21
81.08
81.12
81.24
81.26
81.02
81.11
81.11
81.14
80.95
81.09
81.09
81.08
81.04
81.05
81.07
81.02
81.03
81.07
81.14
81.02

80.97
81.02
80.98
81.03
81.1
80.99
81.02
81.02
81.1
80.89
81.06
81
80.9
80.98
81.06
80.98
80.92
80.99
80.9
80.98
80.9
81.07
80.99
80.94
80.87
80.96
80.92
80.86
80.97
80.9
81.01
80.98
81
81
80.95
81.18
80.96
80.94
81
81.04
80.99
80.91
81.08
80.98
80.9
80.91
81.08
81.02
81.02
80.9
80.99
81.07
80.91
80.98
81.04
81.02
80.98
81.02
81.08

81.03
80.97
81.1
80.98
81.09
80.94
81.1
80.94
81.11
81.04
81
81.06
81.06
81.04
81.09
81.07
80.98
80.94
81.05
81.14
80.95
80.94
81.02
81.08
81.07
80.79
81.02
81.09
80.99
81.03
81.05
81.11
80.99
81.03
80.99
81.06
80.99
80.96
81.07
81.08
80.98
81
81.03
81.05
81
81.01
80.96
80.99
81.07
81
81.01
81.02
81.05
81.05
80.94
81
81.07
80.95
81.01

81.05
81.04
81.02
81.02
81.06
81.01
80.95
81.08
81.02
81.01
81.04
80.97
80.98
81.06
80.99
80.98
80.99
81.07
80.93
80.9
81.01
81.02
80.83
81.1
81.02
80.95
80.84
80.98
80.98
80.98
80.9
80.96
81.03
80.97
80.91
80.93
81.06
81.13
80.9
81.12
81.09
81.06
80.98
80.99
81.02
81.1
80.99
81.1
81.09
81.12
81
81.09
81.07
81.08
81.03
81.05
81.11
81.06
81.06

81.02
81.07
80.98
81.02
81.07
81.12
81.01
81.03
81.02
81.04
81.1
81.05
80.96
81.12
81.09
81.09
81.06
81.1
81.19
81.19
81.02
81.22
81.1
81.11
81.12
81.22
81.15
80.96
81.07
81.17
81.03
81.1
81.03
81.14
81.09
80.96
81.18
81.09
80.91
80.96
81.14
81.11
80.98
80.96
81.04
81.16
81.12
81.1
81.21
81.21
81.16
81.12
81.09
81.09
81.08
80.97
81.12
81.06
80.94

80.98
81.18
80.9
81.05
81.06
81.17
80.85
81.03
81.14
81.04
81
80.98
81.12

66.25
66.27
66.32
66.29
66.32
66.27
66.24
66.32
66.23
66.33
66.29
66.24
66.28
66.29
66.29
66.28
66.28
66.32
66.33
66.29
66.31
66.38
66.4
66.39
66.41
66.34
66.36
66.4
66.38
66.4
66.4
66.33
66.33
66.43
66.42
66.34
66.42
66.37
66.38
66.33
66.32
66.3
66.28
66.33
66.36
66.32
66.34
66.32
66.37
66.39
66.39
66.36
66.38
66.44
66.38
66.36
66.4
66.36
66.37

66.44
66.44
66.37
66.43
66.4
66.32
66.38
66.41
66.42
66.37
66.43
66.44
66.33
66.35
66.4
66.41
66.43
66.33
66.36
66.34
66.31
66.29
66.27
66.29
66.3
66.32
66.27
66.33
66.32
66.4
66.32
66.37
66.34
66.38
66.35
66.36
66.32
66.3
66.32
66.32
66.33
66.27
66.28
66.31
66.34
66.33
66.32
66.36
66.36
66.34
66.35
66.32
66.33
66.29
66.32
66.36
66.42
66.4
66.34

66.27
66.3
66.32
66.36
66.32
66.34
66.32
66.29
66.29
66.31
66.27
66.29
66.31
66.33
66.33
66.3
66.31
66.29
66.35
66.32
66.3
66.35
66.32
66.33
66.31
66.27
66.27
66.24
66.3
66.31
66.28
66.27
66.29
66.25
66.23
66.29
66.26
66.26
66.3
66.31
66.23
66.25
66.2
66.25
66.19
66.22
66.27
66.23
66.19
66.19
66.16
66.15
66.15
66.15
66.14
66.11
66.12
66.09
66.07

66.06
66.11
66.01
66.11
66.03
66.07
66.06
66.1
66.2
66.14
66.07
66.18
66.19
66.19
66.15
66.11
66.16
66.19
66.11
66.16
66.1
66.19
66.23
66.19
66.12
66.15
66.12
66.15
66.27
66.24
66.12
66.14
66.08
66.2
66.13
66.16
66.23
66.18
66.12
66.17
66.17
66.26
66.17
66.2
66.21
66.23
66.19
66.27
66.19
66.22
66.2
66.19
66.24
66.11
66.23
66.37
66.27
66.25
66.23

66.27
66.28
66.23
66.26
66.24
66.27
66.22
66.23
66.23
66.15
66.32
66.26
66.19
66.17
66.24
66.2
66.11
66.21
66.94
66.39
66.15
66.28
66.29
66.15
66.26
66.34
66.36
66.26
66.21
66.16
66.17
66.2
66.27
66.26
66.21
66.16
66.31
66.24
66.19
66.19
66.21
66.27
66.19
66.26
66.28
66.2
66.19
66.21
66.19
66.21
66.19
66.27
66.23
66.17
66.21
66.11
66.19
66.19
66.14

66.19
66.25
66.23
66.22
66.28
66.22
66.23
66.19
66.2
66.27
66.27
66.25
66.29
66.27
66.3
66.29
66.33
66.31
66.33
66.29
66.28
66.27
66.31
66.31
66.21
66.23
66.28
66.26
66.27
66.31
66.22
66.25
66.25
66.32
66.24
66.26
66.29
66.27
66.31
66.32
66.28
66.34
66.26
66.26
66.3
66.37
66.34
66.24
66.27
66.31
66.35
66.34
66.31
66.25
66.32
66.25
66.27
66.23
66.22

66.28
66.17
66.2
66.29
66.17
66.15
66.2
66.16
66.11
66.12
66.19
66.27
66.12
66.25
66.34
66.29
66.44
66.31
66.36
66.19
66.29
66.38
66.36
66.27
66.24
66.42
66.42
66.07
66.27
66.4
66.45
66.27
66.44
66.64
66.47
66.52
66.69
66.6
66.64
66.79
66.88
66.93
67.03
67.17
67.02
67.06
67.11
67.18
67.11
67.14
67.24
67.37
67.46
67.47
67.5
67.52
67.51
67.53
67.57

67.5
67.68
67.64
67.69
67.76
67.73
67.93
67.84
67.79
67.85
67.81
67.81
67.85
67.87
67.84
67.89
67.89
67.9
67.9
67.92
67.89
67.99
67.97
67.98
68.01
67.94
68.01
68.3
68.25
68
68.04
68.05
68.01
68.05
68.02
68.04
68.03
68.12
68.14
68.05
68.13
68.21
68.24
68.15
68.1
68.17
68.16
68.16
68.21
68.2
68.21
68.18
68.27
68.25
68.13
68.19
68.18
68.12
68.16

68.25
68.22
68.19
68.2
68.24
68.19
68.22
68.33
68.2
68.23
68.23
68.25
68.21
68.05
68.2
68.21
68.2
68.29
68.28
68.23
68.19
68.22
68.2
68.19
68.18
68.17
68.16
68.2
68.2
68.28
68.13
68.16
68.26
68.22
68.15
68.23
68.35
68.19
68.2
68.24
68.21
68.21
68.13
68.21
68.2
68.09
68.11
68.18
68.09
68.13
68.16
68.23
68.09
68.15
68.18
68.2
68.18
68.18
68.22

68.11
68.24
68.26
68.06
68.17
68.26
68.29
68.25
68.24
68.21
68.18
68.18
68.21
68.17
68.06
68.21
68.2
68.09
68.06
68.13
68.14
68.14
68.11
68.13
68.05
68.1
68.17
68.09
68.1
68.13
68.21
68.12
68.11
68.2
68.13
68.09
68.23
68.1
68.08
68.05
68.05
68.1
68.11
68.1
68.07
68.09
68.18
68.12
68.17
68.08
68.07
68.11
68.18
68.19
68.12
68.17
68.13
68.09
68.18

68.15
68.03
68.06
68.19
68.03
68.05
68.08
68.13
68.13
67.99
68.17
68.11
68.03
68.09
68.08
68.09
68.09
68.05
68.1
68.11
68.07
68.1
68.17
68.12
68.18
68.01
68.1
68.11
68.08
68.17
68.11
68.19
68.07
68.09
68.13
68.02
68.03
68.07
68.12
68.07
68
68.17
68.15
68.02
68.04
68.07
68.09
67.75
68.15
68.18
68.02
68.02
68.03
68.11
67.97
68.06
68.14
68.01
68.05

68.05
68.07
68.05
68.01
68.1
68.11
68.04
68.05
67.93
68.09
68.1
67.99
68.04
68.07
68
68.01
67.92
68.03
67.96
67.94
68.06
68.07
68.01
68
68.01
68.06
67.92
68.07
68.09
68.08
68.06
68.01
68.05
68.03
67.92
68.09
68.08
68.01
68.02
67.98
68.07
67.96
67.95
68.04
68.04
67.97
68.02
68.06
68.02
68.07
68.09
68.05
67.97
67.9
68.06
67.99
68
68.05
68

68.08
68.02
68.1
68.2
68.07
68.03
68.04
68.09
67.93
68.15
68.17
68.05
67.95
68.01
67.89
68.08
68.02
68.09
68.28
68.13
68
68.05
68.03
67.97
67.94
68.05
68.09
68.11
68.07
68
67.97
67.91
68.04
67.99
67.97
67.89
67.91
67.98
67.83
67.92
68.01
68.01
67.89
67.97
68.04
68
67.93
68.01
68
67.85
67.85
67.97
67.95
67.83
67.89
67.93
67.93
67.91
67.95

67.96
67.93
67.99
67.97
67.97
67.94
67.95
67.96
67.82
67.87
67.97
67.85
67.91
67.94
67.94
67.93
67.93
67.97
67.88
67.85
67.92
67.9
67.89
67.93
67.98
67.94
67.9
67.95
67.95
67.98
67.89
67.96
68
68.03
67.98
68.03
68.05
67.9
67.93
67.99
67.88
67.89
67.9
67.95
67.97
67.94
67.93
67.97
67.99
67.99
67.96
67.92
67.96
68.03
68.01
67.94
67.96
67.97
67.93

67.93
68
67.93
67.97
68.05
68.03
67.96
67.95
67.98
67.97
67.93
68.05
68.02
67.9
67.97
67.96
67.9
67.85
67.97
67.97
67.96
67.97
68.04
68.03
68.01
67.93
68.05
68.01
67.92
67.98
68.01
67.97
67.97
67.97
67.99
67.89
67.85
67.93
67.95
67.89
67.97
67.98
67.9
67.97
68.03
67.93
67.91
67.97
67.98
67.91
67.93
68.01
67.94
67.95
67.97
68.01
67.96
67.94
67.97

67.93
67.93
67.95
67.92
67.99
67.91
67.97
68
67.97
67.96
67.97
67.9
67.85
67.85
67.95
67.93
67.9
67.88
67.89
67.94
67.9
67.96
68.03
67.89
67.9
67.97
67.97
67.91
67.95
68
67.99
67.88
68.04
67.93
67.99
67.96
67.9
67.98
67.89
67.86
67.93
67.97
67.9
67.86
67.88
67.87
67.95
67.86
68
67.88
67.85
67.81
67.8
67.83
67.78
67.81
67.81
67.84
67.85

67.88
67.86
67.89
67.91
68.04
67.97
67.86
68.01
67.99
67.96
67.97
67.95
67.97
67.91
67.85
67.93
67.97
67.83
67.93
67.98
67.93
67.96
67.98
67.93
68.01
68.08
67.96
68.01
68.04
67.92
68
68.08
67.89
67.98
67.99
67.97
68.05
68.01
68
68.01
67.96
67.94
67.99
67.97
68.05
68.09
68.01
67.99
67.87
68.05
68.02
67.93
67.97
67.99
68.1
67.97
68.08
68.08
67.99

67.8
67.92
67.97
67.92
67.93
68.02
68
67.99
68.06
68.09
67.86
68.03
68.03
68.05
67.97
68.03
68
67.76
67.93
67.96
68.05
68.01
68.09
68.17
68.04
67.97
68.08
67.97
68.01
67.93
68.04
68
67.95
67.86
68.13
68.15
68.02
67.98
68.09
67.92
68.01
68.04
67.93
67.85
67.95
68.17
68.09
67.89
68.06
68.11
67.88
67.81
67.94
68.01
67.87
67.86
67.97
68.01
67.93

67.93
68.15
68.05
67.96
67.9
67.89
67.93
67.98
67.93
67.8
67.96
68
67.97
68
68
67.97
67.97
67.92
68
67.93
67.97
67.82
67.85
67.87
67.9
67.87
67.87
67.85
67.94
67.81
67.97
67.91
67.92
68.06
67.96
68.01
67.98
68.02
67.98
67.9
67.97
67.91
67.96
67.94
67.93
68.01
67.83
67.97
68
67.94
67.97
67.89
67.93
67.93
67.93
67.86
67.93
67.82
67.94

67.85
67.86
67.84
67.78
67.81
67.81
67.93
67.94
67.88
67.85
67.89
67.97
67.89
67.88
67.96
67.93
67.97
68.09
67.99
67.88
67.89
67.93
67.97
67.9
67.85
67.97
67.91
67.97
68.03
67.93
67.9
67.95
67.89
67.89
67.82
67.89
67.85
67.82
67.83
67.79
67.76
67.74
67.76
67.79
67.83
67.78
67.75
67.89
67.83
67.8
67.75
67.77
67.79
67.83
67.77
67.84
67.73
67.74
67.85

67.77
67.8
67.76
67.77
67.59
67.77
67.78
67.73
67.76
67.73
67.8
67.77
67.81
67.81
67.73
67.77
67.81
67.84
67.78
67.76
67.93
67.89
67.69
67.77
67.77
67.85
67.76
67.73
67.81
67.77
67.8
67.79
67.92
67.82
67.81
67.85
67.87
67.84
67.81
67.85
67.85
67.82
67.86
67.94
67.87
67.8
67.93
67.77
67.77
67.87
67.83
67.85
67.71
67.81
67.88
67.73
67.88
67.93
67.92

67.88
67.95
67.89
67.81
67.98
68.01
67.97
68.01
68.03
67.95
67.92
68.01
67.97
68.01
67.89
68.04
68.05
67.97
67.98
68.05
68.17
68
68.09
68.17
68.07
68.05
68.07
68.18
68.05
68
68.02
68.09
68.12
68.04
68.09
68.09
68.13
68.1
68.02
67.99
68.17
68.13
67.99
68.08
68.21
68.22
68.08
68.09
68.17
68.09
68.08
68.01
68.09
68.06
67.99
68.17
68.06
68.07
68.04

68.05
67.94
68.09
68.09
68.01
68.01
68.11
68.12
68.07
68.08
68.17
68.07
68.08
68.08
68.03
68.07
68.03
68.11
68.05
68.05
68.04
68.04
68.05
68.03
68.02
67.98
68.03
68.05
67.99
68.01
68.06
68.13
68.01
68.01
68.06
68.01
67.97
68.05
68.06
68.02
67.99
68.04
68.07
68.06
68.01
68.08
68.09
68
68.12
68.21
68.04
68.08
68.09
68.09
68.05
68.02
68.12
68.09
68.09

68.04
68.06
67.93
68.09
68.05
68.01
68.02
67.98
68.08
68.01
68.01
67.98
68.06
67.98
67.93
67.93
67.97
68
68
68.03
68.03
68.06
68.05
68.01
68.01
68.14
67.96
68.03
68.11
68.05
67.92
68.06
68.04
68.03
67.95
67.97
68.02
67.97
67.98
68.11
67.98
67.99
67.93
68.03
68.07
68.06
68.06
67.97
67.88
67.97
68.01
68.01
67.86
67.97
68
68.02
67.95
68.01
68.11

67.99
68.12
68
67.93
68.03
68.06
68.08
68.01
68
68.15
68.13
68.09
68.14
68.02
68.13
68.07
68.05
68.09
68.05
67.98
68.07
67.99
68.03
68.03
67.99
67.98
68.02
67.92
67.99
68.07
68.08
68.05
68.05
68.08
68.14
68.02
68.17
68.1
68.11
68
68.13
68.13
68.01
68.11
68.09
68.07
68.08
68.1
68.15
68.1
68.14
68.06
68.15
68.09
68.17
68.22
68.09
68.02
67.98

68.16
67.98
68.12
68.14
68.01
68.12
68.09
68.11
68.14
68.14
68.18
68.08
68.11
68.2
68.21
68.14
68.13
68.13
68.16
68.09
68.1
68.11
68.2
68.15
68.2
68.18
68.16
68.17
68.07
68.11
68.15
68.13
68.11
68.13
68.12
68.09
68.08
68.14
68.05
68.15
68.15
68.16
68.12
68.17
68.27
68.12
68.11
68.06
68.06
68.06
68.01
68.09
68.11
68.13
68.09
68.09
68.13
68.09
68.09

68.02
68.06
68.11
68.17
68.11
68.11
68.11
68.17
68.13
68.14
68.12
68.2
68.16
68.12
68.19
68.1
68
68.12
68.15
68.04
68.02
68.17
68.15
68.09
68.08
68.12
68.13
68.09
68.22
68.19
68.08
68.05
68.18
68.26
68.09
68.31
68.35
68.43
68.4
68.49
68.62
68.63
68.66
68.81
68.99
68.98
69.07
69.23
69.18
69.16
69.23
69.26
69.28
69.33
69.38
69.4
69.43
69.51
69.51

69.54
69.55
69.58
69.64
69.71
69.64
69.56
69.61
69.7
69.68
69.59
69.75
69.75
69.69
69.59
69.78
69.67
69.67
69.78
69.82
69.81
69.8
69.89
69.95
69.87
69.89
69.9
69.8
69.78
69.78
69.82
69.84
69.79
69.84
69.85
69.89
69.86
69.96
69.96
69.81
69.89
69.93
69.95
69.95
69.93
70.03
69.92
69.87
69.9
69.85
70.03
69.91
69.84
69.92
69.91
69.91
69.96
69.96
70

69.87
69.89
69.95
70.04
70.01
69.94
69.98
69.93
69.94
69.86
69.87
69.99
69.86
69.9
69.99
69.97
69.93
69.92
69.95
69.94
69.95
70.03
69.92
69.98
69.94
70
69.99
69.87
70
70.04
69.99
70.03
70.02
69.96
69.96
69.96
70.03
69.97
69.95
70
69.89
69.98
70
69.94
70
70.02
69.95
69.94
69.96
69.99
69.98
69.94
69.94
69.94
69.92
69.88
69.91
69.94
69.93

69.95
69.95
69.9
69.96
70
69.83
69.95
69.89
69.88
69.86
69.86
69.9
69.91
69.87
69.9
69.91
69.86
69.86
69.93
69.95
69.83
69.86
69.89
69.84
69.91
69.89
69.96
69.87
69.87
69.83
69.87
69.89
69.79
69.87
69.87
69.85
69.86
69.96
69.91
69.85
69.94
69.84
69.87
69.9
69.93
69.87
69.74
69.82
69.86
69.8
69.79
69.83
69.89
69.77
69.82
69.83
69.87
69.82
69.83

69.71
69.78
69.75
69.79
69.74
69.75
69.63
69.65
69.71
69.77
69.63
69.63
69.75
69.75
69.67
69.67
69.73
69.67
69.64
69.75
69.68
69.7
69.71
69.63
69.59
69.7
69.63
69.66
69.69
69.71
69.67
69.67
69.68
69.64
69.64
69.59
69.59
69.65
69.64
69.67
69.67
69.63
69.6
69.7
69.75
69.67
69.65
69.72
69.73
69.68
69.67
69.75
69.67
69.65
69.68
69.77
69.71
69.65
69.65

69.65
69.58
69.65
69.66
69.64
69.68
69.7
69.75
69.67
69.64
69.66
69.65
69.66
69.69
69.69
69.83
69.74
69.71
69.77
69.73
69.77
69.69
69.79
69.79
69.74
69.67
69.75
69.79
69.71
69.58
69.67
69.73
69.7
69.62
69.77
69.75
69.66
69.67
69.71
69.67
69.65
69.63
69.61
69.65
69.59
69.63
69.64
69.59
69.59
69.71
69.63
69.59
69.57
69.55
69.63
69.63
69.59
69.47
69.67

69.57
69.51
69.53
69.56
69.55
69.51
69.58
69.56
69.53
69.54
69.66
69.6
69.59
69.55
69.57
69.51
69.45
69.47
69.58
69.59
69.57
69.52
69.58
69.54
69.57
69.58
69.61
69.61
69.49
69.43
69.52
69.51
69.51
69.59
69.62
69.6
69.51
69.52
69.58
69.52
69.52
69.52
69.64
69.61
69.54
69.52
69.56
69.56
69.53
69.49
69.53
69.49
69.53
69.53
69.53
69.56
69.48
69.55
69.57

69.59
69.63
69.59
69.57
69.59
69.54
69.61
69.63
69.59
69.59
69.59
69.56
69.55
69.63
69.65
69.66
69.58
69.59
69.6
69.63
69.55
69.63
69.7
69.54
69.55
69.61
69.63
69.55
69.49
69.53
69.67
69.65
69.63
69.63
69.67
69.64
69.62
69.71
69.7
69.66
69.59
69.59
69.62
69.61
69.57
69.62
69.6
69.62
69.52
69.58
69.62
69.59
69.55
69.55
69.61
69.58
69.51
69.55
69.62

69.55
69.68
69.63
69.61
69.55
69.59
69.6
69.51
69.51
69.6
69.63
69.63
69.52
69.51
69.62
69.62
69.58
69.62
69.65
69.58
69.59
69.63
69.59
69.59
69.61
69.59
69.63
69.61
69.7
69.64
69.68
69.59
69.55
69.56
69.62
69.54
69.59
69.62
69.64
69.49
69.53
69.58
69.6
69.53
69.56
69.66
69.64
69.58
69.6
69.59
69.59
69.51
69.53
69.56
69.62
69.61
69.56
69.62
69.63

69.55
69.55
69.69
69.64
69.56
69.63
69.65
69.56
69.54
69.53
69.63
69.55
69.59
69.55
69.56
69.55
69.56
69.58
69.6
69.47
69.43
69.58
69.59
69.57
69.59
69.63
69.59
69.55
69.59
69.63
69.62
69.48
69.59
69.65
69.72
69.71
69.67
69.75
69.72
69.66
69.61
69.66
69.69
69.66
69.6
69.66
69.74
69.66
69.73
69.77
69.78
69.8
69.78
69.82
69.77
69.72
69.86
69.96
69.89

69.85
69.92
69.92
69.91
69.92
69.97
70
69.95
70.03
70.04
70.04
69.95
69.91
70
70.04
70.03
70.07
70.07
70.06
70.07
70.07
70.15
70.09
70.04
70.17
70.11
70.11
70.09
70.15
70.26
70.15
70.03
70.17
70.25
70.25
70.23
70.24
70.23
70.18
70.22
70.27
70.32
70.22
70.14
70.32
70.34
70.25
70.18
70.26
70.3
70.24
70.31
70.26
70.31
70.23
70.25
70.23
70.27
70.17

70.28
70.38
70.36
70.3
70.33
70.34
70.4
70.28
70.32
70.34
70.3
70.31
70.39
70.39
70.27
70.35
70.42
70.36
70.29
70.31
70.4
70.35
70.34
70.32
70.4
70.3
70.31
70.34
70.45
70.37
70.35
70.35
70.41
70.34
70.32
70.35
70.32
70.31
70.27
70.28
70.34
70.32
70.36
70.32
70.31
70.27
70.27
70.23
70.31
70.25
70.23
70.23
70.19
70.22
70.18
70.22
70.24
70.18
70.19

70.35
70.25
70.21
70.26
70.23
70.25
70.35
70.4
70.44
70.4
70.42
70.55
70.6
70.68
70.69
70.76
70.89
70.96
70.94
71.01
71.1
71.17
71.18
71.24
71.29
71.29
71.25
71.33
71.35
71.33
71.37
71.39
71.45
71.44
71.46
71.63
71.56
71.44
71.45
71.56
71.61
71.53
71.45
71.55
71.61
71.63
71.68
71.69
71.66
71.61
71.69
71.76
71.66
71.65
71.73
71.78
71.8
71.75
71.73

71.81
71.84
71.89
71.88
71.84
71.84
71.79
71.85
71.84
71.79
71.86
71.92
71.91
71.93
71.92
71.92
71.97
71.89
71.93
72.03
71.97
71.93
71.98
72.01
71.96
71.98
72.01
72.14
72.02
71.97
72.09
72.07
72.01
71.99
72.07
72.03
72.01
72.09
72.15
72.13
72.13
72.09
72.13
72.1
72.13
72.04
72.09
72.17
72.1
72.08
72.1
72.18
72.24
72.17
72.21
72.19
72.26
72.27
72.4

72.35
72.33
72.44
72.46
72.42
72.47
72.59
72.57
72.59
72.56
72.66
72.73
72.62
72.66
72.81
72.79
72.68
72.7
72.9
72.92
72.86
72.94
72.94
72.97
73.03
73.1
73.11
73.11
73.11
73.2
73.23
73.22
73.28
73.32
73.35
73.36
73.27
73.41
73.51
73.43
73.43
73.48
73.59
73.77
73.59
73.59
73.68
73.71
73.73
73.78
73.75
73.84
73.79
73.8
74.01
73.95
73.89
74.02
73.99

74.04
74.15
74.17
74.11
74.14
74.07
74.23
74.23
74.27
74.31
74.32
74.32
74.31
74.34
74.36
74.39
74.48
74.4
74.48
74.44
74.48
74.62
74.66
74.51
74.56
74.69
74.77
74.76
74.89
74.82
74.81
74.85
74.84
74.84
74.94
74.89
74.84
74.9
74.97
75
75.03
75.13
75.14
75.04
75.14
75.24
75.16
75.12
75.1
75.25
75.23
75.2
75.28
75.27
75.35
75.29
75.4
75.45
75.41

75.49
75.57
75.49
75.47
75.55
75.56
75.49
75.48
75.58
75.58
75.58
75.62
75.71
75.72
75.72
75.81
75.88
75.89
75.95
75.95
75.97
75.94
75.94
75.97
76.05
76.01
76.05
76.04
76.09
76.1
76.08
76.15
76.2
76.17
76.2
76.2
76.26
76.22
76.19
76.32
76.36
76.33
76.35
76.5
76.5
76.46
76.38
76.55
76.5
76.5
76.46
76.55
76.56
76.58
76.62
76.62
76.7
76.66
76.78

76.82
76.71
76.81
76.82
76.83
76.86
76.82
76.78
76.78
76.78
76.82
76.86
76.83
76.84
76.89
76.93
76.87
76.86
76.88
77
76.98
76.83
76.78
76.98
76.98
76.98
76.94
77.04
76.98
76.96
76.98
77.03
76.99
76.93
76.96
76.96
76.96
76.93
76.98
76.94
76.95
76.98
77.1
77.03
76.87
76.94
77.01
77.02
76.97
76.96
76.99
77.01
77.05
77.1
77.06
77.09
76.92
77.13
77.08

77.02
77.06
77.11
77.01
77.05
77.12
77.06
77.07
77.02
77.02
77.16
77.13
77.05
77.03
77.09
77.09
76.94
77.06
77.21
77.02
76.98
77.2
77.29
77.18
77.12
77.25
77.22
77.11
77.12
77.23
77.32
77.06
77.18
77.27
77.17
77.11
77.26
77.37
77.29
77.22
77.34
77.24
77.26
77.27
77.4
77.45
77.3
77.27
77.4
77.24
77.3
77.38
77.33
77.33
77.34
77.35
77.43
77.37
77.37

77.41
77.51
77.47
77.39
77.44
77.51
77.41
77.35
77.47
77.6
77.38
77.51
77.44
77.49
77.52
77.47
77.55
77.53
77.55
77.47
77.55
77.54
77.55
77.58
77.66
77.62
77.67
77.62
77.69
77.71
77.62
77.63
77.73
77.82
77.69
77.68
77.81
77.8
77.75
77.79
77.96
77.85
77.79
77.83
77.87
77.75
77.83
77.91
77.9
77.8
77.85
78.05
77.94
77.91
77.91
77.98
78.03
77.99
77.97

78.08
77.93
77.99
78.1
78.12
78.02
78.06
78.19
78.15
78.1
78.2
78.34
78.19
78.14
78.31
78.23
78.1
78.07
78.17
78.27
78.22
78.21
78.26
78.29
78.25
78.17
78.3
78.37
78.21
78.31
78.37
78.43
78.33
78.27
78.31
78.23
78.46
78.39
78.43
78.4
78.35
78.39
78.46
78.43
78.35
78.39
78.44
78.38
78.35
78.35
78.38
78.36
78.35
78.4
78.57
78.44
78.49
78.52
78.54

78.5
78.58
78.51
78.52
78.53
78.6
78.63
78.48
78.51
78.56
78.56
78.61
78.61
78.68
78.72
78.6
78.56
78.46
78.63
78.57
78.48
78.69
78.72
78.56
78.68
78.84
78.76
78.64
78.6
78.77
78.72
78.61
78.56
78.75
78.72
78.55
78.72
78.84
78.76
78.57
78.8
78.8
78.76
78.68
78.81
78.84
78.81
78.67
78.74
78.79
78.74
78.76
78.75
78.84
78.67
78.79
78.8
78.81
78.75

78.75
78.76
78.78
78.79
78.84
78.78
78.75
78.84
78.91
78.85
78.75
78.81
78.87
78.77
78.82
78.81
78.89
78.89
78.86
78.82
78.95
78.81
78.87
78.91
78.98
78.92
78.86
78.82
78.8
78.81
78.87
78.91
78.94
78.88
78.72
78.96
79.01
78.92
78.84
79
78.96
78.88
78.92
79.09
79
78.91
79.09
79.03
79.18
79.06
79.01
79.21
79
79.05
79.02
79.04
79.01
78.99
79

79.17
78.99
79.09
79.07
78.99
79.08
78.96
79.06
79.07
79.03
79.16
79.06
79.05
78.96
78.97
79.04
79.07
79.18
79.08
79.14
79.05
79.14
79.08
79.2
79.13
79.08
79.15
79.18
79.16
79.09
79.2
79.19
78.97
78.97
79.19
79.08
79.06
79.17
79.13
79.12
79.06
79.04
79.23
79.17
79.12
79.3
79.32
79.17
79.17
79.24
79.16
79.06
79.14
79.1
79.16
79.11
79.1
79.16
79.12

79.08
79.13
79.11
79.07
79.27
79.14
79
79.04
79.07
79.08
79
79.09
79.08
79
78.99
79
79
79
79.04
79.07
79.02
79.08
79.11
79.02
78.94
79.04
79.08
78.96
78.97
79.03
79
78.96
78.9
78.89
78.94
78.88
78.92
78.96
79.04
78.89
78.98
79.18
79.05
78.91
78.85
78.94
78.92
78.8
78.89
78.96
78.81
78.8
78.91
78.92
78.88
78.85
78.98
78.88
78.81

78.94
78.84
78.84
78.96
78.9
78.75
78.69
78.72
78.84
78.65
78.62
78.84
78.82
78.85
78.84
78.73
78.8
78.88
78.84
78.8
78.76
78.64
78.7
78.74
78.82
78.82
78.76
78.75
78.84
78.84
78.8
78.68
78.79
78.76
78.82
78.8
78.74
78.68
78.72
78.76
78.69
78.68
78.68
78.64
78.76
78.7
78.62
78.6
78.71
78.67
78.57
78.72
78.77
78.6
78.57
78.67
78.71
78.63
78.71

78.66
78.58
78.61
78.66
78.72
78.56
78.6
78.62
78.7
78.52
78.63
78.77
78.56
78.46
78.6
78.65
78.63
78.54
78.56
78.58
78.61
78.6
78.52
78.48
78.52
78.54
78.56
78.54
78.45
78.54
78.51
78.43
78.35
78.52
78.55
78.49
78.54
78.51
78.4
78.4
78.49
78.48
78.42
78.49
78.39
78.44
78.39
78.38
78.43
78.29
78.26
78.35
78.39
78.33
78.44
78.39
78.3
78.38
78.4

78.42
78.47
78.43
78.35
78.39
78.32
78.26
78.25
78.24
78.35
78.35
78.36
78.31
78.33
78.25
78.38
78.39
78.29
78.43
78.31
78.23
78.31
78.31
78.25
78.35
78.21
78.28
78.3
78.24
78.32
78.29
78.27
78.23
78.37
78.23
78.2
78.24
78.23
78.21
78.31
78.26
78.25
78.12
78.22
78.39
78.27
78.16
78.35
78.31
78.24
78.22
78.21
78.23
78.07
78.14
78.19
78.12
78.11
78.14

78.15
78.11
78.15
78.15
78.17
78.16
78.16
78.13
77.99
78.15
78.12
78.07
78.07
78.07
78.09
77.98
78.17
78.09
78.01
78.15
78.04
78.01
77.99
77.98
78
78.07
78
78.03
78.02
77.89
77.98
78.03
78.1
77.91
77.88
78.13
77.94
77.79
77.72
77.92
77.96
77.82
77.89
77.91
77.78
77.79
77.74
77.91
77.73
77.72
77.71
77.79
77.72
77.59
77.69
77.72
77.64
77.7
77.65

77.67
77.67
77.62
77.6
77.69
77.63
77.51
77.51
77.63
77.59
77.48
77.52
77.59
77.53
77.51
77.52
77.47
77.49
77.47
77.46
77.46
77.5
77.51
77.53
77.49
77.43
77.43
77.47
77.51
77.44
77.41
77.45
77.36
77.38
77.43
77.3
77.34
77.36
77.48
77.31
77.38
77.32
77.32
77.34
77.27
77.34
77.26
77.39
77.33
77.26
77.32
77.31
77.34
77.3
77.39
77.26
77.43
77.26
77.26

77.3
77.32
77.31
77.25
77.22
77.15
77.3
77.31
77.24
77.24
77.22
77.23
77.27
77.25
77.26
77.3
77.15
77.24
77.31
77.22
77.24
77.27
77.23
77.22
77.14
77.3
77.3
77.18
77.24
77.26
77.17
77.1
77.22
77.3
77.2
77.17
77.19
77.22
77.19
77.17
77.18
77.16
77.16
77.15
77.1
77.25
77.2
77.14
77.18
77.22
77.14
77.15
77.27
77.25
77.26
77.11
77.2
77.19
77.11

77.18
77.25
77.02
77.18
77.26
77.21
77.13
77.14
77.2
77.11
77.13
77.12
77.12
77.1
77.12
77.06
77.08
77.06
77.09
77.07
77.07
77.06
77.03
77.02
76.95
77.03
77.04
77.03
77.02
77.07
77.02
77.04
77.05
77.07
77
76.98
77.04
77.05
77.08
76.98
77.04
77.01
77.04
77.02
77.04
77.01
76.98
77.03
77.05
76.98
76.99
77.12
77.07
77.06
76.98
77.03
77.06
77
76.9

77.05
77.02
77.1
77.04
77.1
77.06
77.07
77.09
76.96
77.04
77.06
76.98
77.14
77
77.09
76.98
77.01
76.94
76.96
77.04
77.03
76.99
76.99
77
77.05
77.02
76.98
77.04
77.02
76.94
76.9
76.95
76.98
76.93
76.98
77.02
77.02
77.01
77.02
77.14
77.04
77.04
77.14
77.15
76.91
76.99
77.02
77.05
77.01
77.06
77.1
77.11
77.01
77.03
77.12
77.14
77.09
77.18
77.16

77.14
77.1
77.28
77.18
77.05
77.04
77.17
77.13
76.97
77.12
77.22
77.14
77.06
77.15
77.24
77.14
77.16
77.2
77.18
77.16
77.16
77.31
77.28
77.2
77.22
77.21
77.08
77.05
77.2
77.22
77.18
77.13
77.19
77.3
77.18
77.19
77.24
77.25
77.2
77.25
77.23
77.26
77.3
77.25
77.26
77.34
77.28
77.23
77.3
77.28
77.21
77.2
77.25
77.3
77.3
77.22
77.24
77.31
77.29

77.31
77.38
77.22
77.22
77.35
77.35
77.23
77.24
77.35
77.38
77.28
77.25
77.35
77.38
77.34
77.37
77.46
77.38
77.3
77.5
77.45
77.3
77.26
77.41
77.45
77.25
77.26
77.42
77.38
77.23
77.35
77.4
77.39
77.43
77.4
77.38
77.34
77.3
77.28
77.36
77.37
77.32
77.4
77.4
77.48
77.41
77.38
77.29
77.35
77.33
77.47
77.47
77.45
77.43
77.43
77.39
77.38
77.37
77.36

77.37
77.34
77.47
77.49
77.28
77.4
77.48
77.37
77.31
77.34
77.44
77.48
77.34
77.47
77.42
77.35
77.43
77.49
77.43
77.39
77.42
77.6
77.54
77.43
77.47
77.56
77.57
77.47
77.55
77.55
77.5
77.47
77.38
77.43
77.44
77.49
77.54
77.63
77.55
77.47
77.54
77.52
77.57
77.5
77.55
77.62
77.56
77.55
77.55
77.59
77.53
77.56
77.67
77.62
77.56
77.61
77.67
77.63
77.51

77.66
77.55
77.64
77.59
77.6
77.75
77.7
77.69
77.61
77.69
77.8
77.64
77.66
77.69
77.69
77.63
77.67
77.73
77.68
77.63
77.66
77.68
77.63
77.61
77.73
77.79
77.67
77.7
77.84
77.8
77.64
77.69
77.83
77.79
77.71
77.78
77.79
77.79
77.85
77.79
77.85
77.81
77.77
77.81
77.79
77.79
77.77
77.83
77.83
77.73
77.87
77.87
77.77
77.84
77.91
77.86
77.82
77.85
77.89

77.76
77.83
77.92
77.85
77.91
77.9
77.79
77.91
77.91
77.88
77.86
77.76
77.97
77.91
77.95
77.99
77.96
77.87
77.89
78.04
77.96
77.87
78.02
77.99
77.9
77.95
77.97
78.03
77.91
77.84
78.05
78.01
78.01
77.91
77.96
77.99
77.89
77.86
78.02
78
78.04
78
78.04
77.97
77.95
77.95
77.99
78.01
77.91
78
78.14
78.03
77.98
78.09
78.08
78.11
78.01
78.07
78.09

78.01
78.06
78.13
78.07
77.99
78.09
78.08
78.07
78.01
78.07
78.06
77.96
78.02
78.08
78.09
77.98
78.03
78.12
78.01
77.87
78.15
78.11
78.03
78.08
78.1
78.05
77.87
77.98
78.11
78.08
77.95
77.98
78.05
77.99
77.99
77.93
77.97
77.98
77.99
77.95
77.89
78
77.99
77.98
78.01
78.03
77.91
77.98
77.99
77.99
77.95
77.93
77.97
78.01
77.96
77.94
78.07
78.02
77.99

78.04
78.14
78.07
78.11
78.11
77.97
78.11
78.07
78.02
78.04
78.12
78.1
78.01
78.16
78.19
78.05
78.12
78.23
78.15
78.02
78.12
78.22
78.09
78.04
78.15
78.15
78.16
78.18
78.23
78.12
78.12
78.17
78.19
78.22
78.08
78.17
78.26
78.14
78.11
78.2
78.27
78.25
78.24
78.35
78.31
78.27
78.33
78.25
78.25
78.31
78.32
78.29
78.35
78.35
78.33
78.38
78.39
78.35
78.31

78.3
78.31
78.36
78.27
78.3
78.24
78.32
78.31
78.37
78.32
78.35
78.39
78.39
78.29
78.21
78.23
78.39
78.29
78.34
78.31
78.37
78.25
78.33
78.37
78.36
78.26
78.22
78.3
78.29
78.29
78.29
78.41
78.35
78.27
78.27
78.32
78.39
78.32
78.27
78.42
78.33
78.39
78.34
78.35
78.34
78.37
78.35
78.44
78.34
78.39
78.35
78.39
78.42
78.39
78.4
78.48
78.5
78.33
78.36

78.44
78.42
78.43
78.54
78.58
78.39
78.34
78.47
78.45
78.38
78.33
78.4
78.42
78.36
78.36
78.44
78.39
78.39
78.36
78.46
78.4
78.4
78.3
78.31
78.44
78.39
78.41
78.43
78.5
78.43
78.36
78.44
78.38
78.32
78.35
78.35
78.42
78.42
78.28
78.29
78.31
78.42
78.32
78.35
78.46
78.36
78.33
78.43
78.45
78.44
78.35
78.21
78.46
78.4
78.29
78.36
78.33
78.4
78.32

78.4
78.39
78.39
78.42
78.41
78.45
78.33
78.37
78.34
78.31
78.33
78.33
78.43
78.46
78.35
78.38
78.57
78.5
78.35
78.37
78.51
78.52
78.41
78.39
78.62
78.47
78.46
78.48
78.49
78.39
78.42
78.44
78.4
78.56
78.48
78.52
78.49
78.55
78.48
78.58
78.52
78.52
78.52
78.58
78.64
78.48
78.48
78.55
78.61
78.62
78.39
78.49
78.56
78.58
78.58
78.59
78.56
78.58
78.49

78.55
78.58
78.52
78.53
78.56
78.58
78.52
78.58
78.54
78.6
78.51
78.5
78.57
78.61
78.52
78.52
78.6
78.6
78.56
78.58
78.6
78.64
78.63
78.57
78.56
78.63
78.61
78.59
78.68
78.79
78.6
78.56
78.7
78.69
78.72
78.74
78.67
78.72
78.76
78.72
78.58
78.68
78.72
78.68
78.58
78.64
78.7
78.62
78.64
78.76
78.74
78.52
78.69
78.77
78.7
78.61
78.67
78.72
78.72

78.66
78.72
78.67
78.59
78.64
78.74
78.65
78.7
78.72
78.72
78.66
78.69
78.73
78.72
78.66
78.73
78.68
78.66
78.59
78.66
78.59
78.64
78.74
78.78
78.7
78.79
78.73
78.77
78.67
78.8
78.83
78.7
78.68
78.68
78.67
78.72
78.72
78.73
78.72
78.8
78.7
78.68
78.84
78.84
78.73
78.72
78.77
78.73
78.71
78.75
78.81
78.76
78.66
78.68
78.76
78.74
78.78
78.69
78.7

78.81
78.79
78.86
78.78
78.74
78.75
78.75
78.79
78.8
78.8
78.78
78.8
78.8
78.6
78.72
78.76
78.8
78.75
78.81
78.96
78.8
78.7
78.91
78.92
78.84
78.78
78.92
78.82
78.79
78.85
78.8
78.8
78.89
78.95
78.92
78.85
78.88
78.95
78.87
78.91
78.94
78.98
78.84
78.8
78.96
78.92
78.96
78.91
78.88
78.92
78.8
78.89
78.91
79.07
78.95
78.92
78.96
79.1
79.02

78.92
79.12
79.01
78.89
79
79.13
79.1
78.96
78.96
79.03
79.03
78.92
78.98
79.03
79
78.89
79.08
79
78.94
79.02
79
78.97
78.97
78.9
79
78.83
79.04
79.2
78.99
79
79.07
79.11
79.03
79
79.11
79.14
79.06
79.08
79.2
79.12
79.01
79.05
79.08
79.07
79.08
79.04
79.32
79.13
79.12
79.28
79.17
79.19
79.12
79.28
79.04
79
79.3
79.16
79.16

79.18
79.19
79.16
79.08
79.17
79.28
79.21
79.24
79.24
79.23
79.12
79.16
79.2
79.22
79.24
79.19
79.2
79.26
79.24
79.28
79.33
79.35
79.36
79.3
79.33
79.36
79.03
79.23
79.37
79.39
79.33
79.33
79.36
79.33
79.31
79.28
79.2
79.36
79.47
79.34
79.36
79.3
79.49
79.52
79.36
79.4
79.35
79.39
79.36
79.46
79.52
79.44
79.35
79.53
79.56
79.44
79.51
79.65
79.58

79.49
79.49
79.54
79.55
79.48
79.65
79.52
79.65
79.55
79.53
79.62
79.61
79.61
79.59
79.57
79.57
79.61
79.61
79.59
79.69
79.62
79.6
79.6
79.61
79.63
79.59
79.69
79.75
79.77
79.73
79.7
79.83
79.75
79.69
79.83
79.76
79.73
79.73
79.78
79.78
79.58
79.75
79.73
79.73
79.73
79.78
79.77
79.64
79.79
79.83
79.74
79.73
79.85
79.77
79.71
79.75
79.84
79.79
79.73

79.83
79.92
79.77
79.89
79.93
79.94
79.8
79.83
79.86
79.85
79.82
79.81
79.87
80.01
80
79.9
79.83
79.97
79.93
79.97
80
80.14
79.97
79.75
80.11
80.05
79.93
79.78
79.93
79.99
79.89
79.93
80
80
80.09
79.91
80
80.06
80.17
80.2
80.02
80.12
80.17
80.24
80.07
80.01
80.14
80.08
79.97
80.12
80.18
80.22
80.02
80.06
80.32
80.14
80.17
80.21
80.21

80.03
80.13
80.17
80.27
80.11
80.13
80.21
80.21
80.2
80.18
80.18
80.25
80.23
80.19
80.25
80.25
80.26
80.16
80.19
80.23
80.09
80.21
80.2
80.16
80.19
80.25
80.11
80.25
80.25
80.24
80.22
80.25
80.33
80.33
80.23
80.25
80.33
80.28
80.17
80.19
80.29
80.25
80.24
80.22
80.25
80.13
80.14
80.29
80.29
80.3
80.11
80.18
80.24
80.29
80.14
80.19
80.25
80.14
80.19

80.22
80.25
80.25
80.14
80.18
80.21
80.22
80.12
80.25
80.27
80.21
80.27
80.09
80.25
80.34
80.23
80.13
80.18
80.38
80.27
80.31
80.4
80.22
80.19
80.26
80.25
80.21
80.13
80.3
80.21
80.15
80.23
80.16
80.21
80.29
80.24
80.28
80.2
80.26
80.29
80.29
80.23
80.44
80.42
80.51
80.54
80.65
80.7
80.62
80.56
80.77
80.74
80.68
80.66
80.65
80.75
80.8
80.92
80.91

81.02
80.94
80.89
81.1
81.1
80.94
81.08
81.08
81.05
81.16
81.18
81.13
81.18
81.08
81.2
81.12
81.23
81.19
81.18
81.1
81.24
81.22
81.11
81.03
81.21
81.27
81.19
81.13
81.25
81.26
81.12
81.21
81.41
81.26
81.17
81.21
81.29
81.26
81.22
81.3
81.26
81.23
81.26
81.34
81.38
81.26
81.18
81.38
81.24
81.42
81.41
81.38
81.41
81.5
81.41
81.44
81.41
81.47
81.32

81.45
81.44
81.39
81.36
81.37
81.33
81.45
81.47
81.42
81.41
81.46
81.56
81.42
81.4
81.46
81.55
81.38
81.38
81.49
81.52
81.32
81.41
81.46
81.59
81.41
81.42
81.58
81.59
81.65
81.47
81.63
81.54
81.55
81.62
81.62
81.47
81.55
81.59
81.59
81.55
81.57
81.55
81.51
81.56
81.7
81.61
81.61
81.73
81.67
81.65
81.6
81.64
81.75
81.7
81.63
81.73
81.8
81.66
81.55

81.71
81.54
81.57
81.71
81.83
81.6
81.63
81.78
81.71
81.72
81.74
81.76
81.72
81.82
81.76
81.7
81.64
81.84
81.82
81.84
81.78
81.69
81.83
81.79
81.8
81.81
81.84
81.83
81.79
81.95
81.87
81.81
81.93
82.03
81.99
81.78
81.91
82.02
81.94
81.77
81.87
81.89
81.96
81.87
81.89
81.87
81.86
81.81
81.85
81.91
81.91
81.8
81.87
81.83
81.93
81.82
81.91
81.9
81.83

81.9
81.75
81.84
81.88
81.87
81.84
81.88
81.95
81.87
81.64
81.76
82
81.86
81.73
81.88
81.87
81.83
81.85
81.91
82.04
81.89
81.83
81.93
81.91
81.95
81.84
81.83
81.87
81.86
81.96
81.73
81.91
81.86
81.68
81.81
81.88
81.88
81.83
81.45
81.76
81.91
81.87
81.94
81.81
81.91
81.91
81.78
81.87
81.95
81.91
81.86
81.79
81.95
81.91
81.86
81.87
81.74
81.89
81.99

81.88
81.88
81.85
81.85
81.84
81.87
81.87
81.88
81.82
81.8
81.88
81.79
81.75
81.92
81.9
81.85
81.71
81.75
81.86
81.73
81.82
81.83
81.81
81.67
81.79
81.87
81.83
81.87
81.78
81.79
81.86
81.81
81.88
81.79
81.75
81.83
81.76
81.79
81.77
81.76
81.79
81.65
81.75
81.82
81.69
81.85
81.83
81.74
81.71
81.69
81.75
81.81
81.75
81.73
81.78
81.85
81.86
81.79
81.77

81.82
81.77
81.77
81.79
81.84
81.76
81.76
81.78
81.75
81.72
81.71
81.67
81.68
81.79
81.67
81.62
81.58
81.77
81.67
81.47
81.54
81.58
81.6
81.59
81.66
81.78
81.74
81.63
81.71
81.67
81.68
81.59
81.72
81.55
81.45
81.68
81.56
81.68
81.61
81.66
81.58
81.63
81.56
81.51
81.49
81.57
81.63
81.59
81.55
81.52
81.55
81.47
81.55
81.51
81.6
81.46
81.51
81.52
81.45

81.46
81.42
81.54
81.56
81.49
81.36
81.39
81.46
81.3
81.35
81.5
81.53
81.41
81.39
81.5
81.43
81.4
81.35
81.43
81.47
81.37
81.37
81.34
81.36
81.38
81.42
81.43
81.38
81.38
81.49
81.41
81.48
81.52
81.37
81.34
81.41
81.5
81.39
81.26
81.33
81.28
81.43
81.37
81.38
81.34
81.31
81.35
81.28
81.36
81.4
81.33
81.28
81.42
81.34
81.18
81.34
81.36
81.23
81.2

81.22
81.29
81.3
81.14
81.17
81.23
81.1
81.11
81.22
81.29
81.22
81.09
81.24
81.18
81.2
81.18
81.18
81.22
81.27
81.22
81.19
81.26
81.3
81.26
81.11
81.21
81.1
81.15
81.1
81.19
81.25
81.12
81.14
81.22
81.34
81.26
81.23
81.29
81.22
81.26
81.23
81.17
81.27
81.26
81.26
81.24
81.21
81.2
81.15
81.16
81.02
81.02
81.25
81.02
81.13
81.24
81.16
81.08
81.1

81.11
81.1
81.02
81.09
81.1
81.08
81.03
81.02
81.03
81.01
81.02
81.11
81.06
81.05
81.02
81
80.94
81
81.07
81.04
81.06
81.04
81.04
81.01
80.84
80.85
81.21
80.8
80.94
80.96
80.98
80.97
81.03
81.1
80.98
80.98
80.95
80.98
81.09
80.81
80.97
81.03
81.01
80.82
80.93
81.02
80.93
80.97
81.02
80.93
80.96
81
80.97
80.91
80.94
80.94
80.97
80.99
80.94

80.98
81.02
81.06
81.03
80.95
80.93
81
81.06
81.14
80.98
81.05
81.06
81.02
80.95
81.03
81.04
80.99
80.96
80.95
81.02
81.1
81
81.01
81.02
80.92
80.87
80.93
80.93
80.98
80.97
80.84
80.9
80.9
80.94
80.86
80.96
80.92
80.9
81.05
80.86
80.94
81.06
81.02
80.87
80.84
80.93
80.91
80.79
80.79
81
80.91
80.78
80.9
80.93
80.79
80.86
80.97
80.99
80.94

80.86
80.89
80.93
80.99
80.94
80.8
80.91
80.89
80.94
80.86
80.95
80.98
80.92
80.96
80.9
80.94
81.04
80.81
81.08
80.86
80.88
80.82
80.94
80.97
80.89
80.79
80.95
80.87
80.92
80.86
80.82
80.93
80.72
80.74
80.94
80.76
80.78
80.78
80.91
80.82
80.82
80.9
80.82
80.76
80.91
80.86
80.87
80.78
81
80.96
80.79
80.83
80.96
80.94
80.85
80.74
80.82
80.94
80.79

80.77
80.74
80.76
80.81
80.74
80.83
80.8
80.79
80.74
80.89
80.86
80.9
80.87
80.9
80.92
80.86
80.78
80.74
80.86
80.82
80.85
80.74
80.97
80.94
80.89
80.93
80.88
80.86
80.94
80.95
80.93
80.9
80.82
80.86
80.91
81.01
80.82
80.9
80.82
80.83
80.77
80.81
80.86
80.88
80.88
80.89
80.84
80.86
80.9
80.82
80.85
80.82
80.93
80.85
80.64
80.8
80.93
80.86
80.86

80.96
80.94
80.77
80.9
80.9
80.9
80.92
80.89
80.99
80.89
80.92
80.84
80.9
80.89
80.91
80.97
80.9
80.94
81.05
80.93
81
80.97
81.04
80.93
80.88
81.05
80.91
80.94
80.82
81.02
80.97
80.85
80.96
81.04
81.02
81.02
80.89
80.94
81.06
80.77
80.94
81
80.91
80.86
80.9
80.97
80.93
80.95
80.94
81.03
81.02
80.94
81.01
80.97
80.99
81.11
81.03
81
81.01

81.02
80.86
80.86
80.95
80.76
80.94
80.93
80.93
81.02
81.03
80.98
80.93
80.99
80.87
80.9
80.94
81.06
80.9
80.9
80.9
80.91
80.85
80.99
80.94
80.97
80.86
81.01
80.87
80.92
81.04
80.94
80.82
80.98
80.98
81.02
80.89
80.88
81.07
81
80.97
80.89
80.95
80.96
80.76
80.9
80.9
80.93
80.84
80.82
80.9
80.95
80.8
80.83
80.98
80.94
80.88
80.82
80.86
80.94

80.74
80.97
80.93
80.89
80.9
80.85
80.95
80.9
80.84
80.78
80.88
80.9
80.96
80.85
80.86
80.94
80.78
80.84
80.92
80.94
80.91
80.86
80.86
80.86
80.86
80.91
80.86
80.78
80.9
80.86
80.88
80.75
80.92
80.9
80.66
80.73
80.98
80.91
80.78
80.91
80.95
80.82
80.88
80.84
80.92
80.83
80.79
80.84
80.98
80.86
80.94
80.85
80.87
80.98
80.9
80.77
80.96
80.89
80.91

80.87
80.89
80.98
80.92
80.85
80.82
80.92
80.94
80.88
81
80.97
80.95
80.91
80.93
80.93
80.85
80.88
81.09
80.98
80.9
80.9
80.92
81.08
80.79
80.89
80.94
80.86
80.91
80.79
80.87
80.95
80.98
80.96
80.9
80.9
81.05
80.96
80.94
80.9
80.98
80.97
80.75
80.97
81.13
81.03
80.91
80.98
81.09
81.06
80.99
80.98
81.03
80.9
81.1
81.02
81.1
80.97
80.85
80.97

81.01
80.97
81.02
81.02
81
81.03
81.06
81.03
80.92
80.98
80.96
80.98
80.98
81.02
81.01
80.96
80.96
80.98
80.96
81.03
81.06
81.05
81.06
80.98
81.03
81.11
80.99
80.94
81.03
81.01
80.86
80.97
80.99
80.9
80.94
80.94
80.96
80.78
80.93
80.88
80.91
80.99
80.82
80.89
80.92
81.1
80.85
80.84
81.1
81.02
80.97
81.02
81
80.96
81.02
81
81
80.97
81.05

80.88
81
81.03
80.95
80.8
81.06
81.09
80.88
80.9
81.01
81.09
80.96
80.72
80.95
81.04
80.9
81
80.97
81.02
80.91
80.91
80.99
80.97
80.94
80.97
81.01
80.92
81.02
81.09
80.94
80.94
81.11
80.97
80.99
80.94
81.04
80.93
80.81
80.98
81.01
80.94
80.9
81.02
81.02
80.94
80.98
80.87
81.09
81.09
80.99
81.02
81.05
81.02
81
81.05
81.06
81.08
80.96
81.04

81.03
80.94
80.92
81.05
81.06
81.1
81.02
81.02
81.06
81.05
80.94
80.98
81.02
81.04
81
80.99
81.06
81.03
80.89
81
81.06
81.02
80.91
80.96
81.06
81.02
80.96
80.99
81.03
81.03
80.98
80.91
81.02
80.95
81.14
80.97
80.94
81.05
81.02
80.98
80.97
81.01
81.02
81.02
80.9
81.01
81
80.99
80.87
80.95
81.04
80.93
80.94
80.99
81.03
80.97
80.94
80.94
80.99

80.98
81.04
81
80.95
80.95
80.98
80.97
81.02
80.93
80.93
80.85
80.9
80.99
80.91
80.94
81.03
80.95
80.94
80.98
80.93
80.9
80.94
80.86
80.9
80.93
80.94
80.95
80.9
80.94
80.88
80.96
80.95
80.91
80.92
80.87
80.97
80.93
80.94
80.88
80.99
80.97
80.81
80.89
80.98
80.97
80.91
80.96
80.92
80.95
80.93
80.91
80.88
80.86
80.89
80.96
80.9
80.9
80.86
80.84

80.88
80.88
80.94
80.86
80.91
80.98
80.88
80.83
80.87
80.86
80.86
80.86
80.91
80.87
80.85
80.74
80.86
80.94
80.85
80.88
80.84
80.89
80.98
80.87
80.87
80.94
80.91
80.83
80.84
80.82
80.92
80.78
80.88
80.95
80.82
80.78
80.87
80.84
80.85
80.85
80.85
80.9
80.94
80.9
80.86
80.84
80.91
80.86
80.78
80.8
80.8
80.85
80.79
80.75
80.79
80.74
80.78
80.71
80.74

80.7
80.74
80.88
80.78
80.75
80.78
80.81
80.78
80.74
80.77
80.79
80.8
80.74
80.77
80.82
80.82
80.76
80.82
80.85
80.82
80.8
80.8
80.82
80.83
80.84
80.82
80.78
80.91
80.83
80.8
80.79
80.86
80.84
80.83
80.82
80.86
80.82
80.78
80.88
80.95
80.87
80.76
80.74
80.88
80.83
80.94
80.86
80.87
80.92
80.86
80.86
80.87
80.82
80.77
80.85
80.86
80.85
80.8
80.8

80.87
80.87
80.88
80.83
80.93
80.89
80.86
80.94
80.92
80.81
80.9
80.98
80.97
80.9
80.9
80.94
80.99
80.79
80.88
80.86
80.96
80.87
80.85
80.9
80.82
80.79
80.88
80.88
80.95
80.93
80.88
80.82
80.93
80.93
80.83
80.78
80.86
80.92
80.82
80.72
80.82
80.88
80.93
80.81
80.82
80.9
80.8
80.67
80.86
80.87
80.83
80.83
80.9
80.81
80.86
80.76
80.94
80.7
80.84

80.78
80.84
80.78
80.74
80.81
80.81
80.78
80.74
80.7
80.89
80.84
80.82
80.84
80.92
80.92
80.88
80.85
80.91
80.96
80.79
80.74
80.92
80.8
80.78
80.8
80.83
80.88
80.78
80.75
80.78
80.79
80.79
80.84
80.84
80.82
80.8
80.84
80.77
80.81
80.89
80.81
80.78
80.85
80.76
80.72
80.84
80.8
80.84
80.78
80.77
80.86
80.76
80.81
80.78
80.72
80.86
80.86
80.77
80.74

80.77
80.78
80.79
80.72
80.73
80.67
80.74
80.77
80.75
80.7
80.78
80.81
80.78
80.77
80.82
80.84
80.74
80.76
80.73
80.84
80.85
80.78
80.75
80.82
80.9
80.7
80.79
80.88
80.74
80.81
80.71
80.7
80.71
80.78
80.76
80.75
80.82
80.78
80.73
80.79
80.79
80.75
80.76
80.77
80.82
80.82
80.74
80.74
80.79
80.83
80.69
80.77
80.78
80.75
80.59
80.69
80.75
80.74
80.69

80.74
80.74
80.86
80.75
80.84
80.82
80.9
80.8
80.8
80.86
80.82
80.81
80.76
80.83
80.9
80.9
80.88
80.87
80.9
80.94
80.83
80.9
80.98
80.87
80.87
80.86
80.94
80.84
80.85
80.85
80.9
80.88
80.86
80.9
80.93
80.84
80.86
80.95
80.92
80.92
80.9
80.86
80.93
80.9
80.92
80.9
80.94
81.05
80.93
80.96
80.97
80.96
80.93
80.93
80.94
80.98
80.98
80.94
80.98

80.99
80.92
80.95
80.94
81
80.94
80.91
80.96
81.01
80.9
80.94
80.98
80.97
80.97
80.95
80.96
80.97
80.98
80.96
80.94
80.98
81.02
81.01
81.03
81.14
81.08
81.05
80.98
81.09
81.13
81.04
81.06
81.12
81.1
81.06
81.08
81.14
81.11
81.15
81.12
81.18
81.12
81.1
81.18
81.18
81.21
81.17
81.21
81.19
81.21
81.21
81.17
81.17
81.31
81.18
81.22
81.16
81.26
81.24

81.22
81.34
81.3
81.28
81.24
81.28
81.32
81.27
81.28
81.4
81.38
81.39
81.4
81.45
81.4
81.35
81.34
81.38
81.39
81.38
81.39
81.37
81.42
81.39
81.51
81.34
81.42
81.42
81.46
81.36
81.41
81.42
81.47
81.51
81.53
81.47
81.51
81.5
81.52
81.48
81.43
81.43
81.48
81.47
81.47
81.45
81.44
81.54
81.6
81.54
81.44
81.47
81.48
81.54
81.47
81.61
81.51
81.56
81.57

81.58
81.57
81.63
81.59
81.63
81.61
81.58
81.71
81.67
81.63
81.77
81.59
81.56
81.65
81.64
81.62
81.66
81.66
81.7
81.69
81.73
81.74
81.69
81.62
81.73
81.74
81.75
81.62
81.72
81.74
81.7
81.71
81.78
81.79
81.71
81.76
81.69
81.83
81.76
81.77
81.72
81.75
81.77
81.74
81.75
81.71
81.77
81.74
81.8
81.71
81.7
81.77
81.7
81.78
81.74
81.78
81.74
81.93
81.87

81.74
81.82
81.93
81.81
81.87
81.87
81.85
81.83
81.8
81.81
81.84
81.86
81.95
81.85
81.92
81.91
81.9
81.9
81.91
81.87
81.87
81.95
81.85
81.87
81.86
81.84
81.92
81.97
81.86
81.87
81.91
81.92
81.9
81.83
81.91
81.93
81.87
81.88
81.93
81.91
81.83
81.94
81.92
81.96
81.87
81.89
81.91
81.97
81.93
81.92
81.89
81.98
81.89
81.85
81.87
81.85
81.86
81.86
81.76

81.84
81.84
81.83
81.84
81.79
81.79
81.79
81.77
81.83
81.77
81.8
81.79
81.84
81.8
81.76
81.81
81.87
81.8
81.75
81.76
81.84
81.85
81.76
81.7
81.79
81.87
81.76
81.78
81.79
81.82
81.77
81.76
81.73
81.71
81.76
81.83
81.79
81.82
81.83
81.79
81.8
81.77
81.76
81.79
81.8
81.8
81.89
81.8
81.67
81.74
81.83
81.8
81.83
81.82
81.84
81.79
81.8
81.79
81.85

81.87
81.93
81.86
81.8
81.83
81.85
81.8
81.75
81.83
81.83
81.77
81.77
81.79
81.67
81.83
81.76
81.77
81.81
81.79
81.84
81.75
81.78
81.81
81.76
81.77
81.76
81.83
81.75
81.74
81.77
81.78
81.75
81.71
81.74
81.76
81.79
81.71
81.73
81.75
81.74
81.71
81.69
81.71
81.67
81.75
81.68
81.67
81.66
81.71
81.68
81.76
81.76
81.68
81.71
81.66
81.68
81.7
81.66
81.71

81.68
81.71
81.71
81.66
81.68
81.73
81.69
81.75
81.71
81.74
81.68
81.71
81.79
81.75
81.72
81.69
81.71
81.68
81.75
81.78
81.71
81.76
81.74
81.71
81.75
81.78
81.63
81.75
81.74
81.75
81.71
81.67
81.78
81.67
81.67
81.62
81.67
81.65
81.6
81.6
81.67
81.62
81.57
81.56
81.63
81.59
81.61
81.6
81.69
81.63
81.62
81.59
81.67
81.68
81.62
81.59
81.59
81.63
81.62

81.62
81.65
81.55
81.58
81.67
81.66
81.63
81.63
81.64
81.67
81.55
81.53
81.63
81.57
81.51
81.45
81.59
81.64
81.6
81.55
81.66
81.72
81.65
81.68
81.62
81.63
81.65
81.58
81.57
81.58
81.65
81.63
81.61
81.63
81.63
81.65
81.51
81.59
81.63
81.62
81.57
81.58
81.62
81.63
81.58
81.51
81.57
81.6
81.54
81.61
81.62
81.57
81.54
81.58
81.63
81.58
81.52
81.58
81.55

81.62
81.51
81.53
81.51
81.44
81.56
81.59
81.55
81.47
81.55
81.56
81.51
81.46
81.49
81.55
81.55
81.54
81.47
81.46
81.51
81.47
81.52
81.54
81.63
81.49
81.48
81.47
81.54
81.57
81.51
81.48
81.54
81.51
81.55
81.55
81.49
81.54
81.57
81.61
81.58
81.54
81.49
81.49
81.51
81.5
81.49
81.54
81.54
81.44
81.46
81.55
81.61
81.47
81.52
81.55
81.6
81.6
81.57
81.56

81.6
81.62
81.65
81.65
81.7
81.7
81.56
81.59
81.55
81.55
81.49
81.52
81.53
81.47
81.45
81.5
81.51
81.51
81.51
81.55
81.66
81.58
81.53
81.47
81.5
81.53
81.47
81.55
81.53
81.52
81.48
81.51
81.55
81.5
81.47
81.45
81.53
81.59
81.51
81.51
81.51
81.54
81.47
81.51
81.51
81.52
81.47
81.58
81.5
81.55
81.58
81.57
81.54
81.57
81.5
81.54
81.54
81.5
81.43

81.5
81.55
81.52
81.45
81.54
81.51
81.45
81.46
81.52
81.49
81.39
81.49
81.45
81.52
81.51
81.47
81.47
81.51
81.46
81.52
81.54
81.54
81.55
81.46
81.52
81.54
81.48
81.51
81.54
81.57
81.6
81.55
81.54
81.58
81.67
81.63
81.58
81.68
81.68
81.58
81.66
81.75
81.62
81.64
81.64
81.7
81.66
81.67
81.64
81.64
81.67
81.72
81.77
81.68
81.7
81.68
81.7
81.75
81.78

81.6
81.61
81.69
81.73
81.67
81.73
81.68
81.67
81.78
81.73
81.73
81.75
81.63
81.68
81.81
81.76
81.54
81.66
81.7
81.67
81.63
81.66
81.66
81.68
81.58
81.68
81.7
81.66
81.63
81.61
81.7
81.69
81.63
81.59
81.67
81.63
81.55
81.61
81.6
81.65
81.61
81.63
81.59
81.62
81.63
81.57
81.65
81.6
81.66
81.6
81.68
81.67
81.67
81.63
81.66
81.69
81.72
81.67
81.69

81.71
81.74
81.74
81.83
81.84
81.73
81.76
81.82
81.77
81.72
81.79
81.75
81.79
81.79
81.81
81.78
81.84
81.75
81.79
81.82
81.81
81.74
81.71
81.82
81.81
81.71
81.75
81.83
81.79
81.71
81.82
81.76
81.68
81.73
81.83
81.93
81.7
81.7
81.76
81.74
81.76
81.8
81.83
81.79
81.79
81.71
81.79
81.87
81.81
81.71
81.79
81.83
81.77
81.79
81.78
81.79
81.76
81.82
81.78

81.83
81.76
81.73
81.78
81.83
81.81
81.7
81.69
81.75
81.69
81.67
81.78
81.82
81.79
81.72
81.74
81.79
81.87
81.83
81.77
81.83
81.78
81.76
81.77
81.79
81.78
81.79
81.82
81.76
81.84
81.82
81.81
81.79
81.69
81.71
81.8
81.91
81.8
81.86
81.91
81.87
81.79
81.86
81.81
81.89
81.72
81.75
81.82
81.84
81.83
81.82
81.89
81.78
81.88
81.79
81.78
81.8
81.79
81.76

81.82
81.85
81.8
81.71
81.84
81.8
81.82
81.83
81.83
81.82
81.88
81.92
81.9
81.83
81.83
81.85
81.83
81.89
81.77
81.89
81.83
81.82
81.87
81.89
81.9
81.73
81.83
81.79
81.85
81.87
81.78
81.82
81.74
81.82
81.84
81.75
81.83
81.75
81.79
81.75
81.81
81.91
81.75
81.77
81.82
81.79
81.71
81.79
81.93
81.88
81.83
81.84
81.72
81.73
81.77
81.77
81.84
81.77
81.74

81.81
81.83
81.66
81.76
81.89
81.67
81.64
81.75
81.82
81.75
81.76
81.78
81.67
81.8
81.72
81.69
81.75
81.74
81.7
81.74
81.7
81.7
81.67
81.71
81.71
81.67
81.59
81.69
81.76
81.69
81.67
81.73
81.63
81.63
81.67
81.66
81.75
81.63
81.58
81.67
81.6
81.75
81.58
81.59
81.63
81.64
81.65
81.7
81.69
81.62
81.67
81.67
81.81
81.69
81.58
81.58
81.65
81.57
81.57
































































































































































































































































































































































































































































































