122.9
122.57
122.21
121.63
121
121.55
122.66
121.7
122.01
122.25
121.84
120.81
120.81
122.24
120.65
122.04
122.81
121.55
121.08
121.94
122.38
121.56
121.78
122.06
121.52
121.34
120.66
121.31
120.94
121.32
120.51
120.96
122.35
121.71
120.69
121.28
122.1
120.89
119.95
121.02
121.63
121.61
122.1
121.87
121.32
121.47
122.38
122.28
121.48
121.6
121.88
121.74
121.54
121.83
121.65
122.23
122.23
121.73
121.19
121.86
121.4
121.11
121.83
122.04
122.04
122.05
122.47
122.17
121.62
121
122.16
122.16
121.69
122.06
121.66
121.71
121.25
122.13
122.58
121.9
121.9
121.56
121.69
121.69
121.83
121.02
121.51
122.26
121.92
121.01
121.65
121.67
120.43
121.47
122.17
122
121.75
122.26
121.64
120.58
121.19
121.19
121.38
121.49
121.42
120.76
121.27
121.73
121.86
121
121.63
122.4
120.45
120.58
121.75
122.02
121.66
121.14
121.14
122.65
122.67
122.63
122.34
121.77
122.15
120.92
120.03
120.75
121.78
121.07
121.02
121.02
121.34
121.66
121.63
121.63
120.88
121.17
121.96
121.62
121.41
122.03
121.13
120.71
121.4
122.2
121.48
121.74
123.21
122.07
122.07
121.53
121.57
120.2
121.83
122.96
121.19
120.92
121.42
120.89
120.23
121.31
122.09
121.38
121.18
120.94
121.28
121.28
121.68
121.11
121.01
121.26
121.95
121.19
121.2
121.39
121.27
121.12
121.82
122.27
122.02
121.24
121.54
122.42
122.32
122.96
122.51
122.51
122.13
122.51
121.98
121.33
121.67
121.53
121.88
122.06
122.06
121.76
121.57
121.56
121.02
121.55
121.75
122.51
121.92
122.34
121.99
120.87
121.17
122.05
121.08
120.59
121.36
120.8
121.09
121.26
121.26
121.64
121.33
121.74
121.43
120.97
121.51
121.31
120.23
121.08
121.07
120.19
119.63
121.41
122.7
121.69
122.62
122.73
121.72
120.44
121.38
121.38
121.27
121.95
122.01
120.86
120.61
122.03
121.55
120.84
122.19
122.47
120.98
120.94
121.67
121.48
120
121.34
121.26
121.13
121.4
121.42
121.33
121.28
121.27
120.59
119.6
121.05
120.95
119.82
119.76
120.01
121.16
120.56
121.36
121.29
120.65
120.65
121.36
120.88
120.51
121.4
120.76
120.06
121.58
121.87
120.58
120.34
120.88
120.87
120.06
121.84
121.28
121.28
121.9
121.4
120.66
121.26
122.12
122.48
120.89
120.72
121.23
120.71
120.97
121.94
121.65
120.66
121.49
121.45
121.45
120.45
122.36
122.06
120.87
122.03
122.18
120.81
121.71
122.17
121.44
121.26
121.71
120.93
120.93
121.73
121.91
121.91
121.46
121.61
121.4
120.88
121.54
121.32
121.21
122.67
122.49
121.17
120.71
121.36
121.04
120.41
120.41
121.65
121.96
121.58
121.28
121.42
120.95
121.88
122.13
120.92
121.4
122.05
121.22
121.07
121.91
121.49
121.5
122.02
122.02
122
121.34
121.8
122.27
122.02
121.8
121.98
120.8
122.18
122.02
121.65
121.91
122.06
121.8
120.62
122.28
122.28
122.19
122.6
122.35
121.63
120.78
121.51
121.15
121.88
121.92
121.27
120.64
121.65
121.81
122.16
121.82
122.13
121.79
121.23
121.57
121.57
121.77
121.23
121.46
120.92
121.24
121.17
122.01
121.71
121.91
122
121.61
121.61
121.39
121.19
120.32
120.41
121.31
121.52
121.16
121.57
122.11
122.11
121.86
121.83
121.41
120.57
120.68
121.58
121.58
121.13
121.16
120.55
121.22
121.51
121.28
121.09
122.8
121.62
121.77
122.86
122.5
121.99
120.76
120.76
120.43
120.87
121.96
122.24
121.54
120.44
121.32
120.74
120.48
122.19
121.67
121.43
121.95
121.99
121.54
122.01
123.05
122.6
122.32
122.32
121.85
121.34
122.34
122.36
121.91
120.84
121.31
121.01
121.73
122.46
121.57
121.69
121.71
121.52
121.76
120.82
121.54
121.39
121.96
121.73
122.33
121.83
121.52
121.09
121.96
121.45
121.43
122.19
121.14
120.94
121.8
122.33
121.57
122.42
120.85
120.66
121.65
121.72
121.53
121.34
121.32
121.12
121.29
121.96
121.8
120.82
121.24
121.24
121.09
120.75
120.86
121.33
121.52
121.91
122.45
122.45
121.78
122.16
121.47
121.09
122.3
122.1
121.74
122.09
122.25
121.42
121.13
122.69
122.69
121.15
121.22
121.61
120.57
120.64
121.88
121.17
120.93
121.44
122.28
121.54
121.4
121.76
121.62
121.38
121.66
121.1
121.1
122.25
122.17
122.05
122.25
122.16
122.11
121.26
121.84
122.36
121.91
122.74
122.61
121.6
120.55
120.97
120.79
121.07
122.55
123.58
122.59
122.34
122.38
121.61
120.94
121.91
122.58
122.43
122.29
122.33
121.68
121.69
121.69
122.4
120.65
121.45
121.45
121.92
122.46
121.88
122.85
122.51
122.26
122.11
121.93
121.67
121.52
120.46
120.46
121.38
121.38
121.28
122.09
121.61
121.2
121.39
121.66
120.76
120.53
121.64
121.32
120.07
120.23
121.8
121.87
120.65
121.72
121.82
121.82
121.37
121.44
122.14
122.24
122.34
122.34
121.75
122.13
121.97
121.31
121.98
122.07
122.2
121.74
121.94
121.94
121.13
120.79
121.76
121.61
121.33
122.07
121.53
121.01
122.64
122.2
121.78
122.15
121.77
121.14
121.83
122.75
121.44
120.97
120.97
121.37
121.08
121.53
121.8
121.45
120.93
121.78
121.39
121.15
121.86
121.72
121.36
121.26
121.22
120.76
120.76
121.52
120.99
121.06
121.41
122.24
121.82
120.66
121.47
121.29
120.41
120.89
121.31
121.32
121.86
122.5
122.5
120.29
120.35
120.52
120.84
121.25
121.93
121.55
121.31
122.15
120.6
119.68
121.01
122.29
122.56
121.72
120.92
119.78
119.42
121.89
122.34
121.66
121.22
122.07
120.97
120.33
121.22
121.51
120.61
120.75
121.19
121.27
121.44
121.1
121.12
120.49
121.31
121.44
121.44
121.24
120.86
121.34
120.45
121.33
120.76
120.34
122.3
122.53
122.28
121.23
120.78
120.54
120.49
121.36
121.55
121.06
121.14
121.72
120.96
120.61
121.79
122.09
121.24
120.92
120.86
120.67
121.64
122.02
121.21
120.91
122.43
122.58
121.32
121.16
121.43
121.83
120.67
121.19
120.16
120.07
121.96
121.93
120.6
120.15
121.38
120.99
121.18
121.88
121.76
121.56
120.67
121.42
120.91
120.94
121.76
121.68
121.33
121.23
121.49
120.89
121.11
122.02
121.67
120.38
121.12
121.24
121.45
122.05
121.94
121.37
121.81
122.51
121.67
120.56
121.88
121.98
121.4
120.52
121.45
120.86
121.56
122.38
122.81
121.41
120.57
120.95
121.02
121.97
123.09
120.98
120.69
121.25
121.26
120.64
120.46
121.93
121.83
122.24
121.93
121.03
121.06
121.63
122.91
121.99
121.44
122.35
121.02
120.89
122
122.65
122.65
122.05
121.97
121.85
121.88
122.36
122.35
121.45
121.5
122.33
121.69
121.46
121.85
121.33
121.16
122.19
121.72
121.47
121.12
121.56
120.42
121.69
122.89
122.12
121.22
121.51
121.39
121.72
121.89
121.62
120.71
119.92
122.17
122.3
121.33
120.4
121.53
121.64
121.64
121.6
121.9
121.53
121.24
121.49
121.11
120.9
121.45
121.39
121.53
120.82
121.35
121.27
122.02
121.81
121.51
120.91
121.02
120.36
120.55
121.64
121.64
122.11
122.12
122.53
121.75
121.05
121.89
120.92
120.43
120.76
121.29
121.07
121.36
122.37
121.91
121.34
121.77
121.82
121.6
121.01
121.3
120.78
121.33
122.68
122.08
121.78
121.08
121.3
120.47
120.88
120.61
120.39
119.48
122.31
122.31
121.53
122
122.65
121.61
120.96
121.28
121.09
120.8
121.32
122.82
121.67
121.17
122.19
121.81
120.63
121.13
121.69
121.34
121.13
121.63
121.35
120.97
121.86
121.01
121.42
121.77
122.41
121.93
121.87
121.09
121.27
121.11
121.97
122.79
122.22
121.43
121.9
121.45
121.3
121.69
121.81
121.27
121.84
122.47
122.51
121.52
121.64
121.69
121.43
121.43
121.2
120.72
121.28
122.46
121.76
121.73
121.98
121.3
120.88
121.02
121.84
121.32
121.35
121.95
121.71
121.4
121.99
121.86
121.87
122.27
122.23
122.13
121.3
121.32
121.8
121.54
122.35
122.04
121.13
121.98
121.82
121.69
121.34
122.81
121.93
120.67
121.07
121.29
120.87
121.76
122.29
121.97
121.64
122.23
121.69
121.7
122.16
121.39
121.17
120.95
122.29
121.83
121.83
121.03
121.11
121.14
120.86
121.85
122.17
122.39
122.63
121.19
120.34
121.15
122.31
120.79
121.26
122.23
121.86
121.19
122.17
122.61
121.62
121.58
122.22
121.44
121.13
122.15
122.53
121.85
121.93
122.48
121.48
121
121.49
122.12
122.01
122.12
122
121.66
122.38
123.14
122.32
121.6
121.72
121.88
121.23
122.08
121.84
121.94
121.58
122.39
122.13
121.02
122
121.74
121.14
121.84
122.47
121.8
121.65
122.31
121.56
120.93
121.27
121.32
120.93
121.51
122.42
121.53
121.53
122.58
122.72
121.73
122.46
122.28
121.71
121.69
122.82
121.99
121.97
122.84
122.38
121.47
122.25
122.84
122.31
121.44
121.51
121.95
122.14
121.71
121.65
121.45
121.13
121.87
120.44
120.96
122.03
122.13
121.81
121.95
122.4
121.85
121.27
121.36
120.93
121.16
122.35
122.23
122.09
121.91
121.7
121.74
120.81
121.95
121.78
121.37
121.85
122.63
121.99
121.8
122.67
122.04
121.4
123.11
122.87
122.08
122.01
122.84
123.1
122.05
122.7
123.13
122
122.67
123.23
122.1
122.1
122.73
122.59
121.62
122.02
122.46
121.36
120.97
121.25
122.37
122.71
122.41
121.94
121.4
121.43
121.65
120.94
120.93
122.49
122.62
122.29
122.33
121.91
121.43
121.99
121.6
121.19
121.79
122.21
121.75
121.59
122
121.66
121.83
121.83
122.67
122.93
122.51
123.12
121.79
120.65
121.78
122.47
122.16
122.52
122.45
121.32
121.26
121.98
122.34
121.95
122.03
121.85
122.21
121.78
122.44
121.95
121.38
122.14
122.03
122.04
121.93
122.12
121.69
121.54
122.59
122.86
122.25
122.23
122.46
122.01
122.51
122.46
122.02
121.07
122.78
122.52
121.29
121.38
122.59
122.68
122.2
122.44
121.41
121.35
122.93
123.09
123.23
122.87
123.07
122.32
121.37
122.46
122.1
121.61
122.61
122.58
122.42
121.78
123.71
123.25
123.02
122.59
122.25
121.61
121.17
121.9
121.42
122.16
122.38
122.21
121.8
122.8
122.26
121.61
121.19
122.49
122.34
122.35
122.05
121.56
120.27
121.64
122.6
121.78
121.59
121.99
122.42
121.71
121.82
122.31
122.66
122.09
122.37
121.45
121.61
122.4
121.85
121.78
122.15
122.62
123.25
122.28
122.56
121.31
120.58
121.57
122.96
122.61
122.45
122.25
121.99
121.7
121.93
121.93
121.92
122.33
122.71
122.33
121.97
123.04
122.46
121.76
122.14
121.68
121.49
122.04
123.15
122.56
121.1
121.15
121.66
122.13
121.85
122.2
122.04
122.28
122.66
121.68
121.76
122.41
122.36
121.55
122.15
122.61
121.8
121.25
122.07
121.79
120.79
121.1
121.67
122.02
122.34
122.12
120.87
121.3
122.16
121.89
122.05
122.49
122.63
121.91
121.83
122.14
121.84
121.33
121.29
122.14
122.44
120.66
120.31
121.11
121.21
122.33
122.11
121.42
121.69
121.69
121.88
121.98
121.71
121.4
121.4
121.65
121.63
121.37
121.61
121.76
121.28
121.35
121.84
121.51
120.84
121.5
122.07
122.28
121.39
121.97
120.91
120.91
121.56
120.87
120.91
122.11
121.33
121.16
121.86
122.28
120.8
119.68
120.4
120.67
121.14
121.56
122.29
121.59
121.59
122.36
122.41
122.01
122.14
122.8
121.84
121.29
121.38
122.19
122.07
122.75
122.29
121.76
121.86
121.76
122.04
121.76
122.26
121.7
120.73
121.46
121.72
121.34
121.83
122.25
121.6
121.84
122.5
122.51
121.97
122.16
123.01
122.15
122.15
121.29
121
120.29
121.26
122.72
122.07
120.59
121.4
121.11
120.41
121.24
121.35
122.05
122.6
122.8
120.98
121.55
122.84
122.78
121.61
121.4
121
120.61
120.81
120.99
120.32
120.49
122.14
122.37
121.27
121.54
121.39
120.04
120.24
120.24
121.84
122.19
122.3
122.57
120.91
121.04
121.81
121.13
121.54
121.42
121.3
121.21
121.88
122.3
121.65
121.53
121.71
121.51
121.38
122.03
120.92
120.59
121.81
122.48
122.32
121.81
122.35
122.32
120.8
121.2
121.17
121.93
122.26
122.85
121.92
121.61
122.73
121.8
121.47
121.73
121.58
121.08
121.23
122.87
122.03
121.17
122.25
121.77
121.42
121.73
121.26
121.05
121.25
121.59
122.66
121.31
121.1
121.68
121.92
121.83
122.24
121.32
120.32
121.4
121.78
121.28
121.28
121.53
120.84
120.27
122.32
121.87
121.55
121.97
121.9
121.61
121.37
122.52
121.86
121.33
121.77
122.04
121.99
121.99
121.93
121.49
121.16
121.82
122.28
121.13
122.7
122.11
121.39
121.45
122.1
122.37
121.78
121.92
122.36
120.89
120.89
122.72
121.76
122.11
122.93
122.55
121.74
122.07
121.54
121.29
121.5
121.73
121.5
121.13
122.01
121.79
121.55
121.31
121.31
121.06
121.24
121.85
121.73
121.93
122.43
121.55
120.64
121
122.44
122.06
120.49
120.99
121.91
122.15
122.53
122.53
121.98
120.72
121.5
121.99
121.3
121.93
121.68
121.33
121.62
122.69
121.95
120.52
121.47
120.67
121.51
122.01
122.01
121.9
121.44
122.42
121.64
120.45
121.82
121.7
121.55
122.16
121.63
120.32
120.82
122.06
121.77
121.77
121.91
121.59
120.45
120.34
121.08
121.79
121.38
121.92
121.79
121.29
121.31
122.26
121.56
120.7
122.12
122.09
121.44
121.23
121.26
121.73
120.46
120.59
120.76
120.78
121.88
122.07
121.27
122.09
123.13
122.05
121.51
121.84
120.44
120.49
121.72
121.72
121.69
120.87
122.17
120.83
120.48
121.02
120.87
119.95
121.01
122.16
121.31
120.82
121.53
120.63
120.36
121.17
121.36
121.06
121.43
121.91
122.16
121.24
121.37
121.08
121.31
121.36
122.41
121.88
120.87
121.94
120.98
120.55
121
121
121.45
121.41
121.92
120.65
119.65
121.66
122.05
121.76
122.53
122.22
121.12
120.15
121.44
122.04
121.37
121.92
122
121.24
121.19
121.67
121.46
120.64
121.45
121.92
121.63
121.63
121.58
121.09
120.88
121.93
121.66
121.29
121.28
121.28
121.23
122.22
122.29
121.31
121.19
121.7
122.16
122.34
122.22
121.82
121.27
121.17
121.4
122.13
121.19
121.64
121.64
121.58
121.15
121.3
120.7
120.76
121.86
121.79
120.67
121.09
121.96
120.75
121.22
122.26
121.36
122.08
122.47
122.47
121.43
121.65
121.76
121.27
120.85
121.93
121.7
121.65
122.17
122.46
121.87
121.62
121.53
121.44
121.72
121.93
121.39
120.6
121.7
122.02
121.77
121.58
121.96
120.96
121.18
121.19
120.84
120.59
121.55
122.45
121.34
120.88
122.06
121.52
121.15
121.81
121.24
120.98
120.76
121.93
122.1
121.05
121.38
121.24
121.36
121.86
121.73
121.1
121.06
122.05
122.05
121.4
121.31
121.63
120.85
120.88
121.49
120.68
120.14
121.09
121.97
120.55
121.69
121.54
120.37
120.24
121.61
121.77
121.77
120.8
120.43
120.05
120.29
120.99
121.24
121.42
122.19
121.18
120.89
121.71
121.72
121.55
120.71
121.5
121.72
121.72
121.44
121.3
121.05
121.31
121.19
121.98
121.88
121.24
121.37
120.86
120.83
121.13
120.99
120.88
121.72
121.66
121.66
121.13
122.14
121.34
120.63
120.83
120.72
120.58
121.49
121.15
121.15
121.48
121.37
120.44
120.59
120.88
121.21
120.54
120.72
121.28
120.12
120.76
121.82
121.62
121.16
121.92
121.62
121.02
121.39
121.73
121.2
121.02
121.62
120.87
120.54
120.54
121.35
120.78
121.47
121.78
121.57
120.9
121.88
121.31
121.77
122.78
121.81
120.8
121.2
121.67
121.01
120.89
120.89
121.62
121.95
121.82
121.37
120.84
121.21
121.24
121.82
121.18
121.4
121.94
121.93
121.58
121.87
121.24
120.73
120.73
121.54
121.94
122.24
122.3
120.96
121.1
121.76
120.73
119.65
120.84
121.11
121.16
121.33
122.15
121.47
121.03
121.6
120.96
120.65
121.35
122.32
121.98
120.69
121.26
120.96
119.91
121.02
121.07
121.14
121.32
121.7
120.61
120.83
121.33
121.29
121.15
121.4
122.01
122.42
121.36
121.69
121.78
120.94
121.47
121.22
121.47
121.5
120.88
120.75
120.49
121.61
120.56
119.26
120.84
122.03
121.63
120.67
121.37
121.06
121.27
121.88
121.95
120.78
120.72
121.65
121.01
119.79
120.57
120.57
119.44
120.38
121.23
121.01
120.54
121.06
120.75
119.37
119.75
120.93
120.3
120.58
120.75
121.02
121.05
121.85
121.4
120.13
120.89
121.5
121.46
120.48
121.03
120.97
120.87
121.16
120.79
120.34
120.27
120.77
120.05
120.93
121.82
120.93
120.51
121.16
122.05
121.06
121.06
122.12
121.26
120.33
120.45
121.1
120.84
121.3
121.49
120.59
120.23
121.67
121.77
120.67
121.81
121.62
121.18
120.61
121.03
121.02
120.31
121.03
120.81
120.08
121.58
122.01
120.78
120.35
122.09
122.09
120.16
119.85
120.15
120.24
120.96
121.82
121.07
120.79
121.46
121.67
120.87
121.7
122.23
121.63
120.21
121.2
121.07
120.16
120.9
121.75
121.44
121.19
121.33
120.97
121.03
121.55
121.07
121.66
122.4
121.46
120.84
121.75
121.44
121.62
121.33
121.28
120.21
119.98
119.98
121.47
121.92
120.52
121.31
121.26
120.82
120.93
121.05
120.37
120.67
120.97
120.64
120.64
121.39
120.68
120.63
120.62
120.54
119.94
119.6
121.19
121.94
120.55
121.19
121.85
121.04
120.6
122.06
121.14
121.14
122.02
121.98
121.62
121
121.24
121.3
121.54
122.32
122.02
121.68
122.01
122.44
121.1
120.31
121.37
121.44
121.18
121.37
121.25
120.3
120.65
121.34
121.62
121.13
121.24
121.06
119.71
120.61
120.24
120.02
120.46
121.62
121.09
121.09
120.93
120.76
120.32
120.54
122.26
121.98
121.15
121.72
121.43
120.8
119.97
120.91
121.2
121.68
121.88
121.99
121.61
121.42
121.27
120.88
121.44
121.49
120.97
121.66
122.27
120.92
121.01
121.82
122
121.53
121.67
121.41
121.74
122.26
122.26
120.56
120.02
120.67
121.89
122.03
120.66
121.37
121.51
120.77
122.4
122.35
120.99
121.99
121.88
121.6
121.21
121.61
122.26
122.43
121.76
120.72
120.39
120.53
121.86
121.94
120.04
120.07
120.65
121.34
122.32
122.69
122.42
121.53
121.53
121.16
120.23
121.22
121.45
120.88
121.77
122.07
120.45
120.18
120.83
121.37
120.67
120.73
120.81
121.47
120.83
120.83
121.19
120.63
121.4
121.59
121.91
121.89
123.07
121.59
120.9
121.64
122.07
121.8
122.16
122.39
120.66
120.56
121.62
121.81
121.76
121.39
122.71
122.28
120.63
121.36
120.96
120.96
121.8
121.75
120.6
121.99
122.23
121.6
121.52
121.52
122.24
120.63
120.96
121.6
121.42
121.51
121.73
121.2
120.56
121.91
122.19
121.37
121.3
122.49
121.32
120.98
121.55
121.55
121.59
122.17
122.8
121.74
121.7
121.98
121.11
120.28
121.62
121.56
120.75
121.23
121.94
121.74
121.91
121.68
122.06
121
121.59
122.07
122.18
122.19
122.77
121.54
120.99
121.66
121.49
120.56
121.27
122.08
122.01
121.4
122.94
121.75
121.15
121.27
121.09
120.52
121.37
122.07
122.09
121.92
122.4
122.37
121.03
120.53
121.1
121.21
121.2
122.65
122.53
121.12
121.5
121.86
121.02
121.25
121.42
121.59
120.92
120.4
120.6
120.8
122.25
121.31
121.03
120.91
121.19
121.04
120.63
120.41
120.4
120.41
121.13
121.54
120.37
120.05
120.65
121.06
121.08
121.96
120.74
120.38
120.1
122.47
121.68
120.41
121.13
121.69
120.73
121.48
121.72
121.46
120.38
121.34
121.57
121.16
122.04
122.5
121.77
120.98
121.92
121.33
120.71
121.88
122.78
121.73
121.33
121.16
121.54
121.28
122.01
121.63
121.36
121.87
122.39
121.66
121.6
122.22
122.22
121.26
121.46
121.45
120.7
121.47
121.7
121.39
120.43
121.14
120.86
120.86
121.39
121.17
119.96
120.81
121.6
120.98
120.82
121.94
121.86
120.79
121.15
121.52
120.96
121.4
121.73
121.64
120.13
121.1
121.79
122.05
121.7
121.4
121.6
121.6
120.81
120.72
120.19
120.97
121.15
120.66
121.25
121.75
120.91
120.85
121.4
121.28
120.93
121.27
122.19
121.47
121.13
122.01
121.78
121.09
121.95
121.7
121.32
120.94
121.1
120.99
121.55
121.21
121.28
121.25
121.65
122.02
121.11
120.66
122.15
121.76
121.51
122.35
121.87
121.23
120.89
120.95
120.14
120.82
121.87
121.72
121.05
120.98
121.94
121.94
120.74
121.37
120.78
121.25
121.76
121.58
121.11
120.87
122.33
122.05
121.06
121.38
121.66
121.32
121.63
121.63
121.88
121.31
120.95
120.94
120.89
122.04
122.44
121.24
120.74
121.69
121.39
120.93
120.89
120.62
120.92
121.83
121.83
121.58
120.75
121.74
120.68
118.95
119.89
120.71
120.97
120.84
121.3
121.4
120.45
120.59
121.45
120.64
121.81
121.93
121.93
121.27
121.47
121.52
120.53
121.46
121.26
120.41
120.97
121.52
120.86
120.71
121.85
121.75
120.37
119.8
121.09
121.09
121.33
121.09
120.79
120.63
121.49
122.06
121.41
121.74
121.23
120.87
121.28
121.58
121.78
119.97
120.77
122.8
122.29
121.39
121.06
120.5
120.99
121.3
121.65
121.79
120.75
121.06
120.6
119.39
121.1
120.84
120.83
121.93
121.1
121.42
122.05
122.05
121.09
119.72
119.89
121.26
121.56
120.94
121.37
122.31
121.83
121.32
121.05
120.22
120.78
121.51
121.51
121.31
121.32
121.43
121
121.35
121.43
120.8
121.38
120.88
120.84
121.48
121.76
121.43
120.3
120.63
121.81
121.81
120.82
121.14
120.18
118.88
120.76
121.94
120.68
120.5
121.65
120.95
120.9
121.27
121.37
120.69
121.1
121.67
121.64
121.64
121.33
121.83
120.91
120.99
121.3
121.55
121.2
121.32
120.82
121.2
121.91
122.65
121.16
121.86
121.98
120.86
120.55
120.55
121.45
121.2
121.41
122.25
121.02
121.44
121.26
120.85
120.82
121.72
121.37
121.39
121.09
122.14
121.14
121.14
121.84
121.18
121.36
121.28
121.74
121.27
121.28
121.94
121.14
120.27
120.93
121.25
121.41
121.23
122.08
121.28
121.28
121.72
121.23
120.66
121.66
121.73
121.74
121.45
122.39
120.75
120.3
121.87
122.11
121.09
121.24
121.83
121.19
120.96
120.96
122.12
121.34
121.45
120.72
120.85
121.02
121.34
121.74
121.21
121.74
121.78
120.64
120.9
120.96
120.42
120.42
121.1
120.49
120.97
122.44
122.61
121.6
121.48
122.33
121.45
120.84
122.35
121.4
120.69
122.4
122.69
121.23
121.23
121
121.16
120.64
121.81
122.11
121.56
121.33
121.83
121.19
120.61
120.91
120.98
120.11
120.58
121.18
120.63
120.89
120.89
122.35
120.69
121.02
121.97
121.63
120.83
121.77
121.16
119.72
120.6
120.39
120.37
120.69
121.53
121.11
119.9
120.7
120.55
120.37
120.83
121.27
120.72
120.1
120.97
120.81
120.43
121.23
121.6
121.32
120.54
120.59
119.95
120.3
120.3
121.19
121.19
122.25
121.39
120.1
120.83
121.61
120.95
120.15
121.07
121.21
120.35
120.19
121.74
121.1
120.67
121.18
121.18
120.98
121.29
121.53
120.87
120.71
120.77
121.03
121.12
121.63
121.03
120.49
120.81
121.97
121.1
120.77
121.33
121.33
119.84
120.5
121.4
121.75
121.68
121.98
121.36
120.21
121.3
121.58
121.77
121.38
121.77
121.44
120.52
120.52
120.75
121
120.95
122.17
122.33
121.64
121.95
121.23
120.35
121.04
122.02
121.21
120.17
121.55
120.98
120.5
121.66
120.99
120.44
121.77
122.24
121.18
121.76
122.51
121.79
121.63
122.14
122.6
121.78
120.9
121.53
121.75
121.22
121.78
121.78
120.58
120.81
122
121.61
121.41
121.46
121.47
120.67
121.04
121.95
121.53
121.01
121.63
121.65
121.09
121.67
121.33
119.88
120.17
120.13
120.2
121
121.28
121.4
120.91
121.04
120.18
119.47
119.91
121.52
120.53
120.69
121.76
121.66
121.66
121.91
121.87
121.12
120.63
120.96
121.33
120.29
120.8
121.12
121.16
121.51
121.27
120.49
120.58
121.16
120.94
120.94
121.03
120.77
121.46
120.99
121.95
121.18
119.99
120.97
121.68
120.65
120.83
121.54
121.08
120.75
121.22
121.55
121.15
120.59
120.85
120.91
120.44
120.1
120.09
120.35
120.09
119.83
120.45
120.71
121.17
120.54
120.92
122.26
121.7
121.7
121.73
121.59
120.84
120.67
120.33
120.43
119.94
120.29
120.81
120.59
121.15
122.39
121.8
121.46
122.21
121.9
120.8
121.76
121.03
120.09
120.54
122.2
121.72
121.26
121.44
120.97
120.87
121.28
121.11
120.62
120.31
121.14
120.85
120.73
121.76
121.9
120.64
121.06
121.47
121.48
121.67
122.11
121.96
121.54
121.46
121.41
121.94
121.27
121.21
121.67
121.67
121.57
122
120.46
120.26
121.67
121.64
120.8
122.15
122.53
121.31
121.51
121.01
121.09
121.61
122.1
121.33
121.33
121.34
121.3
120.87
121.16
121.32
120.96
121.67
122.18
121.5
120.46
120.61
121.42
121.95
122.09
120.95
120.78
120.97
121.41
121.22
120.81
120.96
120.76
120.73
120.7
121.19
121.48
120.63
120.97
120.59
119.83
121.23
121.57
121.28
121.16
121.1
121.34
121.07
120.99
122.01
121.04
119.38
120.59
120.69
120.08
121.13
121.43
120.74
119.95
119.96
119.42
120.88
121.12
121.11
120.81
121.49
121.23
120.11
120.87
121.23
120.63
120.08
120.76
121
121.1
121.59
122.3
121.75
120.58
121.45
121.44
121.08
120.96
121.06
120.45
119.81
121.63
121.6
120.75
120.85
122.32
122.21
121.16
121.58
121.34
121.55
121.77
122.59
121.51
120.88
120.93
120.35
121.04
121.69
121.53
120.68
121.82
121.55
121.1
120.64
121.19
120.5
120.69
120.69
120.48
120.5
121.03
122.09
121.63
121.13
122.23
122.26
120.82
120.95
121.16
120.8
120.75
121.72
121.17
121.09
121.6
121.02
120.67
121.18
120.77
120.21
121.02
121.72
121.94
120.95
121.3
120.85
120.78
121.21
120.93
121.47
121.67
122.59
122.01
120.94
120.87
121.17
121.51
120.48
121.3
121.17
121.22
123.04
122.6
122.32
122.28
122.21
120.64
120.55
121.6
121.93
121.02
122.01
122.3
121.79
120.96
122.08
121.31
121.46
120.98
121.18
121.23
121.72
121.41
121
120.84
121.93
121.66
120.79
121.29
121.36
122.04
121.85
122.4
122.25
121.79
121.6
121.48
120.43
121.47
121.71
121.58
121.05
121.07
120.45
120.08
120.24
119.96
120.99
121.49
122.43
120.61
120.13
121.28
121.21
120.94
121.83
121.57
120.73
120.96
121.43
120.95
120.67
121.82
121.84
120.69
120.58
121.06
120.48
120.68
122.37
121.9
120.62
121.4
120.99
120.38
120.01
120.88
121.34
120.85
122.23
122.17
121.28
121.53
121.47
121.32
120.63
121.57
121.49
121.35
122.48
121.68
121.54
121.64
121.37
121.3
121.03
121.79
121.77
121.65
121.66
122.01
120.73
120.6
122.47
121.99
121.15
120.92
121.09
120.62
121.35
122.46
121.88
121.72
121.96
122.17
121.36
122.03
121.4
120.78
120.11
121.98
121.26
121.47
121.61
120.97
120.34
120.8
122.15
121.55
120.92
121.12
122.3
121.54
121.36
122.35
121.92
122.07
122.26
121.15
120.38
121.64
122.36
121.95
121.07
121.22
120.89
120.55
121.59
122.04
120.95
120.67
121.34
121.59
122
121.72
121.34
121.09
121.87
121.61
121.37
121.19
122.43
121.51
121.6
121.61
120.59
120.6
121.8
121.36
121.47
122.03
121.9
121.24
121.28
121.36
121.43
121.19
121.59
122.86
122.05
121.48
121.39
121.76
121.57
122.46
122.46
121.47
121.49
121.42
120.41
120.23
120.5
120.77
120.87
121.48
121.21
119.43
118.88
120.37
120.8
120.56
121.49
121.82
121.35
122.11
122.37
121.36
121.47
122.64
121.39
121.23
121.7
121.65
120.46
120.64
121.21
121.11
120.43
121.28
122.56
121.75
121.19
122.31
121.86
121.19
121.98
122.2
121.4
122.51
122.28
121.2
121.2
122.34
121.92
121.25
121.67
122
121.68
121.18
120.91
121.81
121.61
121.65
121.1
121.03
121.35
122
121.68
121.17
121.81
121.46
121.94
122.29
121.04
121.26
121.35
122.48
121.91
121.3
121.9
121.45
121.55
121.8
122.09
121.42
121.9
121.92
121.09
120.49
121.74
121.24
121.07
121.37
122.08
121.86
121.2
121.41
121.67
120.63
120.68
120.29
120.59
120.57
120.81
120.91
120.3
121.1
121.11
120.8
121.68
121.66
121.51
122.44
122.21
121.29
121.07
122.01
121.23
120.48
120.98
121.29
121.54
121.24
121.75
120.78
120.4
121.47
121.87
121.33
121.06
121.59
120.56
121.11
121.47
122.09
121.22
121.44
122
121.13
120.22
122.2
121.99
120.85
121.05
120.54
120.8
121.83
121.61
120.76
120.32
120.92
121.23
121.04
121.46
121.91
121.62
121.27
122.31
122.67
121.23
121.54
121.63
121.5
121.14
121.71
120.81
120.4
122.34
120.46
120.52
121.58
122.29
121.94
122.18
122.23
121.72
121.74
122.92
122
121.63
121.99
121.96
121.95
121.78
122.4
122
121.36
121.64
122.1
121.75
121.36
122.4
120.88
121.01
120.8
120.51
119.34
120.63
122.47
122.15
122.1
122.01
121.53
121.68
122.41
122.51
121.78
122.54
122.5
122.01
121.92
140.33
140.81
141.21
141.7
140.33
140.67
140.67
139.98
140.09
139.94
140.02
139.82
139.47
139.89
139.24
140.33
141.18
140.47
140
140.61
140.44
139.62
140.18
140.76
139.47
139.53
140.31
140.37
139.8
140.06
139.6
138.52
139.47
139.94
138.74
139.13
140.65
140.51
139.87
140.51
140.19
139.08
138.91
140.05
139.03
139.41
140.63
140.67
140.18
140.04
139.5
139.14
139.36
139.92
140.33
139.54
140.54
140.47
139.66
139.31
139.81
139.11
139.17
139.86
140.19
139.84
140.53
140.47
138.53
139.44
140.2
138.85
138.69
139.17
139.6
139.49
140.57
140.65
139.21
139.59
140.57
139.75
139.42
139.68
139.14
138.72
139.42
140.01
139.67
139.79
139.64
139.24
139.79
140.64
140.5
139.1
138.8
139.39
139.38
140.02
139.9
140.18
139.12
138.76
139.87
139.64
139.54
139.11
139.11
139.2
140.34
140.26
139.28
139.34
139.86
138.73
139.44
139.17
139.92
140.08
140.09
140.2
139.85
140.24
140.02
140.34
139.95
139.3
138.56
138.44
139.47
139.2
138.48
139
140.54
139.45
139.57
139.93
139.49
138.96
139.81
140.48
139.58
139.22
139.84
139.83
139.23
139.32
139.1
138.82
139.2
139.55
139.7
139.36
139.26
139.06
139.16
139.91
140.78
139.76
139.6
139.93
140.05
140.05
139.79
139.68
139.82
139.73
140.12
138.68
138.83
139.44
138.91
138.64
139.46
139.34
138.84
139.52
138.98
139.37
139.76
139.28
139.31
137.65
138.25
139.04
139.37
140.03
140.15
139.67
139.17
139.24
139.21
139.51
140.22
140.26
139.13
139.47
139.48
139.58
138.85
139.65
139.76
138.61
139.1
140.24
139.41
139.54
140.36
139.44
139.11
139.46
139.05
138.78
139.56
139.85
139.41
139.01
139.64
139.94
138.92
139.73
140.19
139.29
139.03
138.65
138.31
138.13
138.96
139.24
139.27
140.38
139.25
139.17
139.59
139.6
139.7
139.11
139.72
140.39
139.4
138.98
139.53
139.78
139.76
139.12
138.42
137.59
138.05
138.09
137.12
136.47
136.05
136.46
136.07
136.39
136.4
135.77
136.55
136.6
136.78
135.96
135.55
136.04
135.89
136.4
136.62
135.64
135.25
135.48
136.22
136.7
137.22
137.69
137.23
136.98
137.12
137.08
137.21
136.59
136.67
136.68
135.86
137.36
136.09
136.45
136.75
137.36
136.37
136.96
136.59
136.5
137.23
136.93
135.98
136.7
138.08
137.88
137.23
137.47
138.18
137.09
135.83
136
136.86
137.49
137.47
137.23
136.44
137.37
137.02
136.04
136.53
137.31
136.59
136.5
137.21
137.28
136.52
136.81
137.32
136.96
137.12
137.7
137.07
136.12
136.73
136.74
135.86
136.5
136.45
137.69
137.33
137.04
136.83
136.86
136.69
136.68
136.43
136.94
137.03
137.48
137.3
137.92
138.19
137.64
137.64
136.76
136.82
137.52
137.57
138.1
136.52
136.6
135.88
135.37
136.69
136.9
137.49
137.07
137.22
137.43
136.78
136.74
137.16
136.71
136.36
137.11
136.97
136.59
136.25
137.22
137.37
137.43
138.44
138.18
136.81
137.13
136.92
136.73
136.84
136.85
136.21
136.67
136.77
136.89
137.28
137.28
137.37
136.37
137.04
136.35
136.03
135.73
136.41
137.14
136.59
136.96
136.75
135.9
137.33
137.9
136.78
137.12
137.68
138.3
136.24
136.41
137.27
136.62
136.65
137.69
137.23
137.11
136.48
136.8
137.49
138.24
136.73
135.98
136.67
137.94
137.16
135.9
136.56
138.2
136.94
136.34
136.62
136.64
136.91
137.14
137.16
136.15
137.27
137.27
136.82
136.77
137.37
136.55
136.08
137.04
136.86
136.46
136.81
136.65
136.25
135.68
136.88
137.9
136.72
136.82
136.85
136.21
135.86
137.02
137.32
135.95
136.01
136.93
137.25
136.94
136.48
136.3
136.53
137.38
137.39
136.1
136.42
136.63
136.44
136.23
136.61
137.07
136.26
136.67
136.99
136.61
136.34
136.93
136.85
135.9
136.18
136.17
136.47
136.7
137.58
136.27
136.38
137.25
136.83
136.6
136.47
137.13
135.99
137.06
137.07
136.14
136.56
137.27
137.49
136.46
136.94
137.42
136.74
136.94
137.38
136.61
136.13
137.4
137.44
136.02
136.94
136.93
136.44
136.83
136.97
137.5
137.15
137.41
137.57
136.85
136.86
137.13
137.92
136.84
137.95
137.49
136.96
136.74
136.69
136.59
136.86
136.94
136.68
137.2
138.17
137.52
136.48
136.7
137.12
136.48
136.54
136.52
136.65
135.69
136.24
136.42
135.92
136.61
137.33
137.42
137.14
137.22
137.18
137.06
138.44
137.29
135.68
136.72
137.71
136.48
136.24
136.95
137.1
135.38
136.22
137.47
137.8
136.93
136.96
137.19
136.7
137.32
138.05
137.39
136.46
136.84
137.17
136.72
136.88
137.28
136.91
136.95
136.99
136.43
137.06
137.12
136.47
135.34
136.34
136.34
135.58
136.53
137.32
136.72
136.31
136.92
137.41
137.13
136.91
137.28
136.69
136.69
137.57
137.34
137.58
137.48
137.36
136.55
136.75
137.17
135.93
135.56
136.54
136.86
136.68
136.26
136.26
136.09
136.55
137.17
136.65
136.33
136.77
137.31
136.08
136.88
138.01
137.17
136.1
136.89
136.94
136.12
136.03
136.26
136.01
136.43
137.18
137.23
136.24
136.42
137.03
136.11
136.48
136.67
136.42
136.37
137.39
136.49
136.22
137.56
138.24
137
136.41
137.58
136.69
137
137.69
137.9
136.81
136.98
136.92
135.95
136.93
137.38
137.1
136.56
136.04
136.3
136.19
136.24
136.5
136.27
136.83
137.4
136.49
136.67
137.28
136.99
136.62
136.47
136.89
136.09
136.35
136.97
136.85
137.19
137.71
137.11
136.3
136.97
137.21
136.63
138.08
138.38
137.38
136.05
135.4
136.28
136.81
136.46
137.43
137.65
136.69
136.81
136.98
136.11
135.44
135.62
136.11
136.83
136.7
136.49
135.81
136.19
137.11
137.13
136.26
136.27
136.24
135.21
135.83
136.5
136.2
136.62
136.84
136.64
136.03
137.17
137.34
136.26
136.83
136.77
136.68
137.36
138.16
137.79
136.83
137.42
137.05
136.37
136.75
136.45
137.02
138.08
139.37
140.09
139.52
140.62
140.85
140.11
139.68
140.7
140.68
139.16
140.22
140.65
139.39
140.41
140.74
141.2
140.19
139.88
140.19
140.33
141.04
140.67
140.61
140.89
141.19
140.5
140.2
140.27
140.44
139.67
139.46
140.04
138.89
138.53
138.44
137.17
137.04
137.7
138.05
136.74
136.83
137.15
136.94
136.82
136.81
136.9
136.56
136.63
135.63
135.99
136.58
137.16
136.59
136.46
137.23
136.9
135.98
136.04
136.3
135.89
135.79
137.54
137.55
136.7
136.37
136.62
136.6
136.81
137.54
137.71
137.34
136.78
136.32
136.39
136.61
136.43
136.52
136.5
137.37
137.29
136.77
136.58
136.99
136.41
137.01
136.48
136.65
135.98
136.37
136.44
136.38
136.91
137.5
136.21
135.89
136.91
136.56
135.59
135.85
136.91
137.27
137.09
136.36
135.74
135.61
136.53
136.57
136.27
136.63
137.11
137.21
137.24
137.45
137.13
136.09
135.92
136.52
135.58
136.25
136.89
136.29
136.03
137.25
137.31
136.22
136.58
136.58
136.76
136.64
136.14
136.96
136.88
137
136.23
136.93
137.5
137.87
137.17
136.84
136.41
136.33
136.35
135.67
136.69
136.34
136.34
137.39
137.39
136.67
136.77
137.7
136.59
136.67
136.86
136.1
136.13
136.6
136.75
136.37
136.8
137.03
136.62
136.89
137.49
137.25
136.66
137.38
137.87
136.5
137.44
137.72
138.03
138.13
137.96
138.79
138.71
138.61
138.88
138.06
138.03
138.82
138.55
138.83
138.99
139.54
139.61
140.1
139.82
140.09
140.8
142.14
141.56
141.04
141
140.85
139.53
140.33
140.78
140.06
140.48
141.57
141.39
140.62
140.63
140.32
139.66
140.56
141.58
140.2
139.43
140.69
141.01
140.21
140.88
140.69
139.85
140.31
140.71
140.31
139.71
139.77
140.55
140.2
140.18
140.75
141.05
140.72
141.08
142.02
140.9
140.77
140.42
139.97
140.7
141.14
141.02
141.2
141.11
141.63
140.55
140.67
140.62
139.39
139.28
140.81
141.2
140.84
141.12
141.22
140.53
140.54
140.77
141.2
140.08
140.8
140.69
140.36
140.37
140.09
139.6
139.9
140.82
141.16
140.07
139.84
140.53
140.17
140.61
140.8
141.12
140.36
140.46
140.39
138.98
139.64
140.62
139.86
140.08
140.05
139.99
139.92
140.53
140.2
140.43
141.32
141.72
140.21
140.84
141.51
141.12
140.29
140.59
141.17
139.83
139.68
139.94
139.35
140
140.79
141.63
140.55
140.46
141.32
140.71
140.28
140.78
141.03
140.32
140.57
140.27
139.54
140.06
140.38
140.43
140.08
140.61
141.67
140.49
139.63
139.72
139.52
139.53
140.06
140.66
140.42
140.37
140.5
140.3
140.12
140.75
140.91
140.96
140.47
140.04
139.6
139.2
139.98
140.14
140.21
140.26
138.94
138.18
138.86
138.63
139.15
138.47
138.7
138.72
138.98
139.15
139.51
138.92
139.65
139.45
139.27
139.06
139.84
139.99
139.75
139.77
140.79
139.56
138.97
138.99
139.38
139.46
139.17
139.46
140.14
140.49
140.17
139.1
138.88
139.78
139.14
138.51
139.53
140.5
140.16
140.8
140.11
138.87
139.51
140.17
139.49
138.64
138.78
139.35
138.17
136.95
137.03
136.52
136.84
136.97
136.27
135.73
135.83
136
135.61
136.59
137.65
137.46
136.44
137.15
137.12
136.49
136.57
137.01
136.57
137.05
137.03
136.31
135.43
135.55
135.43
135.45
136.46
137.56
137.28
137.2
137.25
137.99
136.88
136.79
137.08
135.94
136.63
138.51
138.41
136.74
135.98
136.89
136.52
138.1
137.38
136.09
136.9
137.35
136.93
135.79
136.59
137.22
136.5
137.11
137.38
136.6
136.42
136.97
137.21
137.34
138.12
137.2
136.38
136.74
136.41
137.18
137.03
137.33
137.64
136.99
136.71
137.2
136.39
136.66
136.66
136.32
136.22
137.72
137.18
135.95
136.51
137.07
136.63
136.43
136.77
137.55
137.46
137.77
138.03
136.82
137.28
137.33
137.51
136.64
136.59
136.44
135.93
136.58
137.83
137.43
137.58
137.58
137.71
136.7
137.23
137.75
136.76
136.77
136.69
136.98
136.39
137.42
137.48
136.52
136.19
137.08
136.71
137.33
137.29
136.96
136.18
136.76
137.49
136.49
137.05
137.05
136.76
137.21
137.42
136.48
136.59
137.59
137.98
137.52
137.11
136.7
136.71
136.84
136.74
137.64
137.19
136.83
137.65
137.08
136.36
136.59
136.71
136.65
136.85
136.61
136.56
136.72
136.77
136.75
136.37
136.16
136.72
137.34
137.66
137.22
136.5
137.08
137.61
138.17
137.57
137.57
138.11
137.21
136.8
137.06
136.49
136.6
137.65
138.02
136.94
136.85
136.27
136.26
137.04
137.6
136.68
136.48
137.71
138.17
136.78
137.11
137.78
137.07
136.67
136.62
136.75
135.96
136.32
137.53
137.1
135.71
136.16
136.35
136.59
136.2
136.41
135.99
137.14
137.34
136.64
136.7
137.19
136.11
135.16
136.36
136.85
136.69
137.03
136.01
135.77
136.76
137.05
137.06
136.51
136.24
135.91
136.08
136.22
136.47
136.89
135.58
136.59
137.38
137.49
137.79
137.17
136.76
136.77
137.16
136.66
136.02
135.66
136.67
137.16
136.88
136.62
136.29
136.26
136.83
136.48
135.91
137.45
136.72
136.28
136.72
137.64
137.32
137.29
137.95
137.75
136.85
136.61
137.11
137.09
136.63
136.98
136.76
136.56
136.63
137.06
136.36
137.02
137.01
137.05
137.07
137.27
137.45
136.64
136.32
136.58
135.96
136.41
136.88
136.04
136.01
136.97
138.78
137.11
136.76
136.66
136.05
135.1
135.87
136.97
136.61
136.43
137.29
137.14
136.92
136.67
136.44
136.18
136.5
137.33
136.91
136.47
137.25
137.12
137.06
136.86
136.62
136.22
136.17
136.7
136.89
137.12
136.7
136.37
135.37
136.85
137.21
136.63
135.43
135.53
136.34
137.4
136.59
137.09
136.2
136.49
136.72
136.65
136.84
137.16
136.79
136.85
136.98
136.96
136.51
136.21
137.17
136.21
135.59
135.56
136.09
136.49
137.38
137.49
136.44
136.26
136.44
136.27
136.88
136.55
136.78
136.93
136.45
137.59
137.47
137.64
137.38
136.64
136.02
136.26
137.13
137.17
137.53
137.57
137.73
137.56
137.15
136.64
136.52
136.99
137.2
136.45
136.4
137.49
136.75
135.2
135.61
135.57
135.91
136.04
136.09
136.11
136.56
137.17
137.1
137.03
137.88
137.07
136.27
136.84
137.5
137.07
136.6
136.04
136.22
135.99
136.98
137.38
136.85
136.65
136.76
136.65
135.76
136.63
136.93
135.61
136.52
136.69
136.91
136.52
136.71
137.25
135.99
135.85
136.17
135.95
135.84
136.25
137.26
136.38
136.67
137.71
136.76
136.39
136.33
136.98
137.45
137.13
137.49
136.38
136.83
137.56
136.69
136.58
136.42
135.74
135.95
136.74
136.94
136.84
137.12
136.19
136.86
136.67
137.4
136.89
136.27
137.66
137.62
137.07
137.19
137.43
136.84
137.04
136.33
136.66
136.14
136.64
137.27
137.05
136.56
136.35
136.35
135.64
136.32
136.05
135.73
136.84
137.09
137
136.64
136.93
136.96
136.97
137.24
136.62
136.94
137
136.93
136.94
135.95
136.44
137.34
135.98
135.82
136.86
136.16
136.3
137.3
137.21
136.15
136.42
137.13
137.62
136.69
136.56
137.46
137.25
137.35
137.24
137.01
136.38
136.9
136.83
136.09
136.62
137.23
136.96
137.05
137.44
136.61
136.34
137.32
136.75
136.52
137.16
137.14
136.49
135.14
135.83
136.46
135.65
135.84
136.31
135.9
136.61
137.72
137.53
137.04
136.73
135.91
135.77
136.32
136.72
136.23
136.51
137.31
137.56
136.46
136.31
136.15
135.59
136.16
136.74
137.13
137.16
137.66
137.29
135.97
135.99
136.57
135.42
135.82
136.94
136.95
136.24
136.28
136.62
136.03
136.57
136.94
136.42
136.23
136.19
136.43
136.54
137.57
136.91
136.25
136.49
137.46
137.14
136.49
136.1
135.6
135.85
136.44
136.97
137.26
136.78
136.89
136.02
136.09
137.01
136.47
136.36
136.72
137.08
136.42
136.83
137.36
137
136.37
135.92
135.95
136.31
136.42
137.24
136.34
135.94
136.02
136.06
135.75
135.09
135.98
135.99
135.43
136.35
137.38
136.78
136.15
136.89
136.97
137.32
137.47
136.3
135.81
137.4
137.99
136.79
136.38
137.02
136.71
135.76
136.56
136.61
137.29
136.28
136.81
136.77
136
136.44
136.87
136.27
136.15
136.74
136.7
136.08
136.93
136.28
136.09
136.52
136.18
136.16
137.03
136.96
136.53
136.61
137.19
136.85
136.14
136.76
137.81
136.14
135.91
137.15
137.7
136.74
136.33
136.61
136.12
136.1
136.71
136.09
136.1
136.46
137.58
136.91
137.11
137.19
136.72
136.16
136.94
136.67
136.64
137.17
137.83
136.89
137.12
137.54
136.63
137.31
136.36
136.22
135.99
136.21
136.5
135.99
136.32
136.53
136.9
137.14
137.35
137.16
137.16
137.08
136.6
136.27
136.14
136.69
137.18
137.12
137.3
137.74
136.81
137.77
137.76
136.62
136.43
137.37
137.49
137.13
137.32
137.35
136.49
137.09
136.66
136.56
136.91
137.85
136.79
136.17
136.8
137.75
137.39
136.73
137.16
137.27
137.02
137.03
137.46
136.93
136.63
137.29
136.7
137.34
137.3
137.45
136.28
136.07
136.74
137.03
137.25
136.54
136.58
136.24
136.66
136.71
136.25
137.26
137.38
137.07
136.8
136.84
137.5
137.15
137.35
137.15
136.13
135.31
136.78
137.68
136.8
137.32
137.73
136.8
135.98
137.43
137.19
137.61
137.37
136.91
136.86
137.36
137.65
136.04
136.13
136.69
136.87
136.85
137.22
137.62
136.81
136.03
136.34
135.84
137.02
137.59
137.43
136.65
137.65
137.83
137.01
136.88
137.21
137.28
136.43
137.15
136.81
136.2
137.27
137.43
136.66
137.48
137.7
137.61
136.9
137.45
136.79
136.24
136.46
137.39
136.78
136.62
137.65
137.78
136.56
137.66
137.09
137.02
137.1
137.1
137.49
136.46
136.2
137.11
136.72
136.77
136.77
136.89
137.26
137.8
138.21
136.56
136.44
136.38
136.28
137.02
137.26
136.82
136.11
137.79
138.05
135.85
135.85
137.47
136.92
136.05
136.18
136.11
136.19
136.28
137.08
136.32
136.33
136.65
136.59
136.81
136.59
136.76
136.31
136.16
137.11
136.47
136.34
136.71
137.38
137.03
136.9
137.47
137.44
138.29
139.31
139.31
138.31
138.69
138.77
138.26
137.93
138.18
137.18
137
137
139.02
137.72
137.72
137.6
137.6
137.95
137.26
137.3
137.92
139.36
138.79
138.24
138.18
138.69
138.2
138.6
138.62
138.53
137.48
137.4
138.19
138.12
137.76
137.89
138.07
138.14
138.93
138.96
137.8
138.14
138
138.06
137.66
138.56
138.93
138.17
138.08
138.82
137.62
138.36
137.26
136.95
138.61
139.39
138.39
137.27
136.94
137.3
137.47
137.85
137.88
137.05
137.94
138.36
137.23
136.63
137.35
137.32
137.41
137.14
137.23
137.07
136.14
136.72
137.04
135.92
135.5
135.7
135.43
135.97
135.89
135.71
135.65
136.61
136.2
134.88
135.31
135.93
135.7
134.37
134.85
136.26
135.53
135.07
135.46
135.07
135.32
134.89
134.29
134.55
135.59
136.07
135.28
135.38
135.81
135.39
135.78
135.73
135.42
134.75
135.33
136.47
135.78
136.15
136.11
135.46
136.75
136.24
134.74
134.41
134.65
134.13
134.03
133.01
133.15
133.92
133.56
133.58
134.03
133.6
133.27
132.75
133.1
132.98
133.37
133.86
132.7
132.12
132.58
133.22
133.18
133.91
133.53
133.32
134.2
134.76
133.26
132.21
133.24
133.64
132.96
132.45
132.26
131.99
133.04
132.59
132.13
132.89
133.21
132.55
131.84
132.28
132.91
132.12
132.39
132.21
130.84
131.35
131.82
132.29
132.19
132.14
133.12
132.07
131.88
132.3
131.98
131.18
131.3
132.43
131.96
132.71
132.1
131.5
132.2
133.01
132.49
132.09
132.06
132
132.03
132.1
131.47
130.83
131.28
132.44
132.9
131.38
131.09
131.18
131.14
131.51
131.78
132.4
131.78
131.38
131.42
130.4
131.2
131.18
131.07
130.91
130.4
130.56
130.35
131.4
131.37
130.04
130.19
130.36
129.9
129.11
127.26
123.79
122.59
123.55
123.56
122.44
122.7
123.33
123.38
123.28
122.78
122.47
122.45
123.72
123.42
122.52
122.73
122.85
122.73
122.7
123.99
123.86
123.14
123.62
123.84
124.15
123.36
123.94
123.08
122.79
123.5
123.64
123.07
122.79
123.1
123.49
122.95
123.29
123.44
122.04
122.88
123.91
123.53
123.58
123.34
122.68
121.81
122.58
123.19
124.17
124.49
123.62
123.08
122.32
123.12
123.03
123.04
123.29
122.86
122.95
123.17
123.16
122.89
123.1
124.5
124.51
123.16
122.65
123.94
123.73
123.36
123.33
123.1
123.96
124.13
123.94
122.59
123.03
123.88
123.23
123.36
123.41
123.53
122.79
122.76
122.77
123.42
123.23
124.03
124.76
123.96
124.47
123.92
122.2
122.29
121.89
121.26
120.77
120.51
120.2
124.46
128.65
127.54
126.11
125.06
126.23
125.73
125.46
125.46
124.87
125.05
125.27
125.49
125.23
125.06
125.12
124.92
125
124.74
125.45
125.11
125.49
125.16
124.66
124.52
125.17
124.95
124.89
124.84
124.79
123.93
124.38
125.7
124.75
124.32
125.28
124.97
124.23
124.34
124.38
124.07
124.16
125.72
125.06
124.94
124.97
124.82
124.67
125.15
124.91
125.94
124.65
123.96
124.95
124.72
125.5
125.12
124.92
124.92
125.66
125.65
125.2
125.82
126.05
125.11
124.63
125.18
124.47
123.88
124.73
124.72
124.45
124.98
124.58
125.7
125.52
125.38
124.73
123.83
123.58
124.7
124.71
125.74
125.46
125.54
125.65
126.42
125.86
124.63
124.05
124.93
124.68
124.14
125.15
125.56
125.42
125.11
124.94
123.62
123.51
123.75
122.51
122.08
122.27
121.99
121.25
121.73
120.57
120.9
120.82
119.76
118.91
118.59
119.07
118.2
116.45
115.17
60.24
115.58
116.08
116.27
115.37
115.84
116.27
115.9
115.83
115.99
115.55
115.68
115.81
116.07
115.96
115.4
115.41
115.75
114.34
115.46
116.33
116.16
115.48
115.66
115.53
115.28
115.61
115.7
115.76
115.99
116.04
116.08
115.94
115.97
115.55
115.05
115.44
115.52
116.11
115.75
116.25
116.02
115.25
117.12
116.24
115.43
116.28
116.59
115.35
115.03
115.31
115.81
115.83
117.15
117.35
116.1
115.91
116.95
116.4
116.01
115.77
116.49
116.33
116.18
116.55
116.65
115.72
116.3
116.69
115.96
117.17
116.43
116.77
117.22
117.09
116.01
116.11
116.52
115.95
115.66
117.1
117.71
116.5
116.14
116.96
116.7
116.47
116.23
117.09
117.65
117.55
116.36
116.12
116.23
116.64
117.73
117.28
117.62
117.13
117.43
117.7
118.3
117.91
117.3
117.15
116.68
116.5
117.83
117.44
117.22
116.99
117.42
117.4
117.19
117.89
118.15
117.31
118.11
117.77
116.85
116.92
117.08
117.41
117.11
117.11
116.73
116.94
117.77
117.79
116.78
116.56
117.76
117.04
116.97
117.81
117.49
116.73
117.09
118.05
116.51
116.42
117.55
117.21
117.05
117.52
118.21
116.51
116.65
116.68
117.19
117.4
118.7
117.99
117.06
117.04
118.37
118.67
117.33
118.78
118.55
117.09
117.75
117.83
117.16
117.48
118.14
118.3
117.56
117.96
117.7
117.36
117.73
118.39
117.94
116.76
118.21
118.15
117.62
118.13
118.82
118.51
118.21
118.03
118.53
117.47
117.96
118.71
117.73
117.9
118.85
118.5
118.53
119
118.24
117.57
117.8
118.17
118.65
118.75
118.32
119.15
118.97
119.11
119.14
117.8
117.91
118.51
118.72
118.72
118.86
118.49
118.36
118.75
118.36
118.41
118.34
118.23
118.66
117.76
118.45
118.35
118.17
119.02
119.09
118.49
118.25
118.8
118.61
118.3
119.27
118.25
117.4
117.97
118.59
118.25
118.36
120.13
118.34
117.74
118.31
118.18
117.35
117.74
118.6
118.21
119.28
119.05
119.67
119.1
119.28
119.71
119.56
120.32
120.17
118.6
118.53
119.23
119.36
119.69
119.48
119.39
119.21
118.88
119.94
119.59
119.18
119.46
118.72
118.55
118.65
119.22
118.65
117.73
118.59
118.89
117.93
119.28
118.99
119.56
120.64
119.71
118.31
118.98
119.71
119.64
119.12
119.38
120
119.84
119.24
119.61
119.68
118.86
119.74
119.04
118.42
119.28
119.13
119.31
119.12
119.47
119.74
119.32
119.87
119.37
118.62
118.7
119.01
118.83
119.39
120.02
120.01
119.01
118.96
119.69
118.63
118.36
119.43
119.4
118.42
119.17
118.88
117.95
118.7
119.76
119.44
118.92
120.07
119.74
119.3
120.21
119.3
118.46
119.03
119.92
120.1
119.15
119.71
119.26
118.38
119.78
120.02
119.89
119.46
120.52
120.14
119.86
119.91
118.42
118.72
119.54
120.13
119.37
118.81
119.6
119.93
118.98
118.79
119.46
118.35
118.25
119.27
119.39
119.22
119.54
118.98
119.1
119.18
119.66
118.55
119.47
119.98
119.04
118.83
120.82
119.68
119.1
119.07
119.73
119.68
118.94
119.52
119.46
118.94
119.35
120.25
119.91
120.29
120.03
119.9
120.19
120.69
119.98
119.05
119.52
120.8
119.93
119.69
120.51
120.07
118.69
120
119.44
119.94
119.82
119.97
118.91
118.77
119.84
119.26
118.57
120.14
120.89
119.7
120.72
120.46
120.26
120.36
121.34
121.17
120.04
120.7
120.54
119.8
119.39
120.18
120.07
120.49
121.39
121.12
120.2
120.38
120.72
120.06
119.58
120.08
119.94
120.08
120.84
119.95
119.71
120.81
120.82
120.79
119.61
119.94
120.87
119.99
120.05
120.24
120.66
120.08
121.12
120.53
119.87
120.31
120.28
120.14
120.49
120.93
120.45
120.06
120.44
120.41
120.1
120.85
120.22
120.56
120.53
120.47
119.46
119.4
119.93
119.47
119.65
121.01
121.41
120.45
120.57
120.69
120.38
120.49
121.69
121.38
120.85
120.24
120.69
120.4
119.5
120.46
120.56
119.54
120.93
121.05
120.07
120.33
121.65
120.69
120.08
120.87
121.12
119.98
120.62
121.29
120.79
121.37
122.02
121.46
120.79
120.19
120.9
120.78
120.94
120.6
120.09
119.46
121.21
121.27
120.36
120.06
119.91
119.65
119.85
120.63
120.32
119.74
120.8
120.58
120.31
120.8
120.56
120.41
120.94
121.06
119.91
119.91
120.93
121.55
120.96
121.07
121.15
119.6
119.82
120.85
120.79
120.77
121.26
121.27
120.8
120.3
120.6
121.31
121.4
121.55
120.99
120.25
121.25
120.83
120.85
120.94
121.82
120.8
119.33
120.09
121.02
120.94
120.54
120
119.28
120.26
120.82
119.82
120.01
121.21
121.76
120.83
120.66
120.44
120.99
120.38
120.33
120.36
120.5
120.9
120.23
119.46
120.01
121.36
120.96
119.92
121.1
121.03
120.63
120.62
120.56
120.26
119.39
120.4
121.16
120.75
120.6
120.13
120.3
119.42
120.45
120.62
120.56
120.16
119.9
119.74
120.06
120.6
120.5
120.15
121.05
120.15
119.23
120.29
120.16
119.96
120.58
120.87
120.47
120.34
121.14
120.96
120.52
120.9
121.09
120.59
120.36
120.87
119.51
118.9
120.45
120.87
120.67
120.6
120.66
120.44
120.05
120.8
121.07
120.71
120.46
120.32
119.67
120.32
120.75
120.73
119.25
120.46
120.2
119.77
121.19
120.9
119.9
120.14
121.32
120.89
119.96
119.69
119.89
120.15
120.72
121.42
120.89
120.59
121.08
121.02
120.44
119.57
119.35
120.43
121.12
121.36
120.75
120.17
120.53
121.47
120.97
121.09
121.35
120.23
119.96
120.85
121.34
120.17
119.87
119.85
119.78
120.35
120.55
120.73
119.97
120.68
121.14
120.74
120.76
120.35
120.04
121.3
121.26
120.16
120.58
120.68
120.49
120.15
120.59
121.21
120.78
119.99
119.82
119.95
119.49
120.43
121.11
121.5
120.55
120.7
121.22
120.88
121.41
121.19
120.67
121.18
120.73
120.49
119.89
121.01
121.67
120.64
120.58
120.26
119.49
120.23
120.75
120.87
120.46
120.93
120.04
119.93
120.4
120.25
120.4
121.81
120.99
120.99
121.3
120.79
121.42
120.67
121.15
120.48
120.36
121.47
121.9
120.59
119.4
120.73
121.14
120.62
121.18
121.65
121.44
121.33
121.38
121.7
122.06
122.11
120.65
119.88
120.79
122.01
121.56
120.77
120.51
120.87
121.05
121.25
121.15
120.68
120.71
120.67
119.9
119.3
121.1
121.41
121.68
121.36
120.86
120.61
119.88
120.81
120.91
120.16
120.78
121.52
120.94
120.65
121.62
121.5
120.07
119.85
120.06
120.85
121.15
121.52
121.2
120.26
121.01
121.2
120.03
120.51
120.46
120.48
120.85
121.56
120.59
120.15
120.9
120.42
119.86
121.26
121.33
121.24
121.89
121.54
121.05
119.9
120.76
120.77
119.5
119.38
120.93
121.05
121.44
121.67
120.82
119.32
120.74
121.93
121.49
122.19
122.11
121.53
119.98
120.16
120.54
120.05
120.63
121.2
120.71
120.52
120.81
120.74
121.15
120.93
120.7
120.46
120.64
120.17
120.7
121.08
121.46
120.46
119.83
121.09
120.2
119.92
121.46
121.63
121.4
120.84
121.94
120.66
119.54
121.4
121.31
120.86
121.25
121.48
120.64
120.53
122.28
121.8
121.3
121
121.65
121.63
120.41
121.51
121.96
120.53
120.74
120.78
120.47
121.67
122.06
121.08
120.58
121.23
121.29
120.79
120.87
120.79
120.88
120.61
121.32
120.71
120.27
121.97
122.09
120.7
121.26
121.67
120.62
120.49
121.8
121.35
121.16
122.27
121.04
121.34
123.22
122.49
121
120.73
121.68
121.85
121.29
120.62
120.77
120.66
120.16
120.93
121.46
121.1
121.66
122.34
121.45
121.51
121.03
120.51
120.35
120.86
121.24
120.52
121.14
120.65
119.88
119.6
120.24
120.91
120.89
121.63
121.63
121.16
121.55
121.72
120.81
121.1
122.41
121.65
120.9
121.67
121.77
120.56
120.81
121.68
121.03
120.28
121.13
121.08
120.75
121.87
121.86
120.57
120.87
121.81
121.79
121.18
122.35
122.15
121.13
120.6
120.55
120.79
120.79
120.95
120.68
121.6
121.64
120.31
121.35
120.99
121.64
121.57
120.79
120.99
121.47
121.44
121.73
121.73
121.63
121.04
120.95
121.38
121.31
121.75
121.38
120.22
120.48
121.81
122.34
120.72
121.04
121.4
121.5
121.6
121.07
121.29
121.38
122.37
122.48
121.49
121.96
122.28
120.83
121.19
121.99
120.81
121.07
121.89
120.88
119.94
121.15
121.51
120.62
121.83
121.92
120.64
120.37
121.62
121.83
121.07
121.72
121.87
120.73
121.75
122.73
121.85
121.94
122.68
121.51
121.42
122.3
122.11
122.22
122.57
123.9
123.38
121.89
121.92
121.75
121.36
122.06
121.95
121.31
121.22
121.45
121.39
121.1
121.64
121.11
120.92
121.88
120.9
120.95
121.21
122.1
121.65
121.57
122.35
123.59
121.84
121.09
121.98
120.96
120.9
122.13
122.23
121.24
122.18
121.82
121.45
121.56
121.89
120.55
121.31
121.99
122.54
121.89
122.02
121.23
120.36
121.58
123.4
122.55
120.77
122.06
121.24
120.83
122.04
121.83
121.52
120.7
120.83
120.88
120.91
122.34
122.98
122.61
122.04
121.96
121.33
120.37
121.63
121.68
120.52
121.07
121.58
120.99
121.89
123.14
121.41
120.64
121.2
121.54
121.23
121.14
121.35
121.64
121.08
122.21
121.95
121.32
122.09
121.32
120.84
121.36
122.01
121.49
121.73
122.86
122.41
120.79
121.63
121.68
121.49
120.54
121.66
121.81
121.05
122.56
122.56
122.47
121.8
121.5
121.28
121.71
121.57
121.88
121.17
122.74
122.56
122.08
121.98
122.39
121.46
121.66
122.92
123.09
122.14
121.81
121.77
122.5
122.79
122.72
121.73
121.1
122.96
122.39
121.78
122.53
122.74
122.29
121.25
122.35
121.77
121.43
121.85
122.31
122.12
121.92
121.95
121.33
121.37
122.69
122.8
122.09
122.22
121.69
120.92
121.97
122.23
122.13
121.46
122.14
122.16
122.16
122.33
122.02
121.88
121.99
122.51
122.66
122.84
123.41
122.6
121.58
121.39
121.59
122.22
121.6
122.21
121.76
121.88
122.36
122.89
122.53
122.44
122.54
121.63
121.41
122.68
122.73
121.49
122.44
122.17
121.78
122.62
122.72
121.87
121.85
122.41
122.33
121.3
121.77
121.91
121.76
122.16
123.24
123.04
122.87
122.87
121.91
121.48
122.5
122.54
121.68
121.24
122.52
122.2
121.54
121.63
122.34
121.98
122.57
122.12
121.56
121.38
122.51
122.22
121.35
121.24
122.19
121.94
121.84
122.48
122.24
121.49
120.87
121.49
121.78
121.73
122.02
122.02
121.21
121.68
120.88
120.55
122.51
122.25
121.71
121.59
122.7
122.3
121.27
122.09
122.52
122.03
121.87
122.02
121.81
121.55
121.95
121.03
120.47
121.25
121.37
121.66
121.67
121.7
121.29
121.28
121.85
121.39
121.06
122.21
122.32
121.44
121.64
122.2
121.88
121.02
121.1
121.35
121.31
121.54
122.22
121.95
122.42
122.36
122.05
122.13
122.67
121.91
121.4
121.56
121.98
122.16
121.54
122.44
121.98
121.91
121.54
121.55
121.29
121.47
122.03
121.73
121.75
122.38
121.79
120.99
121.77
122.12
121.64
122.2
122.52
121.48
121.77
122.43
121.98
121.9
121.92
122.2
122
121.53
122.71
121.77
121.29
122.7
122.86
121.52
121.39
121.54
121
119.98
120.97
121.47
121.63
122.15
122.33
121.44
122.11
123.05
121.79
120.75
121.4
122.19
121.17
121.64
123.23
121.86
122.28
122.37
122.34
122.4
122.03
122.13
121.28
121.41
123.06
122.87
121.91
121.98
121.82
122.09
122.04
122.52
122.9
122.63
122.9
122.1
122.55
121.99
122.35
121.7
121.55
121.21
121.48
120.71
121.32
121.71
121.35
121.87
122.3
122.3
121.44
121.47
121.61
121.02
122.11
122.18
121.34
121.08
122.2
122.5
121.87
122.8
121.67
121.98
121.65
121.75
121.5
122.1
122.19
122.32
121.51
122.31
122.22
121.51
121.36
122.63
123.22
123.08
122.69
121.86
121.95
122.36
122.22
122.03
122
121.89
121.31
121.8
122.84
122.67
122.09
121.18
121.72
120.84
120.85
122.06
121.89
121.9
122.56
121.98
120.94
121.49
122.08
121.87
121.51
122.62
122.24
121.95
122
121.48
122.23
122.8
122.62
121.52
121.04
122.06
122.38
121.98
121.86
121.99
122.17
121.98
121.23
122.21
121.15
122.02
122.19
121.28
121.85
122.28
122.74
122.22
122.08
121.5
121.96
122.71
122.38
121.71
122.01
121.9
120.82
120.85
121.98
121.52
120.97
121.96
123.26
123
122.04
123.13
121.66
121.26
121.91
121.68
121.96
121.94
122
122.21
121.56
122.43
122.79
121.47
121.31
121.79
121.54
121.85
121.59
121.11
121.55
122.57
121.47
122.06
122.17
121.54
120.93
121.28
122.44
122.27
121.78
122.14
122.15
121.25
120.71
121.69
121.94
121.4
122.26
122.3
121.85
122.09
122.53
122.18
121.75
122.07
122.75
122.57
121.76
122.64
121.56
122.38
122.14
122.34
121.42
121.59
122.08
120.99
121.01
121.48
121.24
121.88
123.08
121.75
121.63
122.35
122.08
121.17
122.13
121.86
121.04
120.8
121.63
120.89
121.11
121.07
121.64
121.55
121.52
120.97
120.83
121.13
121.28
122.73
122.29
122.57
122.38
121.37
121.41
122.04
122.68
121.78
123.02
122.77
122.38
120.22
121.42
121.49
122.05
123.24
123.21
123.11
122.4
122.55
122.31
122.38
122.89
123.06
121.88
122.67
122.62
121.35
122.05
122.55
122.32
122.27
121.57
121.47
121.44
122.45
122.57
121.71
121.73
122.43
121.01
121.29
121.66
121.83
121.53
121.71
121.57
121.77
122.08
122.88
121.5
121.2
122.05
121.92
121.64
122.07
121.98
121.66
121.54
123.34
122.63
121.81
122.39
121
120.42
121.72
122.79
122.03
121.33
121.63
122.05
121.96
123.48
122.99
120.96
121.16
122.44
122.71
121.99
122.51
123.26
121.58
121.06
122.39
122.42
122.03
122.34
121.85
121.9
122.75
122.08
121.09
120.45
121.28
122.22
120.84
121.24
121.8
121.83
121.81
122.49
121.68
121.32
121.21
121.42
121.42
121.72
121.8
121.33
120.19
121.63
121.09
120.48
120.75
121.34
121.46
120.94
121.77
121.78
121.38
121.91
122.05
122.02
122.38
122.38
121.61
121.85
122.53
122.18
121.66
122.28
121.4
121.2
121.6
122.05
120.43
120.17
121.05
121.4
121.37
122.14
121.16
120.97
121
120.8
121.24
121.24
122.92
122.16
121.4
121.93
121.42
122.16
121.01
122.03
121.6
120.29
121.03
121.21
120.7
120.81
121.47
121.21
120.03
120.37
121.31
121.3
121.59
122.15
120.9
121.36
122
121.85
120.85
120.09
120.51
120.49
120.04
121.09
119.69
118.95
120.14
120.2
119.9
120.3
120.34
119.86
118.97
120.51
119.4
118.72
120.19
119.88
119.23
119.02
120.06
120.41
119.74
120.94
120.68
119.94
119.9
119.93
120.29
120.02
120.57
120.11
119.36
120.01
120.08
119.82
120.08
121.03
120.94
119.9
120.65
120.31
119.6
120.05
120.27
119.32
119.88
120.38
119.43
117.85
117.9
118.87
118.9
119.21
119.82
119.5
119.04
119.8
119.91
119.3
118.93
119.12
119.04
119.08
119.81
120.1
118.91
120.03
119.78
119.61
119.94
120.38
120.76
120.91
121.28
120.56
120.11
120.25
120.53
119.64
119.4
120.06
119.52
119.95
119.95
120.49
120.79
121.02
120.59
119.1
119.57
120.22
119.97
118.73
118.55
119.78
120.35
119.4
119.84
119.73
118.89
120.26
120.71
119.46
119.39
120.06
119.82
119.48
120.39
120
119.68
120.11
119.13
119.25
119.76
121.08
120.71
120.56
120.63
119.84
119.66
119.35
119.55
119.66
119.28
118.7
119.23
119.35
120.46
121.19
120.55
119.95
120.19
119.1
118.68
120.24
120.27
120.45
120.64
120.36
119.6
118.72
119.51
119.6
119.19
118.65
119.31
119.58
119.91
120.12
119.93
119.53
121.19
120.85
119.89
120.33
120.64
119.65
119.62
120.92
120.29
119.81
120.71
120.56
119.03
119.67
120.58
120.61
120.15
120.32
120.04
120.25
121.48
121.04
119.96
119.12
119.88
120.05
119.96
120.77
121.41
121.28
121.43
121.37
120.43
119.48
120.48
121.11
121.06
121.69
121.3
119.16
119
120.29
120.18
119.02
120.05
119.81
119.4
119.35
120.23
119.2
119.06
120.11
119.88
119
119.28
119.17
118.24
118.97
119.85
119.6
120.1
120.72
120.6
121.32
120.09
120.31
119.99
121.12
121.05
120.4
119.8
121.06
121.4
120.67
120.77
121.4
120.93
120.05
120.95
120.65
119.96
120.56
120.79
119.95
120.82
121.19
121.29
119.77
120.83
121.09
120.51
120.15
120.41
120.12
120.41
120.5
120.81
119.96
119.6
120.85
120.72
120.45
121.12
120.28
119.77
121.44
121.35
120.71
120.03
120.33
120.03
119.45
119.57
120.32
119.31
120.12
120.91
120.23
119.53
120.81
121.02
119.85
120.47
120.56
120.53
120.38
120.36
118.93
119.49
120.75
121.18
119.98
119.18
119.57
119.96
119.3
120.77
119.82
119.63
119.81
120.35
120.23
119.96
120.03
120.27
119.29
120.31
120.55
119.83
119.82
119.9
119.21
119.5
119.93
119.34
118.41
119.49
119.73
119.47
120.23
119.55
119.76
119.57
120.49
119.54
119.7
120.72
120.85
119.6
120.75
120.75
120.17
120.23
120.69
120.16
118.74
118.53
119.52
120.18
119.87
120.39
119.55
119.38
120.31
121
120.18
119.95
119.83
120.04
119.67
121.08
120.75
120.04
120.36
120.96
120.25
120.54
120.89
120.5
119.84
120.4
120.82
119.91
119.94
120.89
120.71
120.06
120.69
119.77
119.95
119.71
119.75
120.07
120.53
121.37
120.74
119.73
119.89
120.39
120.61
121.41
122.16
120.99
119.6
119.83
120.3
119.57
120.52
120.99
120.14
119.41
120.02
120.3
119.97
121.43
121.02
121.06
120.87
121.23
120.46
120.26
120.83
120.74
120.18
120
120.3
119.68
119.95
120.4
120.61
120.21
120.61
120.73
120.07
119.88
120.12
120.43
119.77
120.1
120.75
119.85
119.27
119.83
120.46
120.49
120.75
119.73
120.03
120.98
120.33
120.01
120.96
121.2
120.66
120.03
120.65
121.31
119.83
120.09
121.53
121.1
120.73
121.2
120.29
120.31
120.52
121
120.45
120.7
121.37
121.2
120.21
120.08
119.36
118.61
120.21
119.85
120.06
120.06
120.55
119.27
119.33
120.62
120.37
118.57
118.59
119.46
120.14
120.35
120.91
121.26
120.99
120.77
121.49
120.38
120.03
121.06
120.46
119.14
120
120.95
121.07
121.31
120.96
120.48
120.22
120.67
120.25
118.93
120.36
121.65
121.21
121.06
120.65
120.26
120.02
120.56
120.07
120.03
120.64
121.05
120.39
120.7
120.73
120
119.75
120.33
120.73
120.58
120.39
120.66
119.14
118.21
119.28
119.94
120.5
119.8
120.14
121.01
121
121.44
120.47
120.16
120.67
121.37
121.22
121.01
121.27
121.21
120.83
121.03
120.56
120.09
121.51
121.2
120.72
120.7
120.84
120.76
120.75
120.76
120.6
120.7
120.68
120.52
120.18
120.21
120.95
119.81
119.42
119.32
119.19
119.47
119
119.45
119.14
119.98
121
121.61
121.4
121.95
122.39
121.29
120.31
120.83
120.71
120.79
121.86
121.35
120.64
120.5
121.66
121.04
120.96
121.08
120.9
120.12
120.29
120.25
120.24
120.26
121.51
120.45
119.49
120.43
120.46
119.72
119.89
120.32
120.72
120.47
121.08
120.73
119.99
120.39
120.53
119.63
118.82
120.29
120.83
120.5
120.74
120.3
119.52
120.52
120.28
120.53
120.57
121.29
121.95
121.04
120.61
120.77
120.09
120.4
121.12
121.17
120.61
120.62
121.1
120.4
119.69
120.72
120.69
120.93
121.75
121.33
121.34
120.69
121.07
120.15
118.85
119.97
120.4
120.61
121.39
121.13
120.86
120.06
120.37
120.76
120.11
121.35
121.09
121.13
121.04
119.76
120.21
120.29
119.61
119.39
119.59
121.29
120.67
120.64
121.32
121.97
122.06
121.52
121.72
121.26
120.74
121.28
120.78
119.67
120.95
122.33
121.93
120.88
120.79
120.65
120.11
121.48
121.12
119.25
119.62
120.87
121.12
120.96
123.04
123.22
121.45
121.02
120.64
120.92
120.62
122.04
121.93
121.4
121.14
121.86
121.51
120.61
122.01
121.61
121.02
121.22
121.64
121.28
120.69
121.28
121.07
121.45
121.55
120.53
121.06
122.08
122.41
121.99
121.4
121.64
120.94
120.47
121.36
121.52
121.35
121.58
121.76
121.28
120.72
122.05
121.13
120.57
120.58
121.02
120.62
119.92
121.23
121.44
120.42
121.61
121.92
121.25
121.6
121.3
120.64
120.65
121.45
121.67
120.73
120.38
120.49
120.27
120.18
120.93
119.76
119.06
119.96
120.57
121.14
121.38
121.08
120.92
120.83
122.65
122.03
120.35
121.02
121.5
120.82
120.51
120.63
120.21
120.69
120.36
120.05
120.25
120.81
121.45
120.67
119.65
121.12
120.54
120.32
121.7
121.99
120.84
120.45
121.63
121.52
120.48
120.77
121.67
121.67
120.1
120.71
120.61
121.09
121.6
121.03
120.95
121.53
121.57
121.24
121.12
122.17
120.63
121.18
121.74
122.13
121.09
121.21
121.76
121.26
120.77
120.9
120.82
119.95
121.22
121.35
122.06
122.15
122.88
122.39
121.65
121.15
121.46
121.46
122.95
122.95
121.02
121.18
122.55
122.78
121.48
122.6
121.37
121.64
121.37
121.42
120.37
120.99
121.71
121.03
119.77
119.87
120.27
120.7
119.85
120.7
120.05
121.1
121.93
122.18
120.96
121.39
122.04
121.74
120.99
121.3
120.34
119.88
120.95
121.86
121.33
121.39
121.8
120.52
121.47
121.39
121.4
120.83
121.14
121.79
120.86
120.65
121.71
120.06
119.84
121.18
121.85
120.56
120.65
122.34
122.09
120.3
121.01
121.36
121.05
120.8
120.44
121.46
120.55
121.49
120.7
120.58
121.31
121.52
120.85
120.34
121.85
120.34
119.51
120.66
121.31
121.12
120.77
121.17
121.08
120.5
120.56
120.57
120.3
120.65
121.33
120.54
120.22
121.23
120.64
119.64
121.8
121.64
121.26
120.77
121.77
121.28
120.19
120.98
121.27
119.61
120.28
120.89
118.92
119.06
121.42
121.46
121.05
120.75
120.48
119.53
119.56
120.31
120.1
120.09
121.12
121.15
120.31
120.69
120.58
120.52
120.26
120.41
121.37
121.11
121.69
120.95
120.59
121.01
120.99
120.93
120.48
120.66
120.55
119.37
118.86
119.02
118.24
119.25
120.18
119.53
119.9
121
120.39
120.29
120.15
120.23
120.68
120.37
120.37
121.01
121.19
121.84
121.73
120.71
120.72
120.76
120.65
120.74
122.34
122.43
120.18
119.12
120.83
121.64
121.47
121.18
121.18
120.53
120.85
120.85
121.71
121.5
121.95
121.3
121.01
121.15
120.91
119.68
120.54
121.4
121.19
121.43
121.53
120.52
120.52
120.35
122.02
120.85
120.06
119.65
119.6
119.58
120.28
120.57
119.36
119.04
120.66
120.77
120.5
121.73
121.54
120.72
120.9
120.56
120.56
120.63
121.07
121.34
119.94
119.97
120.23
120.09
120.52
120.81
120.14
120.07
120.21
120.7
120.7
120.02
121.47
120.49
120.68
122.53
121.47
120.76
121.36
120.6
120.46
119.71
120.57
120.81
120.94
121.79
121.22
119.72
119.31
119.77
119.53
119.53
119.93
120.61
120.18
119.71
119.25
119.46
120.02
120.65
120.19
120.86
121.11
121.1
120.52
120.19
120.19
121.13
120.12
120.9
121.04
120.47
120.74
120.64
120.05
121.14
122.32
121.27
120.52
121.55
121.59
121.59
121.46
121.46
121.64
120.31
121.04
121.1
120.65
121.22
121.69
120.2
120.96
122.57
121.35
120.74
121.25
120.54
120.54
120.21
121.68
121.34
120.11
119.15
119.91
120.62
122.36
121.58
120.27
120.26
120.55
119.84
119.77
120.88
120.58
120.58
121.46
120.54
120.29
120.29
122.19
121.08
120.76
120.97
120.37
119.69
121.04
121.47
120.56
120.22
120.94
121.1
120.74
122.93
122.56
121.27
121.31
122.12
121.97
121.56
121.61
121.97
120.4
120.94
121.38
120.87
121.04
122.33
121.75
121.75
121.46
121.46
121.83
121.83
120.89
120.11
119.78
120.18
120.55
120.12
120.66
121.78
121.32
119.76
120.95
120.8
120.1
120.1
120.5
119.57
120.35
121.51
120.88
120.19
121.09
120.87
120.5
121.29
120.76
120.12
120.88
121.21
119.47
119.47
120.14
120.21
120.24
120.57
120.66
120.26
120.13
121.07
120.96
119.9
120.35
121.35
120.93
120.44
120.21
118.97
118.83
120.02
120.45
120.8
119.38
119.57
119.87
120
120.83
121.02
120.6
119.99
120.84
120.49
121.55
122.85
121.67
121.67
121.01
122.67
121.74
121.74
122.46
121.75
119.84
120.54
121.76
120.91
120.8
121.91
120.73
119.98
121.48
121.72
120.86
121.63
121.48
120.7
121.26
121.26
121.08
120.89
121.75
121.63
121.29
121.83
122.35
121.9
121.81
121.56
121.08
120.96
121.81
121.33
120.92
121.47
121.81
120.91
121.28
121.88
121.57
121.13
121.27
121.65
121.41
120.26
120.49
119.89
119.88
120.17
120.84
121.2
121.5
121.83
121.37
120.98
120.97
121.58
120.95
120.48
120.72
120.33
119.74
121.12
119.71
118.81
118.89
118.89
120.4
120.8
121.38
121.87
121.17
121.49
121.43
120.79
121.21
121.08
121.62
120.93
121.22
121.52
121.39
121.62
122.55
121.36
121.71
121.67
121.25
120.85
122.1
122.27
120.86
121.61
121.74
121.3
121.68
122.1
121.97
120.77
120.84
120.84
121.22
121.8
121.76
121.25
119.88
121.62
121.53
121.16
121.29
121.96
120.44
119.88
120.23
120.24
118.97
120.78
120.5
120.41
121.08
121.15
120.26
120.63
121.05
121.02
120.12
120.25
121.2
121.31
120.56
121.75
120.83
121.56
122.59
121.37
121.63
122.3
122.11
121.36
121.07
121.57
121.21
120.94
121.75
121.69
121.38
120.9
121.01
120.74
120.55
122.24
121.41
120.87
121.11
121.11
120.98
121.12
122.52
121.75
121.31
121.15
121.57
120.48
120.93
122.43
121.56
120.83
121.58
121.08
121.08
122.89
122.89
122.72
121.99
121.61
121.58
121.23
122.24
122.57
122.66
121.93
122.26
121.72
120.29
120.94
120.8
120.95
120.95
121.08
121.63
121.36
121.8
121.33
121.43
121.65
121.5
121.97
121.39
121.59
121.62
121.41
121.58
121.61
121.32
121.15
121.07
121.17
120.86
122.15
122.93
122.56
122.46
121.99
121.29
121.31
121.31
120.3
120.78
121.32
121.42
121.55
122.08
122.08
121.32
121.1
122.53
121.72
120.9
121.09
119.79
119.52
120.48
121.66
121.19
120.59
120.93
121.23
121.1
121.93
121.92
121.92
120.64
121.67
121.92
121.19
121.07
120.82
121.08
121.12
121.97
122.06
121.66
121.91
121.11
121.09
121.01
120.74
120.65
121.39
122.04
121.93
120.76
121.51
121.03
120.87
121.49
121.82
121.59
121.04
121.6
121.65
120.8
121.04
121.22
121.59
121.38
122.14
121.5
121.54
122.18
120.55
120.4
120.89
121.17
121.02
121.22
121.07
121
120.9
121.99
121.3
121.3
121.71
121.7
119.7
119.8
121.2
121.26
119.6
121.4
121.68
120.78
119.54
120.4
120.6
120.02
120.93
120.93
120.5
121.28
122.06
121.6
120.94
121.58
120.93
120.33
120.88
121.14
120.91
121.65
121.68
121.25
120.73
121.88
121.8
121.13
121.28
121.44
121.28
121.81
121.81
121.94
120.79
121.6
120.98
120.23
121
120.92
120.59
120.89
120.89
120.45
119.4
120.56
121.67
121.88
121.86
122.66
121.99
120.83
121.64
120.81
120.61
121.31
121.62
120.67
120.73
120.96
120.44
120.44
121.11
120.85
120.98
119.97
120.33
120.81
120.4
120.79
120.85
120.53
120.86
121.23
120.59
121.05
121.05
120.45
119.44
120.81
120.92
120.29
120.59
121.58
121.08
121.27
121.75
121.5
121.23
121.81
121.9
121.63
120.89
121.02
120.74
120.22
121.07
120.68
119.87
120.68
121.65
121.38
121.05
121.88
121.16
120.45
120.6
121.39
121.18
121.25
122.43
122.43
121.56
121.49
121.08
120.62
120.78
121.74
121.4
120.98
121.23
120.83
120.42
122.17
122.32
121.52
121.44
121.88
121.59
121.21
121.21
122.85
121.16
121.22
120.83
120.54
119.89
121.68
121.56
121.38
121.72
121.44
120.83
121.85
122.7
122.39
121.64
121.89
121.53
120.59
120.99
121.29
121.04
121.19
121.26
121.05
120.66
121.33
120.99
120.92
121.78
121.6
121.3
120.79
120.79
122.26
121.53
121.15
121.09
120.62
121.18
121.93
121.82
121.82
122.37
122.26
121.16
120.95
121.61
120.69
120.69
121.99
121.12
121.13
122.72
122.97
121.74
121.41
122.32
121.36
122.1
122.38
122.49
121
121.81
122.17
122.17
120.98
120.98
121.2
121.22
122.15
121.34
120.82
121.25
121.4
120.61
120.65
121.48
121
120.75
122.06
123.24
121.38
121.38
121.6
120.05
119.43
121.21
121.78
121.44
121.07
121.67
120.58
120.2
120.89
120.48
120.03
120.93
121.04
121
120.29
120.29
121.37
120.97
121.37
120.42
120.68
122.74
122.03
119.86
120.12
122.27
121.9
121.96
122.26
122.82
121.64
121.77
121.62
120.7
121.52
121.91
122.46
121.86
121.79
122.47
122.05
122.39
122.74
122.18
121.43
122.19
121.92
121.42
121.36
121.36
121.09
120.8
121.99
121.09
120.58
121.28
122.05
121.19
121.09
122.19
121.76
121.85
123.26
123.4
122.67
121.61
121.61
121.86
121.47
121.23
120.83
121.28
121.88
122.43
121.36
121.56
122.31
121.64
121.06
121.71
122.15
121.37
121.37
122.28
122.28
121.41
121.71
122.89
121.84
122.05
121.5
121.3
122.36
123.1
122.87
122.79
122.79
122.15
121.56
121.56
122.95
123.02
123.76
123.58
122.02
121.29
122.73
122.97
122.06
121.55
122.3
122.14
122.32
123.26
122.69
121.95
122.39
122.24
122.06
122.36
122.02
121.07
120.76
122.48
122.28
121.96
122.44
122.33
121.05
121.81
121.78
122.29
121.17
121.17
122.02
121.75
121.8
122.29
122.18
122.63
122.97
122.19
121.64
121.4
122.08
122.19
122.1
122.24
121.98
122.39
121.81
121.09
120.64
122.14
123.52
122.71
122.49
123.02
122.32
122.34
122.39
122.46
121.99
122.39
121.92
120.88
121
122.76
122.76
120.86
121.31
121.89
121.44
121.8
122.01
121.88
122.44
123.49
123.39
121.83
121.86
122.27
121.82
121.5
123.15
122.89
122.22
123.05
121.97
121.25
121.61
122.42
122.28
121.44
122.73
122.14
121.37
122.82
122.92
122.07
121.65
121.94
121.8
122.4
122.98
122.16
121.1
122.54
122.29
121.84
122.3
122.58
122.02
121.86
121.9
121.61
122.06
122.06
122.18
121.85
121.2
121.2
121.65
121.31
122.51
124.23
123.97
123.7
124.14
124.66
123.8
124.48
123.88
124.65
125.16
124.51
123.57
123.57
123.32
124.62
124.25
124.15
123.68
122.77
122.97
123.65
123.64
122.85
123.49
124.08
123.38
123.4
123.07
123
123
124.75
124.42
123.86
123.78
123.12
122.43
122.51
123.67
122.94
122.09
122.97
123.14
122.52
123.1
124.08
123.58
122.95
124.24
123.47
122.84
124.45
123.94
123.47
123.35
123.84
124.43
124.8
124.82
124.03
123.66
124.17
125.14
123.99
123.99
123.67
124.1
123.99
125.23
124.82
124.88
123.64
123.34
123.18
122.09
123.66
122.91
122.81
123.9
123.52
122.5
123.66
125.45
124.51
124.07
123.66
124.21
123.24
124.29
124.76
124.56
124.83
125.21
123.94
123
123.95
123.69
123.1
123
123.34
124.11
124.04
124.59
124.8
123.81
123.82
124.15
122.88
123.09
124.48
123.57
122.73
124.01
124.3
123.88
123.88
124.36
124.06
124.93
125.35
124.5
123.91
124.68
124.18
123.85
123.81
124.43
124.44
123.71
124.14
124.32
124.39
124.45
124.57
124.27
124.5
124.95
124.29
123.28
123.54
124.37
123.45
123.36
123.5
124.41
123.53
124.41
124.59
123.32
124.57
124.57
124.11
123.53
124.93
125.23
124.35
124.63
125.33
124.63
124.12
123.88
124.65
124.76
125.38
124.27
122.99
124.63
124.34
123.76
124.07
124.72
124.21
124.08
125.03
124.74
124.28
125
124.98
124.15
125.28
125.47
125.17
123.08
123.89
125.26
124.33
124.17
125.07
124.38
123.38
123.53
124
123.23
123.54
122.42
122.18
123.29
123.56
123.23
122.65
123.71
123.88
122.53
122.93
124.66
125.08
123.76
124.44
124.16
123.78
125.53
125.29
123.82
123.04
123.43
123.17
122.58
123.89
124.07
124.07
122.91
123.46
123.09
123.12
124.56
125.23
124.36
123.86
123.44
124.45
124.92
124.86
123.66
124.38
124.96
124.27
123.76
124.43
124.13
123
123.52
124.21
124.37
123.46
124.09
124.37
122.8
123.01
123.15
122.66
122.44
123.62
124.68
123.87
124.88
124.35
123.8
124.39
125
124.25
124.26
125.08
123.96
122.72
123.31
124.32
123.35
123.18
124.09
124.42
123.58
124.37
125.09
124.24
123.75
124.01
123.72
124.5
124.73
123.36
123.04
123.74
122.87
122.2
121.9
122.99
122.63
122.88
122.88
123.96
123.96
124.58
124.86
123.8
123.89
124.07
123.78
123.33
124.44
124.83
124.7
124.43
124.66
124.32
124.08
124.28
124.51
124.19
124.48
124.06
123.49
123.46
124.38
123.89
123.33
124.26
123.9
122.87
123.28
123.84
124.11
123.84
124.58
124.23
123.46
123.82
124.88
123.79
123.42
124.13
123.61
123.61
124.6
124.78
123.82
123.76
124.82
124.15
124.25
125.11
124.05
123.17
124.02
124.86
123.98
124.45
124.39
123.68
122.9
123.62
123.85
123.46
124.06
124.09
123.49
123.28
123.28
124.14
124.01
123.84
123.46
122.82
123.16
123.9
123.45
123.6
124.07
123.54
122.78
123.79
123.84
124.13
124.85
124.85
124.31
123.67
123.62
123.95
123.97
124.18
125.41
124.78
124.61
124.91
125.28
124.57
125.11
125.46
125.25
125.06
125.06
124.14
124.59
125.04
125.47
125.59
125.45
124.86
124.37
123.76
123.65
124.17
124.07
124.11
124.22
123.85
124.52
124.95
124.23
122.84
123.04
122.66
122.88
123.78
123.15
122.31
122.45
123.25
123.85
123.31
124.93
124
122.71
122.52
122.18
122.18
123.18
124.81
123.76
123.59
125.28
124.68
123.64
125.02
125.16
124.97
124.69
125.21
124.77
124.18
125.53
125.53
123.35
124.72
125.11
123.59
123.13
124.19
125.03
124.1
124.26
124.35
123.79
124.31
125.02
125.3
124.94
124.83
124.47
123.2
123
122.97
122.32
122.5
123.64
123.23
122.88
123.33
124.06
122.36
123.06
122.81
122.33
122.91
124.61
125.11
124.09
124.38
124.1
123.26
123.71
124.74
125.31
125.04
125.43
125.4
125.17
124.97
125.32
125.09
124.18
125.07
125.67
125.13
125.42
125.44
124.52
124.34
125.11
124.09
124.37
124.81
124.46
124
124.6
124.4
124.37
124.96
125.24
125.42
125.42
124.7
124.39
124.03
125.01
125.59
125.4
125.01
124.96
125.18
124.14
124.51
124.67
124.36
124.6
125.21
124.62
124.62
124.45
125.26
124.75
124.93
124.52
124.02
125.27
125.5
124.73
125.23
124.88
123.44
121.79
124.15
124.27
124.18
125.18
125.54
124.82
124.27
125.16
125.85
125.1
124.48
124.12
123.35
123.31
123.92
124.81
124.04
125.07
125.04
124.51
124.86
125.25
125
123.76
124.27
124.9
125.28
125.47
126.42
124.52
123.93
124.95
124.98
123.44
124.47
124.89
124.53
124.36
124.73
124.81
124.33
124.94
125.24
124.95
124.65
124.88
124.25
124.08
125.32
124.33
123.49
125.08
125.66
125.21
125.4
125.34
124.91
125.39
125.39
125.39
124.79
124.31
124.76
124.2
124.28
125.38
125.28
124.58
125.35
125.5
124.3
124.72
125.42
123.73
123.75
126.03
125.77
124.63
125.02
125.25
123.92
124.94
126.04
125.13
123.52
124.85
125.19
124.7
125.02
124.35
124.08
124.66
124.85
124.72
125.03
125.03
125.13
124.47
125.6
124.93
124.32
125.42
125.72
124.83
124.63
125.5
125.35
123.85
124.11
125.32
125.12
124.37
125.64
125.79
124.65
124.68
125.93
126.1
124.92
125.26
124.16
123.92
124.26
123.94
124.48
125.8
125.74
124.55
125.13
125.63
124.94
124.18
125.79
126.37
124.64
124.84
125.71
125.73
125.24
125.5
125.32
124.6
125.21
124.77
124.65
124.48
125.88
125.83
124.86
125.48
124.86
124.27
124.23
124.79
124.84
124.73
125.79
125.31
124.92
125.85
125.33
124.05
124.78
125.77
125.46
124.55
124.97
125.7
124.85
124.23
124.94
124.7
124.81
125.24
124.66
124.36
124.6
124.98
124.95
125.2
125.23
125.29
124.57
125.29
125.4
124.99
125.14
125.32
124.97
125.13
125.3
124.58
124.07
125.51
125.14
124.52
125.15
125.82
125.61
125.87
125.83
125.37
124.6
125.63
125.82
125.48
125.27
126.02
125.62
125.03
125.3
125.42
124.57
124.45
125.24
125.68
125.75
125.25
125.73
124.16
124.9
124.43
124.47
125.56
125.6
124.95
124.78
124.08
124.08
124.3
125.08
124.84
123.54
123.14
124.06
123.26
122.72
123.92
124.29
124.46
123.88
124.41
123.81
123.05
124.36
125.36
124.66
125.44
125.49
124.97
124.96
125.29
124.9
124.57
125.68
125.39
125.08
125.59
126.02
125.69
126.21
126.58
125.41
124.48
124.92
125.03
124.32
124.55
124.06
124.74
124.12
123.78
123.81
123.43
124.06
124.89
125.03
125.18
125.7
125.76
125.17
125.82
125.83
125.13
125.15
125.23
125.42
125.29
124.79
125.42
125.34
125.85
125.73
125.73
125.37
125.32
123.93
125.03
126.17
125.66
125.03
125.96
125.88
125.3
125.73
126.31
125.98
124.32
124.95
124.8
124.46
124.46
125.76
125.7
124.72
125.46
125.12
124.31
124.86
125.81
124.74
124.96
125.39
125.58
124.04
125.12
125.12
124.76
124.38
124.52
124.22
123.83
124.69
124.5
125.36
125.56
125.87
124.43
125.53
125.91
124.28
124.51
125.8
124.94
124.94
125.73
124.94
125.32
125.54
125.01
124.71
124.72
125.77
125.3
125.5
125.77
124.88
124.33
125.31
126.15
125.11
124.02
124.14
123.74
123.68
125.49
126.33
125.44
124.99
125.71
125.41
125.12
125.89
125.14
124.38
124.5
124.81
124.54
125.39
125.72
125.06
123.72
124.45
123.85
123.29
123.45
123.61
122.83
122.96
124.7
124.8
124.83
126.08
126.2
124.8
124.62
124.02
123.1
122.92
124.16
124.38
123.61
123.24
123.11
122.76
124.19
125.21
124.81
124.16
124.63
124.59
123.19
123.85
123
123
123.53
124.57
124.81
124.08
124.58
124.52