337.04
336.95
337.09
337.09
337.08
337.07
337.11
337.19
337.06
337.19
337.32
337.12
336.8
336.96
336.98
337.15
337.17
337.36
337.22
337.2
337.12
337.19
337.19
337.16
337.33
337.16
336.98
336.95
337.05
337.14
337.06
336.84
336.86
336.86
336.74
336.74
336.89
336.74
336.91
336.76
336.98
336.89
336.96
336.84
336.86
336.75
336.72
336.91
336.93
337.03
336.93
336.92
336.81
336.9
336.98
336.64
336.86
336.91
336.81
336.9
336.83
336.83
336.78
336.85
336.87
337.13
337.01
337.19
337.15
337.17
337.08
337.06
336.97
336.95
337.11
336.69
336.52
336.88
337.26
337.04
337.01
337.34
336.99
337.13
337.01
337.06
337.03
336.93
337.13
336.86
337.01
337.08
337.13
337.06
336.86
337.03
337.04
337.08
337.04
337.06
337.06
337.37
337.06
337.11
336.97
336.94
336.85
336.97
337.02
336.92
336.9
336.89
336.83
336.82
337
336.67
336.49
337.11
337.37
337.2
336.86
336.91
337.01
337.08
337.35
337.48
337.3
337.18
337.29
337.15
337.2
336.99
337.27
337.11
337.2
337.2
337.24
337.22
337.1
337.27
337.38
337.22
337.04
337
337.18
337.27
336.96
337.1
337.16
337.22
337.04
337.42
337.21
337.44
337.31
337.08
337.3
337.09
337.32
337.45
337.43
337.53
337.4
337.42
337.05
337.26
337.24
337.41
337.47
337.19
337.33
337.34
337.36
337.45
337.53
337.04
337.25
337.29
337.34
337.2
337.46
337.26
337.43
337.45
337.22
337.24
337.21
337.33
337.12
337.17
337.18
337.37
337.27
337.31
337.24
337.12
337.12
337.39
337.27
337.1
337.07
337.12
337.2
337.2
337.3
337.24
337.3
337.23
337.19
337.08
337.24
337.35
337.31
337.18
337.16
337.41
337.37
337.02
337.02
337.4
337
337.09
337.16
337.18
337.09
337.32
337.16
337.26
337.02
337.04
337.07
336.92
337.26
337.06
337.28
337.22
337.11
337
336.81
336.83
337.05
337.06
337
336.77
336.87
336.75
336.9
336.82
336.81
336.94
337.08
337.05
336.96
336.69
336.85
337.21
337.04
337.12
336.83
336.72
336.78
336.76
336.79
336.7
336.78
336.78
336.96
336.86
337.07
336.79
336.71
336.57
336.9
337.03
336.75
336.95
336.83
336.78
336.79
336.85
336.78
336.81
336.92
336.82
336.73
336.62
336.89
336.87
336.89
336.66
336.72
336.99
337.01
337.01
336.89
337.02
337.08
336.9
336.96
336.97
337.16
336.87
336.73
336.74
336.9
336.78
337.04
336.87
336.99
337.04
337.07
336.83
336.85
336.74
336.69
336.84
336.9
336.85
336.76
336.98
336.96
336.81
336.75
336.8
336.81
336.85
337.04
336.9
336.75
337.11
337.32
336.96
337.11
336.98
337.08
337.15
336.86
336.98
337.06
336.78
336.77
336.91
336.96
336.89
336.92
337.02
337.06
337.01
337.1
336.79
336.82
336.83
336.9
336.65
336.81
336.95
336.97
336.8
336.85
336.55
336.65
336.51
336.79
336.72
336.74
336.82
336.68
336.67
336.79
336.7
336.74
336.68
336.77
336.79
336.89
336.65
336.84
336.65
336.78
336.74
336.81
336.92
336.71
336.8
336.91
336.94
337.04
337.15
336.96
337.18
337.18
337.11
336.96
337.11
336.94
336.9
336.94
336.83
336.71
336.77
336.86
336.99
337.24
337.24
337.06
336.67
336.53
336.69
336.57
336.68
336.28
336.33
336.43
336.52
336.35
336.68
336.57
336.69
336.69
336.57
336.71
336.39
336.49
336.39
336.36
336.4
336.29
336.43
336.51
336.46
336.35
336.39
336.33
336.59
336.69
336.51
336.61
336.81
336.61
336.49
336.5
336.36
336.46
336.59
336.57
336.54
336.55
336.4
336.65
336.55
336.56
336.46
336.64
336.34
336.41
336.55
336.48
336.45
336.5
336.4
336.48
336.36
336.37
336.55
336.55
336.86
336.74
336.45
336.39
336.33
336.47
336.33
336.55
336.5
336.4
336.29
336.4
336.44
336.45
336.48
336.33
336.35
336.57
336.38
336.52
336.54
336.55
336.55
336.43
336.45
336.63
336.4
336.36
336.58
336.36
336.44
336.3
336.32
336.58
336.48
336.29
336.19
336.4
336.29
336.34
336.38
336.11
336.25
335.88
336.11
336.47
336.22
336.02
335.98
336.21
336.16
336.31
336.32
336.51
336.51
336.34
336.28
336.34
336.34
336.18
336.24
336.12
336.12
336.03
336.22
336.37
336.44
336.38
336.32
336.18
336.11
336.39
336.49
336.4
336.36
336.65
336.66
336.51
336.61
336.28
336.19
336
336.14
336.44
336.33
336.18
336.32
336.38
336.17
336.2
336.29
336.21
336.33
336.32
336.31
336.38
336.33
336.3
336.31
336.44
336.6
336.27
336.23
336.21
336.08
336.26
336.17
336.34
336.27
335.86
335.74
335.89
336.15
336.31
336.03
336.05
335.73
335.85
335.81
335.73
335.74
335.92
336
336.16
336.02
335.96
336.11
335.91
335.94
335.94
335.68
335.8
335.77
335.87
335.78
336.04
336.25
336.07
335.72
335.72
335.91
335.94
336.09
335.87
335.85
335.95
335.6
335.63
335.72
335.61
335.72
335.78
335.96
335.94
335.74
335.6
335.46
335.37
335.35
335.54
335.74
335.68
335.6
335.76
335.54
335.7
335.61
335.9
335.98
335.76
335.77
335.77
335.62
335.64
335.57
335.58
335.69
335.8
335.68
335.68
335.75
335.64
335.69
335.84
335.8
335.6
335.54
335.47
335.57
335.47
335.47
335.52
335.66
335.81
335.75
335.45
335.3
335.26
335.52
335.57
335.49
335.38
335.29
335.34
335.37
335.6
335.51
335.56
335.57
335.63
335.55
335.61
335.57
335.83
335.55
335.51
335.5
335.62
335.56
335.46
335.25
335.3
335.32
335.66
335.49
335.37
335.33
335.47
335.49
335.4
335.21
335.24
335.37
335.25
335.6
335.53
335.53
335.85
335.65
335.77
335.81
335.8
335.54
335.47
335.55
335.43
335.54
335.62
335.55
335.41
335.2
335.15
335.44
335.4
335.19
335.23
335.14
335.4
335.29
335.07
335.12
335.35
335.43
335.5
335.49
335.14
335.1
335.16
335.08
334.71
334.8
335.02
334.91
335.07
334.88
334.96
334.77
334.77
334.93
335.07
335.15
335.15
335.27
335.12
335.09
335.24
335.02
335.05
335.1
335.17
335.05
334.99
335.17
335.11
335.15
334.88
335.06
335.04
335.31
335.08
334.93
335
334.93
335.1
334.95
335.09
335.03
335.05
335.01
334.88
335.04
334.88
335.12
335.21
335.4
335.28
335.25
335.2
335.35
335
335.2
335.2
335.08
335.08
335.07
335.22
335.24
335.14
335.29
335.38
335.29
335.33
335.17
335.14
335.02
335.28
335.43
335.45
335.27
335.29
335.34
335.43
335.55
335.53
335.59
335.62
335.6
335.48
335.31
335.56
335.43
335.42
335.41
335.51
335.64
335.65
335.62
335.72
335.53
335.62
335.47
335.72
335.72
335.74
335.36
335.39
335.63
335.7
335.43
335.62
335.5
335.65
335.77
335.96
335.76
335.55
335.48
335.52
335.57
335.59
335.57
335.43
335.3
335.33
335.68
335.55
335.62
335.4
335.45
335.4
335.32
335.42
335.28
335.17
335.54
335.48
335.4
335.36
335.64
335.63
335.34
335.34
335.36
335.38
335.34
335.14
335.26
335.24
335.45
335.29
335.65
335.24
335.13
335.15
335.37
335.41
335.34
335.2
335.36
335.28
335.29
335.14
334.96
335.23
335.28
335.25
335.46
335.43
335.22
335.31
335.43
335.46
335.2
335.37
335.35
335.37
335.19
335.15
335.07
335.14
335.15
335.14
335.3
335.46
335.55
335.36
335.29
335.41
335.18
335.24
335.4
335.38
335.17
335.35
335.26
335.19
335.15
335.07
335.26
335.16
335.32
335.24
335.26
335.2
335.05
335.34
335.37
335.37
335.15
334.84
335.13
335.17
335.27
335.17
335.18
334.96
334.91
335.08
335.41
335.48
335.26
335.31
335.31
335.39
335.36
335.33
335.52
335.41
335.6
335.57
335.57
335.35
335.26
335.29
335.55
335.49
335.55
335.69
335.82
335.81
335.57
335.66
335.52
335.48
335.48
335.67
335.71
335.74
335.64
335.67
335.6
335.39
335.49
335.7
335.34
335.22
335.32
335.44
335.48
335.48
335.55
335.58
335.43
335.63
335.65
335.64
335.39
335.73
335.57
335.85
335.71
335.59
335.47
335.5
335.8
335.83
335.58
335.82
336
335.92
335.98
335.86
335.81
335.69
335.84
335.88
335.57
335.68
335.46
335.54
335.68
335.77
335.49
335.61
335.55
335.72
335.79
335.64
335.9
335.79
335.67
335.78
335.62
335.8
335.47
335.73
336
335.91
335.76
335.59
335.91
335.91
336.03
335.82
335.66
335.62
335.63
335.6
335.74
335.8
335.89
335.96
335.85
335.73
335.6
335.7
335.61
335.94
335.69
335.94
335.94
336.01
335.89
335.87
335.78
335.82
335.73
335.78
336.1
336.18
336.07
336.37
336.16
336.15
336.38
336.07
336.23
336.42
336.51
336.47
335.85
336.07
336.33
336.33
336.35
336.58
336.59
336.47
336.43
336.35
336.34
336.45
336.13
336.14
336.14
336.14
336.08
336.1
336.15
336.03
336.33
336.19
336.28
336.45
336.61
336.48
336.24
336.19
336.19
336.16
336.12
336.21
336.5
336.39
336.73
336.51
336.63
336.54
336.76
336.56
336.54
336.66
336.57
336.48
336.29
336.29
336.32
336.19
336.56
336.55
336.42
336.69
336.42
336.62
336.47
336.64
336.57
336.6
336.33
336.43
336.57
336.54
336.26
336.5
336.38
336.57
336.53
336.59
336.32
336.51
336.85
336.58
336.62
336.41
336.61
336.44
336.17
336.72
336.62
336.96
336.83
336.72
336.65
336.82
336.6
336.95
337.08
336.92
336.81
336.75
336.89
336.61
336.65
336.63
336.61
336.66
336.59
336.68
336.73
336.65
336.83
336.82
336.76
337
337.09
336.81
336.83
336.78
336.66
336.69
336.76
336.79
336.79
336.95
336.78
336.8
337
336.9
336.95
337
337.17
336.86
336.75
336.8
336.99
336.79
336.69
336.78
336.85
336.69
336.86
336.65
336.8
337.07
336.96
337.08
336.79
336.98
336.98
336.84
337.01
336.86
336.74
336.65
336.77
336.77
336.68
336.71
336.78
336.65
336.21
336.57
336.76
336.75
336.76
336.59
336.6
336.61
336.74
336.74
336.8
336.84
337.07
336.71
336.72
336.97
336.66
336.73
336.66
336.71
336.56
336.71
336.92
336.73
336.65
336.69
336.83
336.68
336.73
336.82
336.83
336.87
336.76
336.74
336.45
336.57
336.69
336.86
336.75
336.7
336.46
336.7
336.83
336.67
336.56
336.49
336.28
336.43
336.33
336.54
336.49
336.78
336.64
336.57
336.62
336.79
336.88
336.75
336.6
336.72
336.84
336.77
336.96
336.7
336.77
336.6
336.6
336.68
336.38
336.65
336.7
336.58
336.42
336.59
336.52
336.47
336.49
336.41
336.66
336.79
336.77
336.75
336.82
336.7
336.96
336.77
336.7
336.59
336.63
336.7
336.49
336.52
336.56
336.57
336.57
336.64
336.66
336.78
336.64
336.63
336.61
336.81
336.8
336.61
336.65
336.56
336.62
336.48
336.49
336.6
336.35
336.34
336.5
336.59
336.62
336.57
336.62
336.57
336.5
336.36
336.43
336.65
336.68
336.81
336.72
336.77
336.6
336.54
336.54
336.32
336.54
336.49
336.42
336.48
336.8
336.72
336.36
336.33
336.45
336.53
336.48
336.48
336.81
336.55
336.39
336.46
336.72
336.51
336.46
336.58
336.25
336.39
336.37
336.73
336.34
336.51
336.81
336.81
336.65
336.32
336.38
336.5
336.56
336.54
336.48
336.26
336.32
336.12
336.52
336.57
336.4
336.4
336.52
336.35
336.51
336.74
336.68
336.74
336.42
336.39
336.42
336.54
336.42
336.47
336.56
336.39
336.38
336.38
336.47
336.78
336.61
336.78
336.53
336.42
336.67
336.62
336.66
336.43
336.16
336.31
336.43
336.35
336.36
336.26
336.55
336.43
336.41
336.51
336.5
336.56
336.29
336.22
336.19
336.32
336.19
336.56
336.25
336.42
336.37
336.47
336.25
336.27
336.06
336.09
336.38
336.33
336.23
336.29
336.6
336.64
336.53
336.62
336.52
336.58
336.42
336.48
336.22
336.03
336.25
336.45
336.23
336.45
336.33
336.38
336.44
336.62
336.66
336.57
336.61
336.5
336.47
336.42
336.78
336.47
336.59
336.62
336.59
336.61
336.61
336.5
336.51
336.73
336.77
336.7
336.85
336.76
336.38
336.44
336.47
336.47
336.68
336.78
336.87
336.7
336.63
336.82
336.6
336.84
336.92
336.71
336.63
336.87
336.82
336.87
336.93
336.89
336.62
336.69
336.83
337.11
336.99
336.85
336.89
336.59
336.83
336.87
336.66
336.69
336.9
336.87
336.59
336.88
337.19
336.85
336.9
336.96
337.02
336.98
337.09
336.91
337.05
337.09
336.83
337.1
336.9
336.98
336.73
336.8
336.8
337
337.23
336.88
337.04
337.19
337.3
337.23
337.18
337.13
337.16
337.05
336.95
336.8
337.03
337.11
336.8
336.95
336.97
336.94
337
337.16
337.14
336.86
337.04
337.05
337.06
337.11
336.94
336.71
336.83
337.04
336.9
336.94
336.85
336.87
336.87
337.17
337.22
337.13
337.12
337.3
337.05
336.96
337
337
336.98
337
336.91
337.17
337.26
337.22
337.02
337.17
337.03
337.22
336.93
336.94
336.98
336.98
337
336.89
336.76
337.19
336.97
337.14
337.33
337.28
337.11
337.11
337.45
337.33
337.31
337.2
337.38
337.17
337.21
337.22
337.14
337.28
337.26
337.57
337.44
337.61
337.71
337.44
337.06
337.16
337.51
337.59
337.59
337.34
337.37
337.17
337.3
337.25
337.22
337.34
337.56
337.58
337.59
337.64
337.43
337.62
337.36
337.46
337.68
337.59
337.86
337.62
337.72
337.59
337.57
337.48
337.55
337.69
337.64
337.92
337.78
338.04
337.75
337.85
337.7
337.87
337.89
337.84
337.92
337.97
338.04
337.82
337.63
337.58
337.79
337.77
337.62
337.89
337.84
337.84
337.81
338.19
337.89
337.93
337.92
337.92
337.85
338
338.23
337.97
337.95
337.83
337.9
337.72
337.93
338
338.09
338.05
337.79
337.78
337.78
337.83
337.99
337.94
337.95
337.85
337.77
337.79
338.05
337.95
337.97
337.58
337.7
337.86
337.92
337.86
337.91
337.96
337.96
337.78
337.73
337.73
337.82
337.96
337.68
337.91
337.69
337.81
337.76
337.66
337.78
337.71
337.8
337.93
337.87
337.99
337.94
337.96
337.96
338.07
337.72
337.86
337.87
337.98
338.07
338.17
338.09
338.14
338.36
338.4
338.06
337.99
338.46
338.22
338.01
337.93
338.14
338.03
338.15
338.21
338
338.15
338.04
337.99
338.12
338.11
338.13
338.08
338.04
338.32
338.17
338.24
338.04
338.02
338.29
338.26
338.33
338.23
338.11
338.09
338.27
338.29
338.05
338.11
337.83
337.83
337.93
338.05
337.96
338.05
338.21
338.22
338.15
338.29
338.29
338.37
338.55
338.17
338.27
337.96
338.22
337.98
338.12
338.1
338.1
338.12
338.02
338.19
338.16
338.46
338.18
337.93
338.2
338.47
338.34
338.36
338.29
338.28
338.24
338.38
338.17
338.22
338.36
338.27
338.15
338.17
338.32
338.33
338.17
338.2
338.44
338.45
338.24
338.48
338.34
338.27
338.57
338.48
338.54
338.45
338.25
338.18
338.25
338.3
338.31
338.62
338.5
338.41
338.28
338.21
338.28
338.31
338.25
338.21
338.24
338.24
338.11
338.22
338.22
338.46
338.12
338.1
338.21
338.2
338.01
338.23
338.51
338.2
338.22
338.42
338.24
338.25
338.29
338.47
338.31
338.33
338.43
338.64
338.53
338.6
338.46
338.5
338.38
338.53
338.67
338.55
338.57
338.41
338.31
338.22
338.34
338.27
338.08
338.06
338.1
338.14
338.33
338.28
338.25
338.04
338.24
337.98
338.05
338.5
338.26
338.42
338.35
338.35
338.24
338
338.16
338.11
338.24
338.28
338.15
338.02
337.86
338.1
338.13
338.18
338.18
338.01
338.17
338.31
338.29
338.26
338.31
338.46
338.04
338.09
338.21
338.21
338.45
338.39
338.4
338.16
338.5
338.39
338.45
338.47
338.29
338.31
338.4
338.29
338.16
338.14
338.24
338.26
338.66
338.33
338.29
338.31
338.24
338.34
338.35
338.38
338.09
338.3
338.3
338.33
338.11
338.3
338.15
338.17
338.25
338.32
338.24
338.09
337.91
337.89
337.85
338.04
338.09
338.36
338.27
338.14
337.94
338.16
338.34
338.3
338.31
338.36
338.28
338.02
338.16
338.26
338.42
338.23
338.4
338.4
338.31
338.24
338.16
337.89
337.8
337.99
338.06
338.18
337.99
338.11
338.39
338.24
338.08
338.15
338.01
338.36
338.5
338.24
338.26
338.24
337.98
338.01
338.18
338.12
337.99
338.29
338.27
338.27
338.24
338.45
338.27
338.08
338.27
338.03
338.12
338.24
338.08
338.02
338.31
338.36
338.2
337.78
337.82
338.04
338.06
338.04
338.02
337.9
337.87
338
337.99
337.92
337.96
338.04
338.03
337.89
337.97
337.85
337.96
337.96
337.71
337.62
337.72
337.81
337.87
337.76
337.68
337.7
337.66
337.91
337.64
337.54
337.48
337.26
337.36
337.55
337.26
337.28
337.28
337.61
337.61
337.59
337.73
337.66
337.58
337.45
337.67
338
337.74
337.5
337.45
337.28
337.43
337.43
337.71
337.52
337.4
337.44
337.33
337.4
337.68
337.32
337.46
337.37
337.17
337.41
337.58
337.53
337.75
337.89
337.56
337.48
337.51
337.43
337.65
337.6
337.63
337.59
337.68
337.18
337.42
337.78
337.82
337.87
337.92
337.85
337.8
337.78
337.62
337.56
337.45
337.2
337.53
337.63
337.68
337.51
337.32
337.65
337.67
337.62
337.82
337.67
337.9
337.88
337.62
337.76
337.67
337.43
337.54
337.66
337.71
337.76
337.83
337.67
337.38
337.46
337.46
337.52
337.56
337.34
337.44
337.53
337.82
337.72
337.7
337.58
337.63
337.71
338
337.85
337.65
337.67
337.76
337.81
337.71
337.78
337.99
337.93
337.89
337.94
337.82
337.85
337.81
337.66
337.76
337.64
337.55
337.55
337.26
337.5
337.51
337.49
337.8
337.68
337.83
337.68
337.73
337.75
337.46
337.56
337.75
337.56
337.32
337.39
337.44
337.39
337.42
337.39
337.53
337.48
337.49
337.3
337.3
337.54
337.27
337.56
337.37
337.5
337.21
337.31
337.27
337.02
337.06
337.04
337.06
337.26
337.18
337.15
336.9
337.03
337.13
337.35
337.08
337.05
337.1
337.14
337.15
337.12
336.92
336.93
336.65
336.88
336.85
336.84
336.82
336.77
336.86
336.55
336.76
336.86
336.74
336.77
336.91
336.65
336.77
336.87
336.94
336.95
336.72
336.76
336.75
336.9
336.92
336.79
336.8
336.89
336.59
336.39
336.61
336.86
336.79
336.75
336.8
336.54
336.76
336.79
336.75
336.53
336.57
336.61
336.62
336.5
336.61
336.66
336.51
336.48
336.57
336.62
336.51
336.66
336.33
336.42
336.77
336.54
336.66
336.58
336.67
336.59
336.24
336.48
336.41
336.3
336.34
336.38
336.47
336.5
336.35
336.18
336.46
336.4
336.34
336.43
336.59
336.21
336.39
336.16
336.29
336.2
336.08
335.93
336.35
336.33
336.31
336.22
336.45
336.36
336.35
336.62
336.42
336.4
336.44
336.59
336.51
336.32
336.44
336.56
336.44
336.36
336.61
336.84
336.61
336.64
336.41
336.56
336.32
336.09
336.18
336.49
336.78
336.58
336.63
336.65
336.53
336.43
336.55
336.47
336.48
336.48
336.39
336.65
336.77
336.53
336.58
336.47
336.45
336.73
336.99
336.89
336.67
336.42
336.58
336.69
336.5
336.68
336.54
336.59
336.69
336.59
336.64
336.63
336.49
336.49
336.61
336.66
336.58
336.54
336.41
336.71
336.72
336.36
336.63
336.51
336.54
336.54
336.63
336.3
336.32
336.04
336.13
336.18
336.34
336.54
336.57
336.73
336.73
336.62
336.56
336.31
336.52
336.44
336.53
336.67
336.73
336.39
336.52
336.61
336.42
336.77
336.53
336.81
336.67
336.55
336.78
336.81
336.69
336.82
336.97
336.82
336.96
336.62
336.46
336.63
336.59
336.54
336.7
336.75
336.79
336.87
336.84
336.95
336.9
336.89
336.99
337.05
336.82
336.87
336.74
336.82
336.88
336.82
336.64
336.96
336.83
336.97
336.71
336.73
336.68
336.78
337.09
337.06
336.92
337.03
337.11
337.08
337.32
337.09
336.97
336.91
336.91
336.91
336.76
336.93
337
336.93
337.05
336.8
336.88
336.97
337.08
337.16
337.22
336.98
336.98
336.96
336.85
337.07
337
336.65
337.08
337.06
336.96
336.81
337.17
337.08
337.08
336.91
337.12
337.13
337.11
337.12
337.16
337.12
337.32
337.23
337.06
337.01
336.92
336.91
337.22
337.4
337.24
337.21
337.17
337.09
337.11
337.19
337.44
337.29
337.15
337.25
337.24
337.2
337.31
337.32
337.14
337.3
336.9
336.98
337.4
337.5
337.38
337.47
337.3
337.33
337.3
337.11
337.25
337.09
336.98
337.34
337.26
337.17
337.14
336.96
337.17
337.03
337.14
337.5
337.28
337.05
337.18
337.09
337.16
337.01
337.37
337.3
337.18
337.29
337.06
336.96
337.13
337.06
337.04
336.87
336.76
336.89
336.84
337.05
337.1
337.29
337.08
337.15
337.1
337.08
336.87
336.99
336.92
337.03
336.73
336.66
336.87
337.09
336.88
336.92
336.99
337.04
337.08
337.02
336.94
337.04
336.99
336.97
337.2
336.82
336.7
337.03
337.06
336.8
336.95
336.81
336.82
336.77
336.75
336.81
336.91
336.88
337.09
337.21
337.09
337.37
337.39
337.26
336.96
337.19
337.29
337.08
337.2
337.22
337.39
337.29
337.35
337.26
337.19
337.37
337.14
337.01
337.42
337.24
337.15
337.19
336.81
336.95
337.26
337.43
337.08
337.14
337.42
337.08
336.99
336.89
336.86
336.86
337
336.97
336.97
337.02
336.87
336.87
337.07
337.26
337.21
337.35
337.33
337.14
337.02
337.24
337.09
336.98
337.02
336.9
337.26
337.33
337.33
337.26
337.5
337.27
337.02
337.07
337.02
337.02
337.05
337.21
337.17
337.32
337.32
337.33
337.11
337.16
337.37
337.05
336.92
336.94
336.92
337.08
336.99
336.95
337.12
336.95
336.62
336.69
336.77
336.77
336.7
337.03
337.04
336.8
336.83
336.9
336.95
336.88
336.99
336.86
337.19
337.15
336.88
337.02
336.98
337.31
337.1
336.98
337.01
337.23
337.03
337.13
337.18
336.98
337.03
337.06
337.06
336.86
336.9
336.8
337.06
336.68
336.8
336.84
337.07
337.14
336.99
336.92
336.86
336.84
336.81
336.67
336.99
336.95
336.97
336.67
336.75
336.55
336.79
337.03
336.84
336.72
336.99
336.92
336.8
336.84
336.31
336.76
336.77
336.86
336.68
336.75
336.85
336.87
336.92
337.11
336.88
336.85
336.83
336.93
336.89
336.81
336.75
336.82
336.78
336.85
336.69
336.81
336.74
336.83
336.55
336.69
336.62
336.91
336.82
336.89
337.1
336.77
336.59
336.71
336.81
336.9
336.54
336.69
336.85
336.76
336.9
336.78
336.49
336.87
336.94
336.82
336.72
336.87
336.78
336.68
336.38
336.35
336.83
337.19
336.97
336.79
336.96
336.96
336.78
336.79
336.95
336.82
336.9
336.67
336.64
336.83
336.84
336.85
336.91
336.8
336.69
336.69
336.8
336.98
336.44
336.42
336.6
336.67
336.6
336.56
336.41
336.48
336.66
336.66
336.54
336.59
336.67
336.61
336.4
336.6
336.36
336.54
336.4
336.64
336.41
336.56
336.38
336.31
336.34
336.31
336.38
336.32
336.28
336.21
336.07
336.06
336.45
336.21
336.23
336.54
336.53
336.39
336.44
336.44
336.36
336.31
335.89
336.11
336.42
336.38
336.52
336.43
336.5
336.57
336.57
336.42
336.42
336.28
336.27
336.45
336.23
336.32
336.45
336.4
336.28
336.17
336.53
336.5
336.44
336.29
336.73
336.55
336.61
336.26
336.47
336.4
336.33
336.36
336.56
336.45
336.5
336.37
336.35
336.28
336.37
336.18
336.37
336.34
336.28
336.43
336.46
336.43
336.38
336.44
336.25
336.46
336.14
336.2
336.52
336.75
336.63
336.47
336.5
336.66
336.61
336.73
336.59
336.46
336.79
336.81
336.37
336.54
336.7
336.75
336.68
336.66
336.63
336.76
336.83
336.59
336.66
336.61
336.54
336.42
336.53
336.65
336.76
336.52
336.68
336.77
336.8
336.59
336.65
336.87
336.89
336.69
336.72
336.77
336.63
336.65
336.74
336.62
336.62
336.52
336.44
336.74
336.62
336.66
336.66
336.77
336.56
336.5
336.73
336.74
336.84
336.89
336.78
336.59
336.58
336.54
336.61
336.74
336.79
336.79
336.67
336.88
336.84
337.05
337.03
336.91
337.11
337.07
336.9
336.99
337.05
336.72
336.69
336.82
336.69
336.7
336.59
336.63
336.87
336.69
336.71
336.74
337.21
337.07
337.21
337.05
337.08
336.86
336.7
336.71
336.52
336.54
336.62
336.85
336.95
336.99
336.87
336.93
336.88
336.76
336.91
336.85
336.92
337.25
337.18
336.97
336.68
336.72
336.8
337
336.99
337.09
336.91
336.95
337.21
337.02
336.94
337
337.07
337.24
336.75
337.05
336.84
337.01
336.92
336.73
336.65
337.16
337.04
336.97
336.95
336.96
337.29
337.32
337.32
337.03
337.04
337.12
336.83
336.82
337.02
336.8
336.65
336.96
336.96
336.86
336.76
336.84
336.76
336.89
336.99
336.67
336.98
336.88
336.84
337.05
336.88
336.93
336.84
336.84
336.72
336.82
336.82
336.97
336.94
336.9
336.99
336.93
336.63
336.62
336.84
337.07
337.22
337.1
337.03
336.98
336.92
337.2
337.03
336.87
336.95
336.95
336.87
337.08
336.78
336.95
336.92
336.99
337.12
337.11
337.14
337.31
337.26
337.24
337.12
337.35
337.38
337.43
337.23
337.28
337.13
337.22
337.27
336.98
337.01
337.15
337.27
337.42
337.4
337.33
337.11
337.08
336.98
337.23
337.33
337.29
337.45
337.42
337.45
337.25
337.37
337.37
337.26
337.32
337.25
337.3
337.44
337.44
337.16
337.19
337.11
337.3
337.41
337.33
337.19
337.23
337.15
337.42
337.56
337.66
337.46
337.47
337.55
337.41
337.36
337.55
337.67
337.76
337.56
337.22
337.47
337.48
337.4
337.31
337.4
337.57
337.55
337.29
337.64
337.73
337.56
337.45
337.51
337.78
337.8
337.66
337.58
337.66
337.59
337.66
337.34
337.47
337.5
337.79
337.67
337.98
337.76
337.45
337.48
337.6
337.87
337.99
337.78
337.89
337.61
337.76
337.63
337.86
337.91
337.77
337.87
337.93
337.62
337.69
337.88
338.08
338.08
337.91
338
337.86
337.95
337.92
337.81
338.02
338.06
338.07
338.15
338.2
337.84
337.87
337.75
337.86
337.95
338.29
338.24
338.08
338.08
338.12
337.93
338.01
337.79
338.03
338.22
338.13
338.23
338.21
338.22
338.19
337.89
337.98
338.1
338.15
338.22
338.05
337.8
338.1
338.43
338.25
338.28
338.29
338
338.02
338.12
338.12
338.2
338.17
338.45
338.28
338.33
338.35
338.03
338.01
338.1
337.87
337.79
338.05
338.05
338.29
337.99
337.86
338.22
337.95
337.9
338.17
338.26
338.09
338.11
338.23
338.06
338.37
338.04
338.13
338.04
338.11
338.16
338.24
337.91
337.89
338.14
338.65
338.12
338.03
338.05
338.18
338.32
338.42
338.29
338.34
338.31
338.22
338.18
338.33
338.21
338.25
338.14
338.29
338.03
338.07
337.87
337.94
337.93
337.95
337.7
338.04
337.88
337.76
338.11
337.92
338.15
338.1
337.93
337.9
338.09
338.1
337.95
337.71
337.95
337.95
338
337.88
337.95
338
338.08
337.82
337.85
338.01
338.29
338.13
337.98
337.84
337.79
337.72
337.87
337.98
337.73
337.69
337.82
337.56
337.66
337.64
337.97
337.73
337.77
337.82
337.72
337.5
337.41
337.66
337.64
337.55
337.49
337.56
337.7
337.61
337.6
337.58
337.47
337.22
337.29
337.51
337.76
337.64
337.4
337.17
337.38
337.56
337.61
337.32
337.42
337.8
337.3
337.27
337.55
337.55
337.92
337.69
337.64
337.38
337.3
337.56
337.56
337.5
337.46
337.53
337.55
337.89
337.61
337.42
337.61
337.6
337.65
337.73
337.6
337.47
337.47
337.55
337.74
337.69
337.71
337.7
337.71
337.58
337.8
337.77
337.71
337.88
337.76
337.99
338.23
338.11
338.04
338.44
338.12
337.79
338.26
338.29
338.02
337.93
338.06
337.97
337.81
338.06
337.95
338.04
338.04
337.89
337.93
337.94
337.99
338.01
338.1
338.01
337.98
337.93
337.95
337.93
337.94
338.17
338.02
338.06
338.06
338.15
337.96
337.84
337.84
338.06
338.08
337.84
337.81
337.98
338.2
338.03
338.07
338.21
337.86
337.74
337.81
337.82
337.93
337.87
337.85
337.85
337.65
337.77
338.18
338.03
338.17
337.96
337.86
337.75
337.63
338.03
337.77
337.87
337.91
337.96
337.96
338.03
337.99
337.79
337.91
337.98
338.05
338.03
338.19
338.12
338.27
338.08
338.1
338.2
338
338.06
338
338.09
338.04
338.11
337.95
338.11
337.88
337.85
337.87
338.09
338.06
338.08
337.94
337.96
338.02
338.19
337.99
338.04
338.03
337.9
338.1
337.87
337.91
337.96
337.84
337.99
337.83
338.13
338.05
338.1
338.16
338.24
338.11
338
338.02
338.07
338.16
338.25
338.04
338
338.04
338.16
338.23
338.2
338.01
338.08
338.34
338.52
338.57
338.53
338.24
338.21
338.5
338.53
338.52
338.6
338.33
338.41
338.38
338.08
338.29
338.47
338.24
338.26
338.27
338.27
338.1
337.94
337.99
337.9
338.06
337.83
337.97
337.95
337.95
338.01
338.08
338.28
337.91
337.87
338.11
338.39
338.32
338.1
338.03
338.27
338.3
338.37
338.37
338.44
338.43
338.25
338.22
338.14
337.93
337.98
338.41
338.39
338.29
338.21
338.17
338.06
338.12
338.04
337.8
337.81
338.05
338.03
338.22
338.2
338.01
337.98
338.31
338.32
338.24
338.31
338.37
338.34
338.53
338.22
338.08
338.38
338.27
338.27
338.35
338.25
338.45
338.25
338.07
274.48
274.62
274.55
274.62
274.51
274.44
274.4
274.44
274.66
274.53
274.6
274.53
274.35
274.34
274.44
274.4
274.25
274.25
274.1
274.25
274.42
274.53
274.39
274.39
274.45
274.39
274.31
274.22
274.18
274.2
274.29
274.25
274.08
274.23
274.06
274.06
274.19
274.1
274.16
274.21
274.09
274.13
274.03
274.04
273.96
274.16
274.31
273.88
273.81
274.01
273.98
273.99
274.21
274.11
274.02
274.14
273.91
274.11
274.03
274.09
274.2
274.03
274.05
274.05
273.97
273.82
274.06
273.98
274.08
274
274.17
273.98
274.18
274.09
274.16
274.17
274.27
274.1
273.87
274.09
274.15
274.03
273.96
273.81
273.82
274.05
274.04
273.99
273.76
273.81
274.08
273.9
274
273.77
273.84
274.12
273.97
273.61
273.56
273.82
273.76
273.85
273.89
273.64
273.74
273.77
273.81
273.84
273.6
273.61
273.47
273.72
273.7
273.66
273.51
273.57
273.49
273.27
273.32
273.32
273.34
273.32
273.45
273.34
273.28
273.26
273.01
273.12
273.27
273.01
272.97
273.03
273.04
272.93
272.87
272.89
273.02
272.98
272.92
272.94
273.32
273.17
273.11
273.28
273.35
273.25
273.36
273.38
273.56
273.51
273.43
273.56
273.5
273.61
273.52
273.65
273.72
273.65
273.76
273.73
273.68
273.6
273.67
273.9
273.8
273.84
273.63
273.69
273.54
273.5
273.59
273.66
273.68
273.77
273.54
273.73
273.73
273.71
273.71
273.77
273.67
273.67
273.9
273.66
273.78
273.81
273.84
273.75
273.8
273.95
273.95
273.96
273.89
273.96
273.99
273.84
273.97
273.89
273.91
273.74
273.81
273.9
274.04
273.95
273.9
274
273.94
273.88
273.86
273.94
274.1
274.2
274.1
274.06
273.92
274.23
274.09
273.84
273.94
273.75
273.71
273.89
274.05
273.84
273.95
273.93
274.03
274.17
274.11
274.14
274.14
274.25
274.08
273.92
273.99
274.04
274.07
274.05
273.95
273.77
273.77
273.9
273.96
273.82
273.95
274.17
274.07
274.01
274.03
273.97
273.83
273.89
273.8
273.75
273.94
273.83
273.85
273.78
273.81
274.09
274.13
274.1
273.95
273.87
273.85
274.1
274.1
274.04
273.8
273.8
273.85
273.9
273.99
273.93
273.95
274.15
274.1
274.04
274.02
273.94
274.13
274.24
274.33
273.97
273.94
274.03
274.19
273.99
273.95
273.87
273.68
273.81
273.88
273.88
273.85
273.98
273.98
274.09
273.97
273.91
273.78
273.67
273.91
273.86
273.53
273.53
273.42
273.62
273.5
273.41
273.41
273.33
272.9
273.03
273.28
273.3
273.1
273
273
273.07
272.93
272.91
273.09
273.04
273.06
273.19
273.13
273.03
273.06
273.37
273.46
273.55
273.54
273.56
273.42
273.44
273.49
273.57
273.52
273.5
273.63
273.37
273.58
273.82
273.91
273.89
274.1
273.86
273.86
273.95
273.79
273.56
273.69
273.48
273.57
273.64
273.58
273.54
273.69
274.08
274.2
274.23
274.45
274.72
275.24
275.38
275.44
275.63
275.92
276.17
276.35
276.59
276.75
277.12
277.4
277.8
278.09
278.47
278.36
278.57
278.74
278.95
278.93
278.96
279.15
279.37
279.36
279.45
279.41
279.57
279.74
279.79
279.85
280.04
280.06
280.23
280.42
280.34
280.36
280.47
280.53
280.49
280.68
280.88
280.92
281.12
281.07
281.1
280.96
281.08
281.2
281.34
281.29
281.47
281.44
281.42
281.35
281.5
281.28
281.42
281.35
281.29
281.39
281.55
281.55
281.51
281.42
281.46
281.58
281.64
281.73
281.54
281.64
281.48
281.26
281.3
281.49
281.45
281.41
281.24
281.36
281.34
281.38
281.22
281.18
281.39
281.48
281.3
281.4
281.49
281.63
281.54
281.33
281.32
281.29
281.43
281.53
281.55
281.48
281.45
281.39
281.54
281.38
281.28
281.42
281.53
281.19
281.19
281.14
281.12
281.14
281.24
281.25
280.97
281.07
281.03
281.26
281.37
281.35
281.35
281.48
281.59
281.31
281.12
281.17
281.08
281.11
281.22
281.22
281.24
280.98
280.87
281.04
281.17
280.85
280.85
280.78
280.7
280.88
281
280.69
280.53
280.87
280.83
280.63
280.74
280.68
280.8
280.84
280.9
280.76
280.82
280.65
280.66
280.78
280.81
280.81
280.62
280.71
280.58
280.62
280.56
280.64
280.71
280.6
280.75
280.96
280.64
280.94
281.08
280.95
280.81
280.81
280.91
280.76
280.78
280.78
280.92
281.01
280.85
281.02
280.94
281.02
281.07
281.01
281.06
280.93
280.83
281.24
281.2
281.09
280.89
281.04
280.97
280.91
281.12
281.05
281.11
281.01
280.99
281.03
281.11
281.15
281.17
280.96
281.21
281.31
281.24
281.18
280.99
280.78
280.73
280.79
280.85
280.89
280.99
280.94
280.97
280.93
280.82
280.96
280.87
280.98
281.1
281.09
280.93
280.89
281.02
280.93
281.12
280.9
280.98
281.19
281.14
280.85
281.06
281.2
280.9
281.05
281.17
280.96
280.87
281.03
280.86
280.83
280.9
280.93
281.24
281.13
281.24
281.24
281.13
281.12
281.16
281.24
281.26
281.08
281.08
281.22
281.15
281.04
281.25
281.02
281.18
281.28
281.31
281.06
281.12
281.2
281.26
281.31
281.23
281.31
281.13
281
280.86
281.17
281.08
281.16
281.03
281.17
281.01
281.18
281.24
281.17
281.16
281.22
281.3
281.17
281.18
281.38
281.27
281.2
281.26
281.51
281.35
281.33
281.22
281.38
281.16
281.32
281.13
281.3
281.4
281.43
281.54
281.53
281.48
281.34
281.62
281.52
281.58
281.38
281.48
281.67
281.58
281.83
281.76
281.88
281.79
281.74
281.68
281.84
281.9
281.72
281.71
281.76
281.6
281.69
282.05
282.07
281.83
282.01
282.18
282.01
281.97
281.82
281.88
281.97
282.18
282.39
282.24
282.08
282.03
281.99
282.14
282.13
282.15
282.21
282.01
281.98
282.08
282.36
282.28
282
282.18
282.05
281.98
282.13
282.31
282.24
282.25
282.21
282.27
282.53
282.49
282.52
282.31
282.06
282.04
282.14
282.14
282.09
282.14
282.36
282.33
282.32
282.43
282.5
282.39
282.29
282.41
282.34
282.32
282.31
282.54
282.53
282.42
282.49
282.57
282.72
282.48
282.66
282.72
282.89
282.93
282.73
282.79
282.63
282.71
282.77
282.7
282.5
282.83
282.97
282.93
283.09
283.04
282.97
282.96
283.08
283.2
283.11
282.99
283.1
283.3
283.54
283.56
283.63
283.4
283.62
283.64
283.4
283.43
283.41
283.33
283.26
283.29
283.56
283.61
283.55
283.47
283.38
283.38
283.41
283.42
283.51
283.73
283.62
283.61
283.72
283.61
283.61
283.65
283.45
283.55
283.71
283.73
283.61
283.65
283.6
283.68
284.01
283.83
283.8
283.63
283.62
283.76
283.56
283.63
283.65
283.56
283.94
283.84
283.81
283.77
283.85
283.99
283.96
283.98
283.93
284.05
284.06
284.1
284.05
284.15
284.08
283.98
284.05
284.1
284.2
284.13
284.08
283.93
284.11
284.36
284.46
284.43
284.36
284.27
284.29
284.47
284.42
284.27
284.19
284.14
284.37
284.3
284.41
284.33
284.39
284.39
284.38
284.57
284.63
284.51
284.26
284.33
284.39
284.38
284.35
284.39
284.56
284.46
284.16
284.44
284.57
284.45
284.36
284.46
284.26
284.27
284.27
284.52
284.47
284.31
284.24
284.36
284.44
284.63
284.67
284.49
284.68
284.63
284.49
284.6
284.64
284.57
284.65
284.76
284.61
284.5
284.56
284.59
284.74
284.73
284.85
284.7
284.63
284.47
284.68
284.5
284.41
284.43
284.21
284.35
284.47
284.43
284.44
284.65
284.6
284.53
284.63
284.68
284.59
284.51
284.56
284.52
284.8
284.83
285.05
284.97
285.03
284.9
284.88
285.04
285.15
285.13
285.17
285.34
285.21
285.28
285.02
285.13
285.3
285.36
285.24
285.39
285.28
285.35
285.45
285.41
285.45
285.46
285.5
285.37
285.57
285.52
285.37
285.43
285.49
285.55
285.59
285.74
285.56
285.76
285.69
285.56
285.62
285.66
285.67
285.74
285.78
285.65
285.65
285.64
285.62
285.75
285.91
285.98
285.81
285.63
285.52
285.54
285.68
285.66
285.66
285.72
285.46
285.25
285.54
285.37
285.4
285.28
285.19
285.32
285.47
285.5
285.4
285.44
285.65
285.69
285.48
285.42
285.4
285.19
285.18
285.29
285.38
285.4
285.3
285.19
285.41
285.34
285.49
285.72
285.69
285.47
285.44
285.25
285.63
285.61
285.35
285.54
285.41
285.43
285.34
285.34
285.36
285.49
285.49
285.42
285.42
285.3
285.43
285.47
285.26
285.32
285.43
285.33
285.24
285.22
285.13
285.21
285.34
285.37
285.24
285.28
285.37
285.4
285.34
285.36
285.31
285.42
285.39
285.39
285.37
285.39
285.28
285.44
285.34
285.27
285.25
285.38
285.09
285.13
285.29
285.17
285.1
285.26
285.36
285.34
285.23
285.05
285.2
285.12
285.38
285.2
285.27
285.22
285.39
285.63
285.54
285.43
285.63
285.36
285.54
285.71
285.75
285.82
285.88
285.68
285.85
286
285.63
285.76
285.74
285.84
285.71
285.65
285.73
285.69
285.38
285.53
285.69
285.47
285.64
285.66
285.43
285.37
285.56
285.39
285.29
285.47
285.56
285.67
285.81
285.72
285.76
285.6
285.47
285.49
285.37
285.49
285.38
285.25
285.47
285.4
285.34
285.12
285.47
285.43
285.62
285.32
285.51
285.49
285.42
285.36
285.4
285.25
285.44
285.23
285.41
285.21
285.23
285.14
285.33
285.21
285.22
285.33
285.18
285.13
285.04
285.28
285.43
285.21
285.29
285.33
285.25
285.45
285.27
285.19
285.19
285.27
285.47
285.47
285.41
285.47
285.67
285.52
285.6
285.79
285.64
285.86
285.77
285.47
285.18
285.64
285.65
285.64
285.67
286.06
285.88
285.86
285.86
285.9
286.03
286.03
285.9
285.9
286.01
285.86
286
285.94
286.05
286.08
286.06
285.86
285.91
285.75
285.9
285.88
285.93
286.06
286.19
286.21
286.32
286.22
286.1
285.9
286.18
286.2
286.44
286.26
286.02
285.95
286.22
286.27
286.38
286.23
286.49
286.43
286.27
286.4
286.36
286.36
286.26
286.36
286.45
286.41
286.63
286.79
286.7
286.68
286.75
286.81
286.88
287.04
286.94
286.81
286.89
287.1
287.15
287.35
287.39
287.4
287.44
287.52
287.3
287.28
287.12
287.32
287.37
287.22
287.09
287.15
287.17
287.04
287.12
287.06
287.26
287.17
287.04
286.97
287.15
287.17
287.06
287.26
287.41
287.15
287.09
287.21
287.04
287
287.11
287.12
286.97
287.02
287
286.74
286.67
286.72
286.83
287.01
286.92
287.24
287.14
287
286.99
286.87
286.83
286.9
287.05
286.93
286.81
286.71
286.68
286.77
286.8
286.78
286.67
286.56
286.62
286.78
286.51
286.56
286.5
286.34
286.54
286.26
286.38
286.47
286.25
286.28
286.44
286.52
286.5
286.44
286.52
286.57
286.55
286.55
286.56
286.78
286.4
286.49
286.72
286.61
286.63
286.49
286.58
286.71
286.92
286.83
286.81
286.9
286.86
286.79
286.81
286.72
286.59
286.64
286.71
286.64
286.76
286.55
286.62
286.78
286.87
286.76
286.52
286.54
286.79
286.74
286.68
286.86
286.58
286.58
286.89
286.55
286.64
286.67
286.63
286.84
286.91
286.52
286.71
286.98
287.14
286.91
286.89
286.78
286.79
286.84
286.67
286.62
286.73
286.68
286.69
286.48
286.32
286.63
286.45
286.59
286.94
286.92
286.6
286.5
286.73
286.86
286.9
287
287.09
286.89
286.91
286.84
286.87
286.76
286.84
286.98
286.9
286.86
286.88
286.97
286.9
286.64
286.93
287.1
286.87
286.7
286.75
286.8
286.93
286.87
286.82
286.69
286.96
287
286.86
286.71
286.77
287.01
286.86
286.72
286.53
286.57
286.67
286.82
286.89
286.6
286.69
286.96
286.71
286.76
286.8
286.67
287.03
287.09
287.08
286.98
286.78
287.09
287.1
287
286.96
286.78
286.87
287.1
287
287.01
287.17
287.32
287.41
287.28
287.25
287.39
287.12
287.02
287.16
287.27
287.28
287.02
286.92
287.19
287.3
286.95
286.98
286.86
286.91
287.14
286.94
287.03
287.05
286.9
286.93
287.1
287.03
286.98
286.91
286.87
286.8
286.68
286.77
286.89
286.89
286.93
287.12
286.93
286.95
286.7
286.68
286.91
286.83
286.97
286.88
287.04
286.86
286.88
286.6
286.76
286.81
286.65
286.54
286.57
286.43
286.72
286.77
286.65
286.65
286.86
286.75
286.59
286.85
286.95
286.79
286.67
286.67
286.5
286.38
286.83
286.99
286.61
286.56
286.67
286.67
286.51
286.85
286.62
286.74
286.65
286.55
286.74
286.94
286.89
286.8
286.82
286.71
286.76
286.67
286.76
286.78
286.62
286.69
286.47
286.76
286.71
286.81
286.57
286.67
286.72
286.74
286.79
286.85
286.9
286.81
286.76
286.65
286.86
286.65
286.51
286.91
287.13
287
286.97
287.47
287.62
287.75
288.09
288.27
288.85
289.21
289.58
290.07
290.55
290.83
291.12
291.63
291.68
291.78
292.17
292.19
292.4
292.75
292.8
292.87
293.13
293.23
293.19
293.36
293.45
293.4
293.52
293.5
293.77
293.87
293.66
293.74
293.88
293.75
293.79
293.97
294.21
294.35
294.3
294.33
294.49
294.5
294.47
294.5
294.61
294.59
294.68
294.59
294.59
294.78
294.67
294.62
294.54
294.63
294.82
294.68
294.52
294.7
294.93
294.92
294.92
294.81
294.83
294.89
294.89
294.75
295.15
295.11
294.81
294.87
295.07
294.83
294.59
294.73
294.76
294.69
294.84
294.65
294.77
294.75
294.56
294.74
294.65
294.85
294.8
294.66
294.53
294.63
294.8
294.73
294.55
294.4
294.47
294.36
294.71
294.76
294.73
294.78
294.85
294.82
294.77
294.68
294.83
294.63
294.72
294.52
294.47
294.83
294.83
294.76
294.8
294.66
294.62
294.73
294.58
294.69
294.72
294.73
294.61
294.51
294.61
294.54
294.42
294.26
294.21
294.24
294.46
294.31
294.26
294.32
294.5
294.39
294.29
294.36
294.48
294.46
294.13
294.18
294.21
294.18
294.14
294.24
294.39
294.38
294.36
294.36
294.25
294.27
294.22
294.41
294.45
294.31
294.41
294.43
294.46
294.65
294.51
294.26
294.37
294.18
294.29
294.48
294.33
294.25
294.57
294.18
294.11
294.46
294.32
294.26
294.26
294.16
294.05
294.1
294.2
294.14
294.36
294.5
294.55
294.43
294.4
294.27
294.31
294.24
294.32
294.25
294.4
294.42
294.4
294.19
294.35
294.12
294.21
294.15
294.22
293.92
293.96
294.03
293.95
294.14
294.11
293.98
294.14
294.01
293.96
293.91
294.11
293.97
294.11
294.14
294.1
294.12
294.05
293.9
293.84
294.03
293.97
293.98
293.9
293.76
293.91
293.86
293.78
293.9
293.87
293.75
293.97
294.25
294.12
294.12
294.24
294.21
294.34
294.03
293.79
293.64
293.71
293.54
293.76
294.12
293.93
293.95
294.07
294.17
294.03
294.06
294.15
293.83
293.97
294.11
294.13
294.08
294.19
294.13
294.09
294.12
294.07
293.89
294.08
294.26
294.08
293.91
293.7
294.11
294.11
293.99
294
293.9
293.67
294.03
294.01
293.98
293.92
294.18
293.94
294.11
294.15
294.23
294.02
293.99
294
294.16
294.26
294.26
294.23
294.49
294.42
294.21
294.44
294.19
294.06
294.11
294.13
294.25
294.4
294.43
294.37
294.13
294.29
294.26
294.02
294.38
294.17
294.15
294.13
293.99
294.05
294.04
294.25
294.34
294.28
294.23
294.38
294.41
294.41
294.29
294.36
294.36
294.26
294.34
294.28
294.23
294.17
294.24
294.22
293.96
293.95
294.16
294.29
294.19
294.1
294
294.26
294.3
294.25
294.4
294
294.1
294.27
294.1
293.98
293.88
294.09
294.02
294.17
294.02
294.22
294.06
294.32
294.11
293.99
293.92
293.86
293.96
293.88
294.04
294.07
294.27
294.31
293.93
294
294
293.92
294.06
293.98
294.19
294.33
294.27
294.42
294.21
294.13
294.02
294.38
294.07
294.14
294.08
294.29
294.06
294.33
294.4
294.49
294.57
294.72
294.46
294.31
294.5
294.4
294.6
294.29
294.53
294.69
294.62
294.26
293.96
294.19
294.56
294.42
294.43
294.39
294.37
294.29
294.26
294.33
294.48
294.55
294.43
294.61
294.59
294.3
294.33
294.51
294.41
294.44
294.54
294.5
294.51
294.56
294.57
294.48
294.38
294.41
294.26
294.24
294.5
294.56
294.01
294.19
294.28
294.38
294.31
294.16
294.11
294.17
294.31
294.15
294.16
294.37
294.46
294.4
294.4
294.39
294.4
294.26
294.06
294.31
294.19
294.12
294
294.17
294.13
294.14
294.31
294.38
294.03
294.11
294.05
294.06
294.06
294.04
294.15
294.27
294.17
294.06
294.12
294.1
294.36
294.28
294.07
294.19
294.18
294.1
294.11
293.98
294.27
294.27
294.13
294.09
294.14
294.15
294.06
293.93
294.07
293.96
293.88
293.88
293.95
294.13
294.15
294.15
294.18
294.17
294.07
293.8
293.9
293.92
293.91
293.87
293.96
293.91
294.14
294.31
294.37
294.37
294.14
294.23
293.93
294
294.17
293.99
294.18
294.21
294.03
294.06
294.08
293.9
293.82
294.13
294.13
293.87
294.09
294
293.98
293.92
294.05
294.12
294.14
294.04
293.97
293.92
294.01
293.89
293.8
293.92
293.93
293.84
293.82
293.86
294.04
294.12
293.99
294.34
294.32
294.1
294.1
294.16
294.04
294.2
294.41
294.44
294.44
294.46
294.49
294.62
294.43
294.5
294.5
294.73
294.75
294.67
294.84
294.76
294.94
294.83
294.93
295.36
295.28
295.12
294.91
295.15
295.04
295.18
295.17
295.16
295.13
295.24
295.51
295.49
295.38
295.36
295.38
295.63
295.52
295.29
295.41
295.34
295.54
295.59
295.73
295.83
295.83
295.51
295.48
295.5
295.63
295.51
295.69
295.67
295.79
295.65
295.87
295.82
295.81
295.76
295.79
295.93
296.09
295.96
296.11
296
296
295.85
295.72
295.8
295.97
295.95
295.8
295.95
296
296.01
295.89
296.11
296.11
295.99
296.06
296.02
296.02
295.69
295.7
295.82
295.88
296.06
295.99
295.85
295.76
295.87
295.88
295.93
295.98
295.86
295.59
295.78
295.85
295.71
295.8
295.78
295.45
295.33
295.38
295.29
295.13
295.21
295
295.14
295.12
294.92
295.15
295.09
295.04
295.19
295.25
295.11
295.17
294.98
294.93
294.86
294.94
294.87
294.48
294.53
294.49
294.44
294.35
294.1
294.32
294.43
294.53
294.26
294.39
294.36
294.45
294.33
294.21
294.12
294.06
294.32
294.41
294.49
294.26
294.3
294.57
294.57
294.76
294.88
295.38
295.67
295.86
296.05
296.33
296.66
297.16
297.48
297.84
297.86
298.26
298.69
298.63
299.07
299.25
299.32
299.35
299.58
299.38
299.32
299.49
299.49
299.67
299.51
299.43
299.66
299.59
299.5
299.5
299.52
299.52
299.56
299.72
299.98
299.84
300.16
300.07
300.18
300.18
300.29
300.3
300.43
300.17
300.1
300.21
300.57
300.35
300.42
300.69
300.56
300.32
300.65
300.64
300.67
300.67
300.6
300.57
300.87
300.73
300.85
301.01
301.06
301.12
300.98
300.69
300.73
300.85
301.1
300.9
301.11
301.16
300.78
300.9
301.09
301.06
301.11
301.15
301.16
301.1
300.97
300.81
301.08
301.02
301.13
301.29
301.29
301.35
301.11
301.23
301.15
301.42
301.22
301.48
301.19
301.32
301.32
301.18
301.23
301.25
301.39
301.53
301.45
301.6
301.5
301.86
301.92
301.88
301.94
302.17
302.27
302.42
302.38
302.57
302.68
302.72
303.1
302.92
303.1
303.45
303.46
303.4
303.51
303.69
303.78
303.99
304.18
304.69
304.57
304.39
304.71
304.83
305.11
305.27
305.15
305.61
305.53
305.77
305.83
305.68
305.77
306.13
306.22
306.26
306.36
306.45
306.63
306.72
306.82
307.04
307
307.09
307.12
307.4
307.71
307.58
307.66
307.68
307.86
307.94
308.08
308.21
308.26
308.5
308.78
308.85
308.88
308.85
309.04
309.03
309.06
309.17
309.58
309.3
309.41
309.62
309.68
309.95
310.12
310
310.23
310.32
310.38
310.46
310.27
310.46
310.43
310.55
310.72
310.71
310.91
310.9
310.95
310.8
311.26
311.39
311.52
311.58
311.56
311.77
311.85
311.58
311.71
311.92
312.08
312.06
312.22
312.26
312.16
312.6
312.83
312.91
313.19
313.31
313.16
312.93
313.18
313.38
313.35
313.76
313.68
313.63
313.81
313.94
314.2
314.14
314.3
314.4
314.38
314.22
314.32
314.63
314.46
314.59
314.77
314.77
314.92
314.84
315.11
315.16
315.32
315.62
315.41
315.47
315.67
315.74
315.76
315.84
315.85
316.07
316.04
316.11
316.33
316.4
316.43
316.45
316.41
316.66
316.61
316.83
316.9
317.03
317.28
317.52
317.26
317.49
317.53
317.44
317.56
317.83
317.93
318
318.09
317.9
318.14
318.24
318.4
318.58
318.44
318.47
318.77
318.97
318.88
318.97
318.76
318.93
319.07
319.06
319.13
318.92
319.12
319.32
319.39
319.24
319.23
319.23
319.25
319.41
319.32
319.86
319.5
319.72
319.52
319.65
319.72
319.61
319.77
320.03
319.71
319.51
319.76
320.07
320.19
319.96
319.82
320.19
319.88
320.05
319.85
320.05
320
319.98
320.02
320.02
319.8
319.99
320.11
319.92
319.9
319.93
319.99
320.2
320.1
320.04
320.11
320.07
320.08
319.99
320.19
320.03
320.02
320.06
320.09
320.12
320.27
320.16
320.31
320.19
319.96
320.08
320.28
320.33
320.43
320.49
320.45
320.11
320.19
320.48
320.23
320.17
319.98
320.06
320.25
320.15
320.19
320.38
320.5
320.58
320.29
320.1
320.1
320.3
320.14
320.56
320.64
320.46
320.44
320.3
320.57
320.57
320.85
320.68
320.46
320.49
320.69
320.51
320.88
320.78
320.7
320.83
320.83
320.75
320.55
320.58
320.72
320.77
320.82
320.82
320.95
320.64
320.75
320.88
320.84
320.9
321.07
321.16
320.9
320.89
320.71
320.7
320.97
320.85
321.03
321.14
321.2
321.1
321.26
321.16
321.28
321.4
321.27
321.19
321.26
321.3
321.47
321.45
321.49
321.13
321.03
321.35
321.34
321.37
321.52
321.53
321.23
321.56
321.68
321.77
321.77
321.69
321.82
321.73
321.8
321.75
321.76
321.98
321.86
321.95
321.97
322.26
322.19
322.29
322.21
322.12
322.24
322.12
322.04
322.1
322.17
322.26
322.43
322.29
322.41
322.61
322.56
322.46
322.49
322.41
322.56
322.79
322.88
322.57
322.76
322.53
322.7
322.69
322.67
322.66
323.01
322.88
322.88
322.61
322.57
322.8
322.81
322.94
322.82
323.25
323.06
323.52
323.42
323.35
323.17
323.31
323.19
323.1
323.18
323.43
323.18
323.28
323.29
323.2
323.3
323.4
323.51
323.42
323.43
323.29
323.45
323.61
323.47
323.54
323.34
323.18
323.17
323.57
323.52
323.44
323.42
323.27
323.54
323.57
323.5
323.58
323.61
323.85
323.67
323.75
323.71
323.67
323.62
323.82
323.77
323.74
323.84
323.93
323.97
323.86
323.82
323.32
323.75
324.03
323.81
323.85
323.67
323.98
324.04
323.83
323.79
323.66
323.63
323.78
323.89
323.83
323.94
323.87
323.85
323.94
323.93
324.13
323.79
323.96
323.92
323.89
323.85
323.96
323.83
323.98
324.18
324.16
324.25
324.06
324.09
324.16
324.34
324.23
324.2
324.24
324.22
324.24
324.12
324.02
323.99
324.22
324.16
324.13
324.15
324.01
324.04
324.34
324.2
324.11
324.16
324.28
324.31
323.85
323.97
324.17
324.25
324.35
324.38
324.32
324.21
324.42
324.56
324.24
324.22
324.71
324.74
324.49
324.64
324.37
324.33
324.48
324.34
324.41
324.36
324.35
324.17
324.27
324.6
324.48
324.31
324.26
324.32
324.49
324.59
324.48
324.61
324.8
324.66
324.72
324.81
324.89
324.61
324.6
324.83
324.83
324.97
324.87
324.81
324.92
324.85
324.96
325.06
325.08
325.01
324.98
324.78
325.1
325.03
325.12
325.18
325.21
325.28
325.21
325.29
325.37
324.83
324.87
324.79
324.91
325.01
325.04
324.96
324.92
325.02
325.07
325.19
325.24
325.15
325.19
325.24
325.29
325.56
325.29
324.94
325.24
325.49
325.55
325.49
325.41
325.45
325.71
325.79
325.64
325.8
325.5
325.37
325.44
325.37
325.32
325.45
325.45
325.24
325.59
325.74
325.49
325.36
325.21
325.42
325.33
325.32
325.07
325.21
325.65
325.08
325.08
325.37
325.44
325.26
325.24
325.57
325.49
325.31
325.32
325.26
325.19
325.25
325.26
325
325.13
325.33
325.5
325.36
325.07
324.92
324.97
325.27
325.42
325.26
325.18
325.06
325.11
325.17
325.28
325.12
325.09
325.24
325.11
325.2
325.18
325.43
325.46
325.35
325.12
325.18
325.21
325.23
325.42
325.61
325.71
325.48
325.73
325.46
325.52
325.25
325.21
325.34
325.36
325.28
325.24
325.11
325.26
325.22
325.34
325.31
325.11
325.28
325.53
325.21
325.39
325.37
325.55
325.44
325.61
325.61
325.17
325.33
325.55
325.37
325.31
325.41
325.18
325.29
325.36
325.2
325.3
325.56
325.42
325.68
325.52
325.48
325.36
325.28
325.56
325.72
325.54
325.35
325.24
325.55
325.45
325.55
325.25
325.56
325.57
325.26
325.2
325.41
325.23
325.44
325.58
325.55
325.6
325.66
325.61
325.84
325.7
325.49
325.67
325.42
325.69
325.59
325.57
325.68
325.84
325.7
325.8
325.51
325.44
325.62
325.51
325.66
325.47
325.52
325.4
325.4
325.56
325.45
325.43
325.46
325.54
325.79
325.55
325.77
325.85
325.55
325.37
325.56
325.6
325.53
325.44
325.47
325.27
325.49
325.5
325.33
325.47
325.33
325.27
325.16
325.39
325.57
325.45
325.26
325.46
325.52
325.27
325.13
325.14
325.59
325.41
325.37
325.31
325.39
325.26
325.2
325.2
325.2
325.07
325.16
325.41
325.32
325.34
325.61
325.54
325.38
325.31
325.28
325.09
325.1
325.18
325.23
325.22
325.44
325.41
325.47
325.36
325.52
325.41
325.5
325.32
325.34
325.43
325.52
325.57
325.54
325.45
325.42
325.46
325.61
325.64
325.55
325.48
325.46
325.37
325.48
325.44
325.36
325.54
325.65
325.54
325.5
325.64
325.5
325.56
325.77
325.94
325.6
325.57
325.73
325.6
325.75
325.84
325.78
325.57
325.55
325.64
325.66
325.53
325.64
325.8
325.51
325.68
325.79
325.72
325.57
325.56
325.51
325.42
325.54
325.54
325.44
325.83
325.66
325.62
325.54
325.62
325.52
325.75
325.51
325.51
325.75
325.54
325.53
325.53
325.61
325.52
325.34
325.27
325.07
325.27
325.2
325.38
325.37
325.51
325.32
325.38
325.4
325.68
325.62
325.4
325.51
325.45
325.35
325.18
325.19
325.16
325.25
325.1
324.94
324.97
325.16
325.07
325.18
324.89
324.81
324.92
324.66
324.76
325.06
324.79
324.88
324.66
324.5
324.58
324.89
324.88
324.76
324.39
324.57
324.54
324.35
324.36
324.59
324.64
324.41
324.21
324.31
324.41
324.04
324.2
324.17
324.09
324.5
324.62
324.53
324.4
324.45
324.22
324.07
324.2
324.19
324.18
324.18
324.23
324.35
324.24
323.87
324.03
324.16
324.29
324.14
324.22
324.37
324.4
324.37
324.12
324.15
324.13
324.34
324.31
324.26
324.38
324.06
324.09
324.27
324.42
324.38
324.11
324.05
324.17
324.44
324.29
324.45
324.42
324.52
324.51
324.46
324.4
324.71
324.71
324.47
324.44
324.38
324.18
324.17
324.13
324.12
324.37
324.46
324.52
324.35
324.34
324.29
324.4
324.59
324.42
324.57
324.48
324.4
324.46
324.49
324.67
324.31
324.23
324.33
324.01
324.24
324.51
324.4
324.57
324.66
324.66
324.57
324.32
324.58
324.66
324.51
324.77
324.76
324.73
324.56
324.57
324.83
324.78
324.7
324.6
324.42
324.65
324.49
324.62
324.73
324.68
324.72
324.75
324.79
324.67
324.79
324.66
324.45
324.59
324.56
324.55
324.6
324.54
324.51
324.47
324.35
324.33
324.58
324.42
324.41
324.36
324.56
324.62
324.76
324.46
324.55
324.42
324.51
324.65
324.69
324.46
324.64
324.64
324.52
324.61
324.49
324.51
324.55
324.42
324.49
324.47
324.7
324.69
324.42
324.5
324.46
324.39
324.48
324.43
324.37
324.27
324.33
324.45
324.42
324.45
324.65
324.67
324.47
324.52
324.52
324.43
324.46
324.59
324.59
324.42
324.53
324.51
324.69
324.57
324.43
324.35
324.44
324.33
324.47
324.68
324.6
324.57
324.55
324.61
324.43
324.35
324.29
324.32
324.58
324.48
324.56
324.34
324.57
324.3
324.38
324.33
324.42
324.56
324.42
324.44
324.37
324.34
324.6
324.39
324.51
324.37
324.36
324.36
324.14
324.1
324.17
324.35
324.61
324.28
324.15
324.33
324.22
324.27
324.24
324.36
324.28
324.43
324.33
324.26
324.47
324.4
324.51
324.56
324.53
324.48
324.66
324.73
324.72
324.56
324.5
324.33
324.37
324.54
324.5
324.33
324.48
324.37
324.35
324.2
324.34
324.51
324.2
324.27
324.29
324.16
324.29
324.31
324.17
324.22
324.43
324.55
324.54
324.71
324.8
324.8
324.67
324.58
324.6
324.57
324.62
324.71
324.61
324.54
324.54
324.42
324.47
324.61
324.43
324.45
324.52
324.57
324.59
324.55
324.57
324.78
324.65
324.68
324.72
324.74
324.85
324.98
324.99
324.69
324.66
324.59
324.8
324.73
324.66
324.94
325.01
324.98
324.96
325
325.03
325.24
324.81
324.6
324.69
324.83
325.18
324.99
324.83
324.84
324.73
324.78
324.73
324.9
324.97
324.74
324.7
324.94
324.87
324.86
324.74
324.82
324.98
324.75
324.82
324.72
324.98
324.88
325.1
325.02
324.86
324.93
325.19
325
324.71
324.86
324.74
324.9
325.13
324.97
324.68
324.8
324.87
324.87
324.78
324.96
325
325.04
325.05
325.2
325.08
325.1
324.91
325.03
324.94
325.08
325
325.01
325.15
325.27
325.06
324.81
324.88
325.09
325.18
325.19
325.38
325.27
325.36
325.33
325.36
325.14
325.43
325.36
325.35
325.45
325.37
325.37
325.67
325.62
325.34
325.32
325.23
325.31
325.53
325.49
325.36
325.64
325.58
325.4
325.32
325.66
325.68
325.42
325.49
325.49
325.63
325.52
325.68
325.57
325.63
325.55
325.69
325.6
325.81
325.67
325.65
325.53
325.52
325.97
325.71
325.53
325.6
325.7
325.62
325.61
325.78
325.85
325.94
326.13
325.7
325.81
325.86
326.09
326.03
325.88
326.11
326.28
325.86
325.74
325.76
325.99
325.9
326.01
326.08
325.91
325.96
326.03
325.98
325.89
325.88
325.93
326.02
326.17
326.3
325.96
326.02
326.25
326.44
326.38
326.25
325.97
326.19
326.37
326.55
326.81
326.43
326.55
326.6
326.35
326.59
326.48
326.64
326.52
326.61
326.7
326.72
326.55
326.62
326.64
326.79
326.57
326.81
327.12
327.05
326.84
326.81
326.72
326.68
326.91
326.93
326.76
326.56
326.83
326.97
326.91
326.81
326.71
326.98
327.11
326.97
326.81
326.99
326.81
327.14
327.3
327.24
327.04
326.86
326.98
327.06
327.22
327.04
326.95
326.87
327.15
327.15
327.07
327.02
327.26
327.09
327.07
327.15
327.01
327.01
327.32
327.1
327.29
327.39
327.75
327.35
327.1
327.08
327.26
327.37
327.47
327.42
327.55
327.66
327.53
327.35
327.3
327.08
327.11
327.3
327.31
327.64
327.36
327.31
327.17
327.35
327.42
327.26
327.46
327.39
327.3
327.34
327.26
327.22
327.31
327.31
327.59
327.52
327.33
327.1
327.13
327.39
327.36
327.18
327.34
327.15
327.17
327.29
327.5
327.47
327.31
327.35
327.23
327.32
327.33
327.37
327.31
327.23
326.9
327.2
327.26
327.29
327.2
327.43
327.43
327.55
327.21
327.23
327.31
327.47
327.29
327.08
327.42
327.35
327.26
327.47
327.57
327.68
327.91
327.78
327.66
327.71
327.9
327.79
327.79
327.75
327.94
327.87
327.88
327.84
327.69
327.49
327.65
327.67
327.85
327.84
327.98
327.91
328.06
328.19
327.79
327.73
327.85
328.19
328.2
328.33
328.13
328.08
328.17
328.34
328.35
328.14
328.26
328.32
328.68
328.5
328.56
328.75
328.39
328.62
328.67
328.58
328.51
328.76
328.8
329.06
328.82
328.76
328.76
328.72
328.8
329.22
329.3
328.85
328.67
328.86
328.89
328.98
328.97
328.9
328.75
328.71
328.89
328.82
328.84
329.1
329.29
328.93
328.98
328.94
328.9
328.77
329.19
329.21
329.19
329.37
329.29
329.29
329.12
329.09
329.49
329.75
329.59
329.25
329.31
329.19
329.04
329.27
329.29
329.2
329.27
329.22
329.41
329.43
329.5
329.31
329.32
329.55
329.48
329.69
329.69
329.71
329.56
329.59
329.42
329.39
329.3
329.4
329.75
329.58
329.46
329.51
329.33
329.6
329.68
329.67
329.57
329.67
329.83
329.98
329.39
329.51
329.77
329.91
329.64
329.84
329.82
329.82
329.79
329.75
329.62
329.68
329.48
329.83
329.76
329.76
330.11
329.86
329.82
329.96
330.12
330.01
330.06
330.1
330.17
330.36
330.28
330.12
330.03
330.03
329.93
330.35
330.32
330.12
330.15
330.29
330.32
330.32
330.15
330.36
330.43
330.64
330.58
330.79
330.48
330.39
330.32
330.53
330.27
330.48
330.45
330.55
330.57
330.51
330.39
330.27
330.16
330.22
330.11
330.64
330.76
330.74
330.54
330.75
330.59
330.71
330.66
330.66
330.57
330.77
330.69
330.67
330.98
330.97
331.08
330.96
330.89
331.08
331.05
331.1
330.97
330.98
331.22
331.23
331.14
331.07
331.03
331.12
331.21
331.27
331.33
331.1
331.41
331.37
331.37
331.51
331.5
331.45
331.76
331.64
331.62
331.6
331.72
331.55
331.44
331.35
331.71
331.68
331.77
331.39
331.3
331.33
331.56
331.66
331.55
331.51
331.53
331.89
331.82
331.71
331.86
331.76
331.67
331.87
332.03
331.93
331.78
331.82
331.82
331.78
331.91
332.07
331.78
331.7
331.82
331.82
331.92
331.95
332.1
331.95
332.06
331.97
332.02
331.86
331.75
331.92
332.12
332.28
332.17
332.16
332.27
332.34
332.27
332.26
332.31
332.21
332.19
332.08
332.22
332.37
332.29
332.48
332.16
332.21
332.36
332.29
332.29
332.1
332.28
332.48
332.37
332.45
332.54
332.27
332.45
332.52
332.3
332.02
332.4
332.54
332.14
332.44
332.69
332.38
332.37
332.2
332.41
332.6
332.26
332.28
332.72
332.56
332.44
332.64
332.22
332.16
332.16
332.35
332.18
332.33
332.26
332.18
332.25
332.48
332.61
332.68
332.67
332.86
332.68
332.69
332.8
332.41
332.56
332.5
332.57
332.51
332.37
332.36
332.25
332.56
332.8
332.83
332.78
332.72
332.8
332.74
332.87
332.75
332.53
332.7
332.61
332.69
332.87
332.85
332.99
332.73
332.69
332.63
332.45
332.72
332.44
332.57
332.74
332.64
332.59
332.79
332.75
332.78
333.01
332.96
332.65
332.88
333
332.99
332.91
332.95
332.74
332.92
332.82
332.65
332.71
332.71
332.66
332.73
332.82
332.92
332.83
332.82
332.82
332.73
332.79
332.98
333
332.94
333.14
333.11
332.92
333.1
333.25
332.96
332.88
332.92
332.8
332.84
332.72
332.99
333.24
333.05
333.1
333.17
332.96
333.06
333.06
333.28
333.3
333.25
332.97
332.89
333.01
333.07
332.94
333.11
333.17
333.13
332.88
333.04
333.02
332.95
333.14
333.29
333.08
332.83
332.96
332.97
333.24
333.32
333.06
333.26
333.49
333.16
333
332.92
333.01
333.35
333.36
333.3
333.4
333.3
333.44
333.25
333.38
332.95
333.05
332.88
332.99
332.95
333.05
333.13
332.99
332.96
333.05
333.09
332.93
333.02
333.17
333.14
333.4
333.47
333.32
333.27
333.34
333.43
333.27
333.39
333.28
333.11
333.3
333.52
333.5
333.34
333.35
333.19
332.89
333.13
333.37
333.28
333.35
333.54
333.55
333.52
333.24
333.13
333
333.19
333.02
333.37
333.54
333.2
333.38
333.54
333.34
333.27
333.49
333.45
333.57
333.58
333.5
333.36
333.21
333.35
333.31
333.34
333.41
333.51
333.43
333.45
333.62
333.4
333.39
333.18
333.47
333.34
333.5
333.31
333.64
333.62
333.62
333.87
333.73
333.89
333.88
333.54
333.59
333.73
333.63
333.79
334.07
334.07
333.82
333.96
333.75
333.68
333.86
333.97
333.82
333.9
333.94
334.15
333.86
333.72
334.06
334.09
333.85
333.85
333.93
334.14
334.1
334.13
334.25
333.73
333.98
334.2
334.15
334.35
333.95
333.99
334.1
334.22
334.08
334.32
334.11
334.16
333.9
333.89
334.43
334.32
334.15
334.18
334.09
333.97
334.03
334.22
334.35
334.1
334.19
334.21
334.04
334.31
334.32
334.48
334.38
334.15
334.19
334.19
334.48
334.31
334.31
334.37
334.44
334.46
334.52
334.46
334.63
334.77
334.37
334.56
334.56
334.55
334.48
334.23
334.65
334.54
334.68
334.49
334.29
334.74
334.62
334.41
334.38
334.5
334.72
334.73
334.46
334.79
334.7
334.44
334.51
334.6
334.76
334.61
334.47
334.76
334.65
335.06
334.89
334.88
335.05
334.83
334.7
334.84
334.68
334.56
334.78
334.99
334.96
334.91
335.18
335.1
335.25
335.01
335.22
334.93
334.62
334.62
335.04
334.88
335.17
334.97
335.07
334.85
335
334.99
334.87
334.91
335.01
335.01
335.19
335.26
335.24
335.22
335.08
335.05
334.71
334.94
335.12
335.11
335.19
335.21
335.02
335.04
335.12
335.19
334.93
334.48
334.79
334.98
335.23
335.28
335.15
335.36
335.07
334.89
334.81
334.59
334.76
335.05
334.9
334.92
334.85
335.03
335.19
335.01
334.7
334.69
334.9
334.77
335
334.74
334.64
334.64
334.86
334.9
334.8
334.5
334.57
334.8
334.57
334.52
334.75
334.68
334.7
334.28
334.08
334.46
334.32
334.44
334.67
334.45
334.24
334.43
334.26
334.05
334.4
334.55
334.39
334.46
334.65
334.69
334.55
334.35
334.36
334.54
334.5
334.67
334.64
334.36
334.54
334.61
334.44
334.49
334.74
334.63
334.48
334.57
334.66
334.66
334.42
334.1
334.26
334.28
334.15
334.3
334.68
334.82
335.22
335.59
335.67
335.8
336.18
335.97
336.23
336.14
336.42
336.53
336.65
336.8
336.8
336.72
336.94
336.98
337.13
337.49
337.78
338.01
338.05
338.06
338.01
338.14
338.31
338.17
338.21
338.02
338.24
338.51
338.49
338.15
338.27
338.4
338.46
338.27
338.23
338.1
338.19
338.07
338.12
337.98
338.12
338.16
338.23
338.28
338.38
338.26
338.5
338.73
338.65
338.33
338.04
338.34
338.53
338.56
338.36
338.22
338.52
338.42
338.54
338.68
338.54
338.62
338.69
338.6
338.53
338.48
338.29
338.38
338.73
338.65
338.49
338.56
338.57
338.7
338.57
338.76
338.61
338.76
338.8
338.73
339.09
339.12
339.25
339.1
339.12
338.99
338.92
339.23
339.01
338.74
338.88
339.19
339.14
339.17
339.15
339.08
338.98
338.93
339.05
339.13
339.23
339.29
339.28
339.18
339.23
339.18
339.26
339.33
339.38
339.32
338.93
339.11
339.46
339.38
339.34
339.21
339.42
339.34
339.48
339.74
339.71
339.59
339.46
339.89
340.01
339.76
339.67
339.64
339.83
339.97
339.76
339.62
339.88
340.06
339.85
339.75
340
340.01
339.93
340.04
339.92
340.11
340.02
340.12
340.16
340.3
340.32
340.29
340.38
340.52
340.64
340.63
340.5
340.44
340.66
340.33
340.57
340.47
340.61
340.72
340.73
340.85
340.5
340.47
340.85
340.83
340.92
340.83
340.94
340.88
341.13
341.07
340.85
341.18
341.17
341.05
341.12
341.37
341.13
341.09
340.96
340.85
340.91
341.09
341.12
341.25
341.21
341.02
340.92
341.05
341.15
341.31
341.19
341.28
341.23
341.32
341.5
341.5
341.34
341.42
341.18
341.49
341.34
341.24
341.15
341.08
341.03
341.54
341.4
341.33
341.39
341.27
341.44
341.57
341.26
341.45
341.57
341.62
341.48
341.36
341.36
341.08
341.55
341.33
341.3
341.45
341.56
341.45
341.64
341.35
341.4
341.4
341.48
341.81
341.69
341.57
341.7
341.7
341.55
341.73
341.66
341.66
341.65
341.79
341.96
341.79
341.66
341.65
341.79
341.74
341.71
341.56
341.05
341.2
341.53
341.62
341.88
341.85
341.77
341.66
341.64
341.53
341.67
341.42
341.76
341.98
341.58
341.61
341.73
341.68
341.65
341.8
342.02
341.71
341.56
341.87
341.92
341.94
341.93
342.04
342
342.13
341.98
342.01
341.67
341.7
341.69
341.51
341.76
342.17
342.01
342.01
342.08
342.07
342.04
341.81
342.04
342.18
342.12
342.18
342.08
342.13
342.28
341.97
341.82
342.06
341.96
341.88
341.91
342.18
342.21
342.04
342.16
342.17
341.81
341.93
341.72
341.87
342.2
342.17
341.96
341.95
341.76
341.88
342.11
342.09
341.65
341.78
341.8
341.92
341.99
342.19
341.83
341.64
341.65
341.72
341.69
341.78
341.91
341.79
341.63
342.12
342.02
341.87
341.91
342.17
341.79
341.83
341.76
341.8
341.85
342.18
341.98
342.06
342
341.86
341.81
341.79
341.85
341.94
341.83
341.5
341.75
341.58
341.54
341.65
341.74
341.55
341.59
341.66
341.77
341.77
341.41
341.57
341.57
341.54
341.72
341.73
341.65
341.79
341.48
341.17
341.33
341.46
341.4
341.47
341.72
341.5
341.71
341.77
341.54
341.68
341.41
341.31
341.67
341.86
341.58
341.78
341.57
341.64
341.69
341.46
341.37
341.5
341.43
341.4
341.68
341.7
341.39
341.39
341.67
341.82
341.76
341.61
341.46
341.1
341.26
341.34
341.41
341.09
341.41
341.39
341.43
341.24
341.26
341.39
341.44
341.29
341.22
341.13
341.21
341.37
341.28
341.19
340.99
340.97
341.01
341.15
341.06
341.33
341.43
341.26
340.93
340.95
341.02
341.15
341.21
340.75
341.08
340.93
340.88
340.81
340.76
341.02
341.09
340.98
340.91
340.81
340.94
340.97
340.92
341.06
341.06
341.07
341.03
340.91
341.03
341.12
340.8
340.69
340.91
340.9
340.88
341.09
341.25
341.08
341.05
340.97
340.96
341.2
341.04
340.9
340.82
340.75
340.61
340.77
340.8
340.76
340.47
340.55
340.54
340.45
340.96
340.61
340.76
340.85
340.52
340.63
340.71
340.58
340.41
340.54
340.66
340.58
340.68
340.7
340.79
340.56
340.59
340.54
340.6
340.49
340.7
340.6
340.44
340.25
340.46
340.22
340.2
340.23
340.28
340.08
340.29
340.21
339.99
340
340.07
340.26
340.2
340.11
340.26
340.12
339.89
339.89
340.03
340.06
339.9
339.92
340.03
340
340.22
340.12
340.05
340.04
340.18
340.08
340.08
340.05
339.94
339.84
339.79
340.14
340.03
339.91
340.19
340.21
339.92
339.85
339.99
340.05
340.06
340.04
340
339.86
339.92
340.33
340.1
340.11
339.83
339.87
339.81
339.91
339.99
339.91
339.71
339.85
339.87
339.92
339.84
339.99
339.89
339.77
339.78
339.71
339.8
339.91
339.76
339.77
339.68
339.82
339.84
339.86
339.67
339.72
339.86
339.82
339.64
339.94
339.75
339.84
339.82
339.86
339.63
340.04
339.9
339.94
339.74
339.6
339.82
339.74
339.86
340.04
340
339.69
340.03
339.89
339.92
339.78
339.93
339.68
339.68
339.89
339.74
339.72
339.76
339.59
339.43
339.54
339.57
339.26
339.49
339.61
339.81
339.57
339.81
339.5
339.31
339.38
339.21
339.54
339.42
339.17
339.34
339.65
339.5
339.36
339.32
339.1
339.14
339.37
339.23
339.36
339.24
339.18
339.4
339.25
339.23
339.38
339.32
339.29
339.17
339.2
339.35
339.25
339.32
339.58
339.22
339.48
339.49
339.3
339.21
339.35
339.13
339.1
338.89
339.13
339.02
338.78
338.89
338.98
338.96
338.86
339.29
339.34
339.22
339.28
338.99
339.17
339.18
339.22
339.15
338.96
339.11
339.12
338.83
338.9
338.75
338.94
338.99
338.79
338.98
339.19
338.95
339.03
339.08
339.08
339.02
338.91
338.81
339.19
339.18
338.89
338.85
338.86
338.93
338.93
339
339.11
339.15
339.17
339.03
338.89
339
339.2
339.24
338.97
339.06
339.07
339.02
339.16
339.15
339.1
339.27
339.04
339.32
339.18
339.1
339.45
339.45
339.56
339.48
339.55
339.67
339.64
339.42
339.55
339.6
339.53
339.41
339.55
339.51
339.45
339.17
339.34
339.39
339.52
339.45
339.65
339.61
339.45
339.22
339.38
339.59
339.42
339.47
339.77
339.73
339.6
339.59
339.67
339.38
339.63
339.73
339.77
339.81
339.92
339.56
339.71
339.55
339.88
339.81
339.85
339.7
339.89
339.6
339.74
339.63
339.33
339.71
339.64
339.62
339.61
339.85
339.69
339.53
339.59
339.56
339.55
339.55
339.34
339.3
339.7
339.51
339.51
339.69
339.58
339.73
339.73
339.76
339.71
339.59
339.58
339.47
339.69
339.81
339.7
339.49
339.55
339.84
339.77
339.91
340.07
340.02
339.47
339.56
339.83
339.64
339.71
339.68
339.73
339.73
339.71
339.68
339.8
339.9
339.65
339.44
339.84
339.82
339.76
339.96
339.77
339.83
339.57
339.62
339.76
339.83
339.93
339.68
339.55
339.73
339.9
340.13
339.84
339.72
339.84
339.76
340.03
339.7
339.31
339.69
339.58
339.65
339.76
339.86
340.02
339.71
339.82
339.8
339.85
339.91
339.91
340.22
340.19
340.01
339.97
340.26
339.72
339.9
339.82
339.85
339.89
339.74
339.69
339.57
339.87
339.91
339.87
340.05
339.98
339.91
339.96
339.93
339.78
339.94
339.87
340.09
339.96
339.8
339.98
340.1
340.09
340.04
339.9
339.96
340.12
339.66
340.04
340.23
340.36
340.15
339.96
340.13
340.29
340.45
340.1
340.07
340.15
340.23
340.06
339.94
340.04
340.34
340.29
340.38
340.35
340.5
340.29
340.31
340.47
340.28
340.45
340.23
339.94
340.18
340.16
340.21
340.4
340.33
340.12
340.26
340.38
340.23
340.31
340.24
340.23
340.17
340.37
340.4
340.31
340.23
340.3
340.66
340.53
340.29
340.42
340.47
340.4
340.33
340.33
340.27
340.49
340.53
340.54
340.57
340.76
340.54
340.54
340.7
340.6
340.38
340.39
340.37
340.47
340.75
340.65
340.67
340.53
340.58
340.69
340.72
340.84
340.65
340.62
340.51
340.53
340.58
340.65
341.08
340.84
340.84
340.81
340.79
340.72
340.89
341.08
341.04
340.91
340.71
340.73
340.56
340.43
340.5
340.61
340.69
340.78
340.85
340.88
340.81
340.9
341.08
341
340.84
340.77
340.88
340.8
340.82
340.82
340.78
340.97
341.16
341
340.81
340.73
341.2
341.01
340.87
340.62
340.68
340.86
340.78
340.7
340.61
340.72
340.5
340.46
340.51
340.75
340.82
340.91
340.7
340.84
340.99
340.68
340.88
340.66
340.45
340.57
340.66
340.74
340.87
340.79
340.84
340.96
341.06
340.87
340.98
341.06
341.1
341.04
341.11
341.16
341.02
340.89
340.81
341.1
341.09
340.93
340.92
340.95
340.75
340.61
340.7
340.73
340.89
340.73
340.96
341
341.02
341.11
341.04
340.93
340.96
341.26
341.2
340.93
340.97
340.83
340.86
340.85
341.03
340.99
340.94
341.06
341.05
341.04
340.97
340.85
340.93
341.24
341.26
341.07
341.24
341.3
340.73
340.87
340.92
341.08
341.06
340.92
341.15
341
341.19
341.09
340.9
341.21
340.93
340.91
341.02
340.9
340.81
340.98
340.97
341.25
341.23
341.09
340.94
341.14
341.1
341.5
341.44
341.08
341.09
341.16
341.23
341.09
341.1
341.22
340.96
340.87
341.04
341.11
341
340.98
340.72
341.02
341.05
340.89
340.84
341.08
341.16
340.82
340.93
341
340.81
341
340.86
341
341.17
340.97
340.9
341.11
341.32
341.35
341.27
340.95
340.98
341.1
341.17
341.2
340.87
340.97
341.07
341.14
341.11
341.02
340.89
341.12
340.98
341.01
341.1
341.03
340.96
341.16
341.07
341.07
341.24
341.32
341.3
341.28
341.26
340.86
340.94
341.13
341.21
340.92
341.16
340.95
341.31
341.17
341.14
340.94
341.01
340.94
340.97
341.07
341.08
340.72
340.78
340.74
340.75
340.68
340.95
341.06
340.77
341.03
340.87
340.65
340.59
340.61
340.81
340.99
340.87
340.73
340.73
340.83
340.9
340.86
340.64
340.79
340.89
340.66
340.52
340.55
340.52
340.47
340.65
340.78
340.92
340.96
340.85
340.99
340.64
340.8
340.92
340.74
340.57
340.39
340.68
340.39
340.39
340.8
341.06
340.68
340.45
340.65
340.43
340.57
340.6
340.7
340.63
340.81
340.88
340.63
340.77
340.74
340.61
340.75
340.61
340.5
340.98
340.84
340.82
340.61
340.54
340.71
340.46
340.6
340.37
340.35
340.79
340.79
340.62
340.53
340.57
340.69
340.55
340.55
340.6
340.47
340.73
340.93
340.68
340.62
340.53
340.65
340.36
340.34
340.59
340.46
340.56
340.64
340.47
340.47
340.71
340.81
340.76
340.49
340.43
340.39
340.59
340.85
340.54
340.59
340.63
340.93
340.82
340.89
340.51
340.48
340.54
340.71
340.54
340.36
340.46
340.46
340.72
340.59
340.33
340.29
340.34
340.41
340.44
340.49
340.61
340.47
340.5
340.43
340.57
340.41
340.61
340.86
340.49
340.7
340.58
340.44
340.4
340.43
340.57
340.55
340.52
340.65
340.28
340.33
340.4
340.47
340.31
340.4
340.36
340.36
340.22
340.43
340.24
339.89
340.03
340.15
340.25
340.32
340.35
340.08
340.19
340.1
340.25
340.23
340.25
340.31
340.08
340
339.86
339.99
339.91
340.06
339.99
339.61
339.9
340.03
339.98
339.76
339.85
339.94
340.13
339.89
339.8
339.49
339.9
339.84
339.84
339.82
339.59
339.87
339.95
339.76
339.94
339.91
339.83
339.82
339.68
339.77
339.88
340.02
339.99
339.87
339.84
339.98
339.73
339.72
339.48
339.66
339.64
339.84
339.99
339.92
339.79
339.7
339.65
339.65
339.59
339.55
339.49
339.61
339.51
339.49
339.52
339.31
339.41
339.75
339.53
339.46
339.35
339.39
339.53
339.25
339.37
339.28
339.45
339.57
339.65
339.57
339.34
339.3
339.32
339.3
339.37
339.3
339.44
339.49
339.32
339.49
339.4
339.54
339.63
339.52
339.28
339.21
339.49
339.35
339.31
339.29
339.22
339.41
339.6
339.36
339.15
339.2
339.39
339.41
339.38
339.45
339.32
339.3
339.44
339.49
339.35
339.26
339.29
339.14
339.24
339.01
339.04
338.98
339.15
339.18
339.35
339.36
339.19
339.18
339.03
338.93
339.16
339.11
338.88
339.27
339.19
339
338.97
339.11
339.09
339.18
339.18
339.13
339.28
339.23
339.04
339.06
339.06
339.13
339.16
339.12
339.16
338.93
338.72
338.88
339.02
338.97
338.57
338.62
338.76
338.94
338.85
338.85
339.01
338.94
339.06
339.18
339.07
339.34
339
339.09
339.11
338.7
338.91
339.12
339.18
339.22
339.22
339.07
339.1
339
339.05
338.91
338.95
338.92
338.93
339
339
339.24
339.23
339.16
339.21
339.13
339.27
339.13
338.8
338.84
339.26
339.08
339.43
339.41
339.17
339.2
339.31
339.16
339.12
339.35
339.42
339.47
339.42
339.49
339.37
339.27
339.22
339.34
339.39
339.58
339.43
339.55
339.65
339.5
339.41
339.43
339.54
339.66
339.67
339.81
339.75
339.91
339.98
339.85
339.71
339.73
339.89
339.56
339.76
339.7
339.88
339.9
339.84
339.73
339.87
340
339.98
340.06
340.13
340.15
340.1
340.02
340.11
340.33
340.12
339.93
340.06
340.25
340.01
340.29
340.34
340.15
340.29
340.45
340.18
340.18
340.28
340.32
340.35
340.41
340.74
340.62
340.46
340.81
341
340.7
340.46
340.64
340.39
340.69
340.78
340.75
340.57
340.63
340.54
340.87
340.77
340.75
340.7
340.76
340.75
340.84
340.8
341
340.93
340.93
340.92
341.11
341.1
340.87
340.71
341.11
341.09
341.13
340.96
341.22
341.35
341.21
341.28
341.49
341.47
341.31
341.23
341.11
341.34
341.33
341.41
340.97
341.03
341.39
341.56
341.53
341.46
341.56
341.54
341.05
341.3
341.56
341.45
341.73
341.35
341.37
341.44
341.76
341.67
341.7
341.86
341.6
341.67
341.92
341.88
341.84
341.95
341.91
341.91
342.02
342.01
341.84
341.78
342.05
342.08
342.4
342.09
342.13
341.92
341.63
341.87
342.06
341.94
342.32
342.2
341.96
342.2
342.04
342.29
342.51
342.3
342.13
342.26
342.41
342.18
342.13
342.42
342.63
342.48
342.58
342.22
342.3
342.39
342.53
342.59
342.53
342.87
342.52
342.44
342.36
342.28
342.51
342.34
342.59
342.72
342.97
342.45
342.56
342.51
342.42
342.61
342.91
342.85
342.76
342.73
342.71
342.4
342.5
342.5
342.56
342.66
342.46
342.79
343.01
343.01
342.5
342.43
342.55
342.76
342.93
342.46
342.54
342.54
342.76
342.75
342.7
342.63
342.76
342.85
342.85
342.65
342.56
342.57
342.81
342.71
342.5
342.52
342.75
342.7
342.68
342.68
342.77
342.84
343.05
343.05
342.95
343.02
343.05
343.22
342.93
342.91
342.77
342.66
342.68
342.74
342.88
342.83
342.48
342.66
342.65
342.8
342.72
342.72
342.83
343
342.97
343.14
342.94
342.82
342.92
343.16
342.98
342.91
342.87
342.73
342.54
342.91
342.91
342.88
342.88
342.86
342.71
342.66
342.77
342.61
342.64
342.73
342.81
342.5
342.67
342.49
342.66
342.8
342.59
342.59
342.72
342.85
342.84
342.84
342.83
342.68
342.66
342.52
342.91
343.07
342.91
342.97
342.83
342.82
342.77
342.88
342.84
342.95
343.06
343.15
342.92
343.14
342.87
342.77
343.01
342.75
342.8
342.9
342.65
342.72
342.59
342.62
342.58
342.65
342.56
342.8
342.89
342.97
342.81
342.97
343.07
343.05
342.93
342.61
342.96
342.7
342.42
342.68
342.46
342.68
342.69
342.83
342.82
342.97
342.62
342.83
342.92
342.94
342.71
342.85
342.87
342.61
342.74
342.63
342.73
342.82
342.53
342.53
342.53
342.66
342.5
342.74
342.48
342.62
342.56
342.6
342.35
342.5
342.67
342.46
342.28
342.52
342.45
342.71
342.59
342.58
342.52
342.82
342.8
342.45
342.6
342.83
342.82
342.68
342.57
342.87
342.63
342.67
342.68
342.71
342.42
342.6
342.61
342.35
342.23
342.35
342.19
342.55
342.6
342.69
342.67
342.65
342.61
342.58
342.47
342.23
342.54
342.57
342.37
342.6
342.43
342.39
342.57
342.45
342.23
342.21
342.43
342.2
342.37
342.61
342.77
342.71
342.48
342.67
342.61
342.68
342.74
342.93
342.55
342.41
342.58
342.3
342.61
342.49
342.51
342.3
342.63
342.69
342.74
342.56
342.59
342.46
342.53
342.48
342.31
342.5
342.38
342.41
342.68
342.39
342.49
342.44
342.64
342.42
342.43
342.54
342.6
342.38
342.48
342.22
342.33
342.36
342.24
342.03
342.1
342.23
342.08
342.2
342.44
342.35
341.97
341.98
341.88
342.26
342.12
341.98
342.03
342.07
342.07
342.12
342.1
342.05
342.14
342.21
342.05
341.93
342
341.83
342.09
341.72
342
342.05
341.99
341.89
341.99
341.98
341.75
341.75
341.81
341.93
341.92
341.91
341.72
341.77
341.69
341.73
341.82
341.67
341.58
341.54
341.66
341.8
342.04
341.81
341.87
341.67
341.63
341.75
341.91
341.86
341.76
341.96
341.78
341.79
341.72
341.63
341.49
341.85
341.74
341.57
341.8
341.72
341.68
341.52
341.42
341.45
341.38
341.41
341.43
341.7
341.72
341.67
341.53
341.53
341.51
341.12
341.17
341.39
341.43
341.46
341.53
341.45
341.57
341.53
341.39
341.29
341.3
341.04
341.28
341.21
341.44
341.11
341.09
341.11
341.16
341.23
341.35
341.45
341.28
341.35
341.21
341.42
341.23
341.13
341.22
341.41
341.3
340.94
341.35
341.39
341.24
341.4
341.27
341.32
341.04
341.02
341.05
341.2
341.39
341.45
341.2
341.22
341.22
341.01
340.8
341.11
341.09
341.23
341.12
341.38
341.14
341.22
341.08
340.86
340.88
340.9
341.07
341.34
341.34
341.18
341.19
341.09
341.02
341
341.02
341.09
341.23
341.04
340.94
340.85
340.73
340.79
340.81
340.84
340.92
340.94
340.89
341.02
340.9
340.78
341.06
341.08
340.94
341.01
341
341.19
341.04
341.12
341.06
341.11
341.18
341.08
341.2
341.02
340.94
341.27
341.1
341.27
340.95
341.1
341.29
341.08
340.96
340.88
341.1
341.14
341.21
341.26
341.1
341.14
341.12
340.78
340.87
341.07
341.18
340.89
340.98
341.11
341.25
341.13
341.09
340.89
340.85
341.02
341.04
341.04
341.09
341.02
341.16
341.16
340.78
340.99
341.03
341.13
340.93
341.01
341.22
340.94
341.05
340.9
341.06
340.97
341.04
340.92
340.85
340.93
341.01
340.91
340.78
341.15
341.03
340.9
341.03
341.06
341.01
341.28
341.1
340.77
340.79
341.03
341.3
341.12
340.83
341.05
340.92
340.95
340.95
340.93
341.02
340.97
340.94
340.86
340.97
341.21
341.21
341
340.73
340.72
340.63
340.8
340.63
340.41
340.79
340.96
340.9
340.68
340.91
340.84
340.82
340.8
340.95
340.88
340.87
340.8
340.9
340.7
340.93
340.86
340.55
340.65
340.54
340.52
340.87
340.75
340.95
340.76
340.72
340.82
340.96
340.96
340.97
341.05
340.9
340.95
340.83
340.75
340.66
341.06
341.2
341.11
341.25
341.31
341.05
341.14
341.24
341.04
341.02
341.15
341.11
341.13
340.95
341.02
341.17
341.46
341.27
341.36
341.34
341.43
341.38
341.16
341.3
341.28
341.32
341.42
341.35
341.28
341.28
341.18
341.14
341.32
341.3
341.1
341.25
341.27
341.52
341.48
341.06
341.3
341.27
341.23
341.03
341.27
341.43
341.3
341.18
341.38
341.32
341.47
341.35
341.3
341.22
341.29
341.15
341.48
341.51
341.7
341.65
341.43
341.18
341.33
341.3
341.3
341.33
341.35
341.19
341.31
341.22
341.22
341.45
341.35
341.2
340.89
341.09
341.48
341.75
341.42
341.12
341.05
341.03
341.27
341.34
341.55
341.51
341.55
341.34
341.25
341.37
341.53
341.48
341.49
341.61
341.49
341.53
341.54
341.23
341.19
341.28
341.33
341.5
341.43
341.44
341.56
341.56
341.51
341.64
341.54
341.51
341.51
341.53
341.57
341.34
341.26
341.64
341.55
341.72
341.51
341.61
341.47
341.41
341.33
341.59
341.73
341.68
341.58
341.47
341.67
341.57
341.5
341.61
341.61
341.55
341.43
341.42
341.11
341.11
341.09
341.18
341.22
341.17
341.5
341.29
341.33
341.14
341.18
341.13
341.18
341.22
341.52
341.45
341.02
340.97
340.88
341.14
341.23
341.43
341.57
341.54
341.39
341.46
341.38
341.34
341.28
341.45
341.4
341.14
341.2
341.37
341.36
341.69
341.49
341.48
341.21
341.33
341.44
341.37
341.5
341.36
341.55
341.52
341.28
341.43
341.25
341.3
341.42
341.54
341.42
341.09
341.29
341.33
341.02
341.26
341.47
341.43
341.23
341.39
341.38