91.6
91.61
91.61
91.61
91.61
91.61
91.61
91.61
91.6
91.6
91.6
91.6
91.6
91.6
91.61
91.61
91.61
91.62
91.62
91.62
91.62
91.61
91.61
91.61
91.6
91.6
91.6
91.59
91.58
91.58
91.58
91.58
91.58
91.58
91.57
91.57
91.57
91.57
91.57
91.56
91.56
91.57
91.57
91.57
91.57
91.57
91.57
91.57
91.56
91.55
91.55
91.55
91.55
91.54
91.55
91.55
91.56
91.57
91.57
91.57
91.57
91.56
91.57
91.56
91.57
91.57
91.57
91.57
91.56
91.56
91.55
91.55
91.54
91.54
91.55
91.56
91.57
91.57
91.58
91.58
91.58
91.59
91.59
91.59
91.6
91.6
91.6
91.59
91.59
91.6
91.6
91.6
91.59
91.58
91.58
91.58
91.58
91.58
91.59
91.59
91.6
91.6
91.59
91.6
91.59
91.58
91.58
91.58
91.58
91.58
91.58
91.58
91.59
91.59
91.59
91.59
91.6
91.61
91.61
91.61
91.61
91.61
91.62
91.63
91.62
91.62
91.62
91.62
91.62
91.62
91.63
91.64
91.64
91.64
91.65
91.65
91.65
91.65
91.65
91.64
91.64
91.64
91.65
91.64
91.65
91.65
91.65
91.64
91.64
91.64
91.64
91.65
91.65
91.66
91.66
91.66
91.67
91.67
91.67
91.67
91.68
91.68
91.68
91.67
91.67
91.67
91.66
91.66
91.66
91.66
91.66
91.65
91.65
91.66
91.66
91.66
91.68
91.68
91.68
91.68
91.67
91.67
91.67
91.66
91.66
91.66
91.65
91.64
91.64
91.64
91.64
91.64
91.64
91.65
91.64
91.64
91.64
91.62
91.62
91.61
91.61
91.6
91.61
91.61
91.62
91.62
91.63
91.64
91.64
91.64
91.65
91.65
91.65
91.64
91.64
91.64
91.64
91.64
91.64
91.64
91.64
91.64
91.63
91.62
91.62
91.62
91.62
91.61
91.61
91.62
91.62
91.62
91.62
91.62
91.62
91.61
91.6
91.6
91.58
91.58
91.57
91.57
91.57
91.57
91.57
91.57
91.56
91.56
91.57
91.56
91.57
91.57
91.57
91.57
91.57
91.57
91.57
91.57
91.56
91.56
91.55
91.55
91.55
91.55
91.55
91.55
91.55
91.55
91.55
91.56
91.56
91.56
91.56
91.55
91.54
91.54
91.54
91.53
91.52
91.53
91.53
91.53
91.52
91.53
91.52
91.52
91.52
91.52
91.52
91.53
91.55
91.55
91.57
91.58
91.58
91.58
91.57
91.56
91.55
91.55
91.55
91.55
91.55
91.56
91.57
91.56
91.56
91.55
91.55
91.55
91.54
91.54
91.55
91.54
91.54
91.53
91.53
91.53
91.52
91.52
91.52
91.52
91.52
91.52
91.53
91.53
91.53
91.54
91.54
91.55
91.55
91.56
91.56
91.56
91.55
91.55
91.54
91.55
91.55
91.55
91.55
91.55
91.55
91.56
91.56
91.56
91.57
91.57
91.57
91.57
91.56
91.55
91.55
91.55
91.54
91.54
91.53
91.51
91.51
91.5
91.51
91.5
91.5
91.5
91.5
91.5
91.5
91.48
91.48
91.48
91.47
91.48
91.48
91.48
91.5
91.5
91.5
91.51
91.51
91.51
91.52
91.52
91.52
91.53
91.54
91.55
91.55
91.55
91.55
91.54
91.54
91.53
91.52
91.52
91.52
91.51
91.51
91.52
91.52
91.53
91.53
91.53
91.52
91.51
91.48
91.48
91.47
91.45
91.44
91.44
91.44
91.44
91.43
91.42
91.43
91.43
91.43
91.43
91.43
91.43
91.43
91.42
91.43
91.41
91.41
91.42
91.42
91.42
91.42
91.42
91.42
91.43
91.43
91.43
91.43
91.43
91.43
91.43
91.43
91.43
91.42
91.42
91.43
91.42
91.42
91.41
91.41
91.41
91.4
91.4
91.4
91.4
91.41
91.41
91.41
91.42
91.43
91.43
91.43
91.42
91.42
91.41
91.41
91.4
91.4
91.4
91.39
91.39
91.39
91.39
91.39
91.39
91.39
91.4
91.41
91.41
91.42
91.43
91.43
91.43
91.43
91.43
91.43
91.42
91.42
91.42
91.41
91.41
91.41
91.41
91.41
91.41
91.41
91.41
91.41
91.4
91.39
91.38
91.38
91.38
91.38
91.37
91.37
91.35
91.35
91.35
91.35
91.35
91.35
91.35
91.36
91.36
91.36
91.36
91.36
91.36
91.36
91.37
91.37
91.37
91.37
91.36
91.35
91.34
91.34
91.34
91.34
91.34
91.35
91.35
91.36
91.37
91.37
91.38
91.38
91.39
91.39
91.39
91.39
91.39
91.39
91.39
91.38
91.38
91.38
91.38
91.39
91.39
91.39
91.39
91.4
91.39
91.39
91.39
91.4
91.39
91.39
91.39
91.38
91.38
91.38
91.37
91.38
91.38
91.38
91.37
91.37
91.36
91.35
91.34
91.34
91.34
91.34
91.33
91.33
91.33
91.33
91.32
91.31
91.3
91.3
91.3
91.3
91.3
91.3
91.31
91.31
91.31
91.31
91.31
91.31
91.31
91.3
91.3
91.3
91.3
91.3
91.3
91.3
91.31
91.3
91.3
91.29
91.28
91.29
91.29
91.3
91.29
91.3
91.28
91.28
91.28
91.28
91.28
91.27
91.26
91.25
91.25
91.25
91.25
91.24
91.21
91.21
91.21
91.21
91.21
91.21
91.21
91.21
91.2
91.2
91.21
91.21
91.21
91.21
91.22
91.22
91.21
91.22
91.22
91.21
91.21
91.21
91.21
91.21
91.21
91.21
91.21
91.21
91.21
91.21
91.22
91.22
91.21
91.21
91.2
91.2
91.19
91.18
91.18
91.18
91.18
91.18
91.18
91.18
91.19
91.18
91.18
91.18
91.18
91.17
91.17
91.17
91.17
91.17
91.18
91.18
91.18
91.19
91.2
91.2
91.19
91.19
91.2
91.2
91.2
91.2
91.2
91.2
91.21
91.2
91.2
91.2
91.2
91.2
91.19
91.2
91.2
91.21
91.22
91.22
91.22
91.22
91.22
91.22
91.21
91.21
91.21
91.21
91.21
91.2
91.2
91.19
91.18
91.17
91.17
91.16
91.16
91.15
91.15
91.15
91.15
91.15
91.15
91.15
91.15
91.15
91.15
91.13
91.12
91.1
91.1
91.09
91.09
91.08
91.08
91.08
91.09
91.09
91.08
91.09
91.08
91.08
91.08
91.09
91.09
91.1
91.1
91.1
91.1
91.1
91.1
91.1
91.1
91.09
91.1
91.1
91.09
91.09
91.09
91.09
91.09
91.09
91.1
91.1
91.1
91.1
91.1
91.1
91.1
91.1
91.11
91.11
91.12
91.13
91.13
91.14
91.14
91.14
91.15
91.15
91.15
91.15
91.15
91.15
91.15
91.15
91.16
91.16
91.16
91.16
91.17
91.16
91.16
91.16
91.16
91.16
91.17
91.17
91.17
91.18
91.19
91.2
91.19
91.19
91.2
91.21
91.21
91.21
91.21
91.21
91.21
91.22
91.24
91.25
91.25
91.26
91.26
91.26
91.26
91.27
91.27
91.28
91.28
91.28
91.28
91.29
91.29
91.29
91.3
91.3
91.31
91.31
91.31
91.31
91.31
91.31
91.31
91.31
91.31
91.3
91.28
91.28
91.28
91.28
91.27
91.27
91.26
91.26
91.27
91.27
91.27
91.28
91.28
91.28
91.26
91.26
91.26
91.26
91.26
91.26
91.26
91.25
91.25
91.25
91.25
91.25
91.24
91.25
91.24
91.24
91.22
91.22
91.21
91.21
91.2
91.2
91.19
91.19
91.19
91.2
91.2
91.19
91.19
91.18
91.18
91.19
91.2
91.21
91.22
91.22
91.21
91.21
91.21
91.21
91.21
91.2
91.19
91.18
91.18
91.18
91.17
91.18
91.17
91.17
91.17
91.18
91.17
91.17
91.17
91.17
91.18
91.18
91.17
91.17
91.17
91.16
91.16
91.15
91.16
91.16
91.16
91.17
91.18
91.19
91.2
91.2
91.2
91.19
91.19
91.2
91.2
91.2
91.21
91.21
91.21
91.2
91.19
91.19
91.19
91.2
91.21
91.2
91.21
91.21
91.22
91.22
91.24
91.25
91.25
91.25
91.25
91.25
91.25
91.24
91.24
91.25
91.25
91.26
91.26
91.26
91.27
91.27
91.28
91.28
91.28
91.28
91.29
91.29
91.28
91.29
91.29
91.29
91.28
91.28
91.28
91.28
91.28
91.29
91.29
91.29
91.29
91.29
91.29
91.3
91.3
91.31
91.31
91.32
91.31
91.31
91.31
91.31
91.31
91.31
91.31
91.31
91.31
91.32
91.32
91.32
91.33
91.33
91.33
91.34
91.33
91.34
91.35
91.35
91.35
91.34
91.33
91.33
91.34
91.34
91.34
91.35
91.35
91.35
91.35
91.35
91.35
91.35
91.35
91.36
91.37
91.36
91.36
91.36
91.35
91.35
91.35
91.35
91.35
91.35
91.35
91.34
91.35
91.35
91.35
91.36
91.35
91.36
91.37
91.37
91.37
91.38
91.38
91.38
91.38
91.38
91.38
91.38
91.39
91.39
91.39
91.39
91.39
91.4
91.4
91.41
91.42
91.42
91.44
91.44
91.44
91.45
91.45
91.45
91.45
91.46
91.47
91.47
91.47
91.5
91.51
91.51
91.51
91.52
91.52
91.51
91.51
91.5
91.51
91.48
91.47
91.46
91.45
91.45
91.45
91.45
91.45
91.45
91.46
91.47
91.48
91.5
91.52
91.52
91.52
91.53
91.53
91.53
91.53
91.53
91.54
91.54
91.55
91.55
91.55
91.54
91.54
91.55
91.55
91.54
91.54
91.54
91.54
91.54
91.54
91.54
91.55
91.55
91.55
91.55
91.55
91.55
91.55
91.54
91.54
91.54
91.55
91.55
91.56
91.56
91.56
91.56
91.56
91.55
91.56
91.56
91.56
91.56
91.56
91.56
91.57
91.56
91.57
91.57
91.58
91.59
91.6
91.61
91.62
91.62
91.63
91.63
91.63
91.64
91.64
91.63
91.62
91.63
91.62
91.62
91.62
91.61
91.61
91.61
91.62
91.62
91.63
91.64
91.65
91.65
91.66
91.66
91.65
91.65
91.66
91.66
91.66
91.66
91.66
91.66
91.67
91.67
91.68
91.68
91.7
91.7
91.69
91.69
91.68
91.68
91.68
91.68
91.68
91.68
91.68
91.68
91.68
91.68
91.67
91.67
91.67
91.67
91.68
91.68
91.68
91.68
91.68
91.68
91.69
91.69
91.7
91.7
91.68
91.67
91.66
91.66
91.66
91.66
91.65
91.64
91.64
91.64
91.65
91.66
91.66
91.65
91.65
91.65
91.65
91.65
91.65
91.64
91.64
91.64
91.64
91.64
91.63
91.62
91.62
91.63
91.64
91.64
91.65
91.65
91.65
91.65
91.65
91.66
91.65
91.64
91.64
91.63
91.63
91.63
91.63
91.63
91.63
91.63
91.62
91.62
91.62
91.62
91.61
91.61
91.6
91.61
91.61
91.62
91.62
91.62
91.62
91.62
91.62
91.61
91.62
91.62
91.62
91.62
91.62
91.62
91.62
91.62
91.61
91.61
91.61
91.6
91.6
91.6
91.6
91.6
91.59
91.59
91.58
91.58
91.59
91.59
91.59
91.59
91.6
91.6
91.6
91.6
91.6
91.6
91.6
91.6
91.6
91.6
91.6
91.6
91.59
91.6
91.6
91.6
91.6
91.61
91.62
91.62
91.62
91.63
91.62
91.62
91.62
91.62
91.62
91.61
91.61
91.61
91.6
91.6
91.6
91.6
91.61
91.61
91.61
91.61
91.61
91.61
91.61
91.61
91.61
91.61
91.61
91.61
91.61
91.6
91.6
91.59
91.58
91.58
91.58
91.58
91.58
91.58
91.58
91.58
91.58
91.59
91.6
91.6
91.6
91.6
91.6
91.59
91.58
91.57
91.58
91.57
91.57
91.57
91.58
91.59
91.59
91.6
91.6
91.6
91.6
91.59
91.58
91.58
91.58
91.57
91.57
91.57
91.57
91.57
91.57
91.57
91.57
91.57
91.58
91.57
91.58
91.58
91.58
91.58
91.58
91.58
91.57
91.57
91.56
91.56
91.56
91.55
91.55
91.55
91.56
91.57
91.58
91.58
91.58
91.57
91.57
91.57
91.57
91.57
91.57
91.58
91.58
91.57
91.57
91.57
91.57
91.57
91.57
91.57
91.57
91.57
91.57
91.57
91.57
91.57
91.57
91.55
91.54
91.54
91.54
91.54
91.54
91.54
91.54
91.55
91.55
91.56
91.57
91.57
91.58
91.59
91.59
91.59
91.58
91.57
91.57
91.56
91.55
91.55
91.55
91.55
91.55
91.55
91.57
91.57
91.58
91.58
91.58
91.58
91.58
91.58
91.58
91.57
91.58
91.57
91.58
91.58
91.59
91.58
91.58
91.59
91.6
91.6
91.6
91.6
91.61
91.61
91.62
91.63
91.64
91.64
91.64
91.65
91.66
91.66
91.66
91.66
91.65
91.66
91.66
91.66
91.66
91.66
91.66
91.67
91.68
91.7
91.71
91.71
91.72
91.73
91.74
91.74
91.73
91.73
91.73
91.72
91.72
91.72
91.73
91.73
91.73
91.73
91.73
91.74
91.74
91.73
91.74
91.74
91.76
91.77
91.78
91.78
91.78
91.77
91.76
91.76
91.76
91.76
91.76
91.76
91.76
91.76
91.76
91.77
91.78
91.78
91.78
91.77
91.76
91.76
91.77
91.77
91.76
91.74
91.73
91.73
91.74
91.74
91.73
91.73
91.74
91.74
91.74
91.74
91.74
91.74
91.74
91.74
91.74
91.74
91.74
91.74
91.73
91.73
91.73
91.73
91.74
91.74
91.74
91.76
91.76
91.76
91.76
91.76
91.77
91.77
91.77
91.78
91.78
91.78
91.78
91.78
91.77
91.77
91.74
91.74
91.74
91.74
91.76
91.76
91.78
91.79
91.79
91.79
91.8
91.8
91.81
91.81
91.82
91.82
91.81
91.81
91.81
91.81
91.81
91.81
91.82
91.83
91.84
91.85
91.86
91.86
91.86
91.86
91.86
91.86
91.86
91.86
91.86
91.86
91.87
91.87
91.89
91.88
91.89
91.9
91.9
91.91
91.91
91.9
91.91
91.91
91.91
91.92
91.92
91.93
91.93
91.93
91.93
91.93
91.94
91.94
91.95
91.96
91.97
91.97
91.98
91.97
91.98
91.99
92
92
92.02
92
92
91.99
91.99
91.99
91.99
91.99
91.99
91.99
91.99
92
92.02
92.02
92.03
92.03
92.04
92.04
92.04
92.04
92.05
92.05
92.04
92.03
92.02
92.02
92.02
92.02
92.02
92.02
92.02
92.02
92.02
92.02
92.02
92.02
92.03
92.03
92.03
92.03
92.02
92.02
92.02
92
92
91.99
91.99
91.99
91.98
91.97
91.97
91.96
91.96
91.97
91.97
91.97
91.98
91.98
91.98
91.98
91.99
91.99
91.99
92
92.02
92.02
92.03
92.03
92.04
92.04
92.04
92.04
92.05
92.05
92.05
92.05
92.05
92.05
92.06
92.07
92.06
92.07
92.07
92.08
92.08
92.09
92.09
92.1
92.1
92.1
92.09
92.08
92.09
92.09
92.08
92.09
92.08
92.08
92.08
92.08
92.08
92.08
92.09
92.1
92.11
92.1
92.1
92.09
92.09
92.09
92.09
92.08
92.08
92.09
92.1
92.1
92.1
92.1
92.1
92.08
92.08
92.08
92.07
92.08
92.09
92.09
92.1
92.1
92.09
92.1
92.1
92.1
92.1
92.1
92.08
92.08
92.08
92.08
92.08
92.09
92.09
92.09
92.1
92.1
92.1
92.1
92.1
92.1
92.11
92.11
92.1
92.1
92.1
92.1
92.1
92.1
92.1
92.1
92.1
92.1
92.1
92.1
92.1
92.11
92.11
92.11
92.11
92.11
92.11
92.13
92.13
92.13
92.13
92.13
92.13
92.12
92.11
92.1
92.1
92.09
92.08
92.08
92.07
92.07
92.07
92.07
92.07
92.08
92.08
92.08
92.08
92.07
92.07
92.07
92.07
92.07
92.06
92.06
92.07
92.08
92.08
92.08
92.08
92.08
92.08
92.08
92.08
92.09
92.08
92.08
92.08
92.09
92.09
92.1
92.1
92.1
92.11
92.1
92.1
92.1
92.08
92.08
92.08
92.08
92.08
92.07
92.07
92.07
92.05
92.05
92.05
92.06
92.05
92.05
92.05
92.05
92.05
92.05
92.05
92.05
92.06
92.06
92.05
92.05
92.05
92.04
92.04
92.03
92.02
92
92
92
92
92
92
92.02
92.03
92.03
92.04
92.05
92.05
92.05
92.05
92.06
92.05
92.05
92.04
92.05
92.04
92.05
92.04
92.04
92.04
92.05
92.05
92.05
92.05
92.06
92.06
92.06
92.05
92.05
92.04
92.04
92.03
92.03
92.03
92.02
92.02
92.03
92.03
92.02
92.02
92.03
92.03
92.03
92.03
92.03
92.02
92.02
92.02
92.02
92.02
92.02
92
92
92
92.02
92
92.02
92.02
92.03
92.03
92.04
92.04
92.04
92.04
92.03
92.02
92.02
92.02
92.02
92
91.99
91.98
91.98
91.97
91.97
91.96
91.96
91.97
91.97
91.98
91.98
91.99
92
92.02
92.02
92.02
92.03
92.03
92.02
92.02
92
91.99
91.99
91.99
91.98
91.98
91.97
91.97
91.97
91.97
91.97
91.97
91.97
91.98
91.98
91.97
91.97
91.97
91.97
91.97
91.97
91.97
91.96
91.95
91.95
91.95
91.95
91.94
91.94
91.94
91.95
91.94
91.94
91.94
91.93
91.92
91.91
91.9
91.89
91.89
91.88
91.87
91.87
91.87
91.87
91.86
91.85
91.83
91.83
91.85
91.85
91.86
91.85
91.84
91.83
91.82
91.82
91.81
91.8
91.81
91.81
91.81
91.82
91.82
91.83
91.83
91.83
91.83
91.84
91.83
91.83
91.83
91.82
91.81
91.81
91.81
91.81
91.81
91.81
91.81
91.81
91.81
91.82
91.82
91.81
91.81
91.81
91.81
91.81
91.81
91.81
91.8
91.8
91.8
91.8
91.8
91.8
91.8
91.8
91.81
91.81
91.82
91.82
91.83
91.83
91.83
91.82
91.82
91.81
91.81
91.81
91.8
91.79
91.78
91.79
91.79
91.8
91.8
91.81
91.81
91.82
91.83
91.85
91.86
91.86
91.86
91.85
91.85
91.84
91.83
91.82
91.81
91.81
91.8
91.8
91.8
91.8
91.81
91.8
91.8
91.8
91.8
91.8
91.8
91.8
91.8
91.8
91.8
91.81
91.82
91.82
91.83
91.83
91.83
91.84
91.85
91.86
91.87
91.87
91.87
91.87
91.87
91.86
91.86
91.86
91.86
91.85
91.83
91.83
91.83
91.83
91.83
91.83
91.83
91.83
91.83
91.82
91.82
91.81
91.81
91.8
91.8
91.8
91.79
91.78
91.77
91.76
91.74
91.74
91.72
91.72
91.7
91.7
91.71
91.71
91.71
91.71
91.71
91.71
91.71
91.7
91.69
91.69
91.69
91.68
91.67
91.67
91.67
91.66
91.66
91.65
91.65
91.65
91.65
91.65
91.64
91.64
91.63
91.63
91.62
91.62
91.61
91.6
91.59
91.58
91.57
91.57
91.57
91.57
91.57
91.58
91.58
91.59
91.59
91.58
91.58
91.57
91.57
91.57
91.57
91.57
91.57
91.57
91.56
91.55
91.55
91.54
91.54
91.53
91.54
91.54
91.54
91.54
91.53
91.52
91.52
91.52
91.52
91.52
91.52
91.51
91.51
91.51
91.52
91.52
91.52
91.52
91.51
91.51
91.51
91.51
91.51
91.51
91.51
91.51
91.51
91.5
91.48
91.47
91.47
91.47
91.45
91.44
91.44
91.44
91.44
91.44
91.45
91.45
91.46
91.45
91.45
91.45
91.45
91.45
91.44
91.44
91.44
91.44
91.43
91.43
91.43
91.43
91.43
91.44
91.45
91.45
91.45
91.44
91.45
91.44
91.44
91.45
91.44
91.45
91.45
91.44
91.44
91.44
91.44
91.44
91.44
91.44
91.44
91.45
91.45
91.45
91.45
91.45
91.46
91.45
91.46
91.46
91.47
91.47
91.47
91.47
91.47
91.48
91.48
91.48
91.48
91.48
91.48
91.5
91.5
91.51
91.51
91.51
91.51
91.51
91.51
91.51
91.5
91.5
91.5
91.51
91.51
91.51
91.51
91.51
91.51
91.51
91.5
91.5
91.5
91.5
91.51
91.51
91.52
91.52
91.52
91.51
91.5
91.5
91.48
91.48
91.48
91.48
91.48
91.48
91.48
91.5
91.5
91.5
91.5
91.51
91.5
91.5
91.48
91.5
91.48
91.48
91.5
91.5
91.5
91.5
91.5
91.5
91.51
91.52
91.52
91.52
91.53
91.52
91.52
91.52
91.52
91.52
91.52
91.52
91.52
91.52
91.52
91.52
91.52
91.53
91.54
91.55
91.56
91.57
91.57
91.57
91.57
91.57
91.56
91.56
91.55
91.55
91.54
91.54
91.54
91.54
91.54
91.54
91.55
91.55
91.54
91.55
91.56
91.57
91.58
91.58
91.59
91.59
91.59
91.58
91.57
91.57
91.57
91.57
91.57
91.57
91.57
91.58
91.58
91.58
91.58
91.58
91.58
91.58
91.58
91.58
91.58
91.58
91.58
91.58
91.58
91.58
91.59
91.59
91.59
91.59
91.59
91.6
91.6
91.6
91.61
91.61
91.61
91.61
91.61
91.62
91.62
91.62
91.61
91.62
91.61
91.61
91.62
91.62
91.62
91.62
91.64
91.64
91.64
91.64
91.65
91.65
91.65
91.66
91.66
91.65
91.65
91.64
91.64
91.64
91.64
91.63
91.63
91.63
91.64
91.64
91.64
91.64
91.63
91.63
91.63
91.62
91.62
91.62
91.61
91.61
91.61
91.61
91.62
91.61
91.61
91.61
91.61
91.61
91.61
91.61
91.61
91.61
91.61
91.61
91.61
91.6
91.59
91.58
91.57
91.57
91.56
91.56
91.57
91.56
91.57
91.57
91.57
91.56
91.56
91.56
91.55
91.55
91.54
91.53
91.54
91.54
91.53
91.52
91.52
91.52
91.52
91.52
91.52
91.53
91.52
91.53
91.53
91.52
91.53
91.53
91.54
91.53
91.53
91.52
91.51
91.51
91.48
91.48
91.48
91.48
91.5
91.51
91.52
91.53
91.54
91.56
91.57
91.57
91.57
91.57
91.57
91.57
91.57
91.57
91.57
91.56
91.56
91.57
91.58
91.58
91.58
91.58
91.57
91.57
91.57
91.56
91.57
91.57
91.57
91.57
91.57
91.57
91.57
91.56
91.56
91.55
91.54
91.54
91.54
91.53
91.53
91.53
91.54
91.55
91.55
91.55
91.55
91.56
91.57
91.57
91.57
91.57
91.57
91.57
91.56
91.57
91.57
91.57
91.57
91.57
91.55
91.55
91.54
91.53
91.52
91.52
91.53
91.53
91.53
91.53
91.54
91.53
91.52
91.52
91.51
91.51
91.52
91.52
91.52
91.52
91.51
91.51
91.5
91.48
91.48
91.47
91.47
91.47
91.47
91.46
91.45
91.45
91.45
91.45
91.45
91.46
91.46
91.46
91.46
91.46
91.46
91.46
91.47
91.47
91.47
91.47
91.47
91.47
91.47
91.47
91.47
91.47
91.47
91.47
91.47
91.47
91.46
91.46
91.45
91.45
91.45
91.45
91.46
91.46
91.45
91.45
91.44
91.44
91.44
91.43
91.42
91.42
91.42
91.43
91.42
91.42
91.42
91.41
91.41
91.41
91.41
91.41
91.41
91.4
91.4
91.41
91.41
91.41
91.42
91.42
91.43
91.43
91.43
91.42
91.42
91.43
91.43
91.43
91.43
91.43
91.43
91.43
91.42
91.41
91.41
91.41
91.41
91.41
91.41
91.41
91.41
91.41
91.41
91.41
91.4
91.4
91.4
91.4
91.41
91.41
91.42
91.42
91.41
91.41
91.4
91.4
91.4
91.4
91.4
91.4
91.41
91.41
91.41
91.42
91.42
91.42
91.42
91.42
91.43
91.44
91.44
91.44
91.44
91.44
91.44
91.43
91.43
91.43
91.43
91.43
91.43
91.42
91.42
91.42
91.41
91.41
91.41
91.4
91.39
91.39
91.38
91.38
91.37
91.37
91.37
91.37
91.37
91.38
91.38
91.38
91.38
91.38
91.38
91.37
91.37
91.36
91.35
91.35
91.34
91.33
91.33
91.33
91.32
91.32
91.32
91.32
91.32
91.32
91.32
91.32
91.33
91.33
91.33
91.33
91.33
91.33
91.32
91.32
91.32
91.32
91.32
91.33
91.32
91.32
91.32
91.33
91.33
91.33
91.34
91.33
91.33
91.33
91.32
91.32
91.31
91.31
91.31
91.31
91.31
91.31
91.31
91.32
91.32
91.32
91.33
91.33
91.33
91.33
91.33
91.33
91.33
91.33
91.33
91.34
91.34
91.33
91.33
91.33
91.33
91.33
91.33
91.33
91.33
91.33
91.33
91.34
91.34
91.34
91.35
91.35
91.35
91.35
91.35
91.35
91.35
91.35
91.36
91.37
91.37
91.38
91.39
91.39
91.39
91.39
91.39
91.39
91.39
91.4
91.4
91.4
91.4
91.4
91.4
91.4
91.4
91.4
91.4
91.41
91.41
91.42
91.43
91.44
91.45
91.46
91.46
91.46
91.47
91.47
91.47
91.47
91.48
91.48
91.48
91.5
91.48
91.48
91.48
91.48
91.47
91.47
91.47
91.47
91.46
91.46
91.47
91.47
91.47
91.47
91.47
91.47
91.47
91.47
91.47
91.47
91.47
91.48
91.47
91.47
91.48
91.48
91.5
91.51
91.52
91.52
91.53
91.53
91.53
91.52
91.52
91.51
91.5
91.5
91.5
91.5
91.5
91.51
91.51
91.52
91.53
91.53
91.55
91.56
91.56
91.56
91.56
91.57
91.57
91.57
91.56
91.56
91.56
91.56
91.57
91.57
91.58
91.59
91.6
91.61
91.61
91.62
91.62
91.62
91.62
91.62
91.62
91.61
91.61
91.61
91.61
91.62
91.62
91.63
91.64
91.65
91.66
91.66
91.65
91.66
91.66
91.66
91.67
91.67
91.67
91.66
91.66
91.66
91.66
91.65
91.65
91.66
91.67
91.68
91.69
91.69
91.68
91.67
91.67
91.67
91.66
91.66
91.66
91.65
91.64
91.64
91.63
91.63
91.62
91.62
91.62
91.63
91.64
91.65
91.66
91.66
91.67
91.66
91.66
91.65
91.65
91.65
91.64
91.64
91.64
91.64
91.64
91.65
91.65
91.66
91.66
91.66
91.67
91.67
91.67
91.67
91.67
91.68
91.68
91.68
91.67
91.67
91.67
91.67
91.67
91.68
91.68
91.68
91.68
91.69
91.69
91.69
91.69
91.7
91.7
91.71
91.71
91.71
91.71
91.71
91.7
91.7
91.7
91.71
91.7
91.7
91.71
91.71
91.71
91.71
91.71
91.71
91.71
91.71
91.71
91.71
91.71
91.72
91.72
91.72
91.73
91.73
91.73
91.73
91.74
91.76
91.77
91.78
91.78
91.77
91.77
91.78
91.77
91.77
91.78
91.78
91.78
91.77
91.78
91.78
91.79
91.79
91.8
91.8
91.81
91.8
91.81
91.8
91.81
91.81
91.81
91.81
91.82
91.82
91.82
91.83
91.83
91.83
91.83
91.84
91.84
91.84
91.85
91.86
91.87
91.87
91.88
91.88
91.89
91.89
91.89
91.88
91.89
91.88
91.88
91.88
91.88
91.88
91.88
91.88
91.88
91.88
91.89
91.9
91.91
91.91
91.92
91.92
91.92
91.92
91.93
91.93
91.94
91.94
91.94
91.95
91.95
91.95
91.96
91.95
91.96
91.97
91.97
91.97
91.98
91.98
91.99
91.99
91.99
91.99
91.99
92
92
92
92
92
92
92
92
92.02
92.02
92
92
92.02
92.02
92.02
92.03
92.03
92.03
92.03
92.03
92.03
92.03
92.03
92.04
92.04
92.03
92.04
92.04
92.04
92.04
92.04
92.04
92.04
92.04
92.04
92.05
92.05
92.05
92.04
92.04
92.03
92.02
92.02
92
91.99
91.99
91.99
91.99
91.99
91.99
91.99
91.99
91.99
92
92
92.02
92.02
92.02
92
92.02
92.02
92.02
92.02
92
92
92.02
92
92
92.02
92.02
92.02
92.02
92.02
92.03
92.03
92.04
92.04
92.05
92.05
92.05
92.05
92.04
92.04
92.04
92.04
92.03
92.02
92.02
92.02
92
92
91.99
91.99
91.99
91.98
91.97
91.97
91.97
91.97
91.98
91.98
91.99
91.98
91.98
91.97
91.97
91.97
91.97
91.97
91.97
91.97
91.97
91.97
91.96
91.96
91.95
91.95
91.95
91.94
91.94
91.93
91.93
91.92
91.92
91.91
91.91
91.91
91.9
91.9
91.89
91.89
91.89
91.88
91.88
91.87
91.87
91.86
91.85
91.86
91.86
91.86
91.86
91.86
91.86
91.86
91.85
91.85
91.84
91.83
91.82
91.81
91.8
91.8
91.8
91.8
91.81
91.8
91.8
91.82
91.82
91.82
91.82
91.82
91.82
91.82
91.82
91.82
91.81
91.82
91.81
91.81
91.81
91.81
91.81
91.82
91.82
91.82
91.82
91.83
91.83
91.82
91.82
91.82
91.82
91.82
91.83
91.84
91.84
91.85
91.85
91.85
91.85
91.86
91.87
91.87
91.88
91.89
91.9
91.91
91.91
91.92
91.93
91.93
91.93
91.93
91.93
91.93
91.92
91.92
91.92
91.91
91.9
91.9
91.9
91.9
91.9
91.9
91.9
91.89
91.9
91.89
91.9
91.9
91.91
91.91
91.91
91.9
91.9
91.89
91.9
91.89
91.89
91.89
91.89
91.88
91.87
91.87
91.87
91.87
91.87
91.88
91.89
91.89
91.89
91.89
91.88
91.88
91.88
91.88
91.88
91.88
91.89
91.89
91.9
91.89
91.9
91.9
91.89
91.89
91.89
91.88
91.88
91.88
91.88
91.88
91.88
91.89
91.89
91.89
91.9
91.9
91.9
91.9
91.9
91.91
91.91
91.91
91.91
91.9
91.9
91.91
91.91
91.9
91.9
91.89
91.89
91.89
91.89
91.89
91.89
91.89
91.89
91.9
91.9
91.9
91.9
91.9
91.91
91.92
91.92
91.92
91.92
91.92
91.93
91.93
91.92
91.92
91.92
91.92
91.93
91.93
91.93
91.94
91.94
91.95
91.95
91.94
91.95
91.95
91.95
91.95
91.95
91.96
91.97
91.97
91.96
91.97
91.97
91.98
91.98
91.99
91.99
91.99
91.99
91.99
91.99
91.99
91.99
91.99
91.99
91.99
91.98
91.99
91.99
91.99
91.98
91.98
91.97
91.96
91.96
91.95
91.94
91.94
91.93
91.94
91.93
91.93
91.94
91.94
91.94
91.95
91.95
91.94
91.94
91.94
91.95
91.95
91.95
91.96
91.96
91.97
91.97
91.97
91.97
91.96
91.95
91.94
91.93
91.93
91.92
91.91
91.9
91.9
91.9
91.91
91.91
91.91
91.92
91.92
91.92
91.92
91.93
91.93
91.93
91.93
91.93
91.93
91.93
91.93
91.94
91.95
91.95
91.97
91.97
91.97
91.97
91.97
91.96
91.96
91.95
91.95
91.95
91.95
91.95
80.14
80.15
80.16
80.16
80.17
80.18
80.18
80.19
80.2
80.21
80.22
80.23
80.24
80.25
80.26
80.27
80.27
80.29
80.32
80.34
80.37
80.4
80.42
80.43
80.45
80.46
80.46
80.47
80.48
80.48
80.49
80.5
80.5
80.51
80.52
80.54
80.55
80.56
80.58
80.6
80.62
80.63
80.63
80.65
80.66
80.68
80.69
80.71
80.72
80.73
80.75
80.76
80.78
80.79
80.8
80.81
80.81
80.82
80.83
80.84
80.85
80.86
80.89
80.91
80.91
80.93
80.94
80.95
80.97
80.98
81
81.02
81.04
81.05
81.06
81.08
81.09
81.1
81.11
81.12
81.14
81.15
81.16
81.18
81.19
81.2
81.21
81.22
81.23
81.24
81.25
81.26
81.27
81.28
81.29
81.29
81.3
81.31
81.32
81.33
81.34
81.35
81.36
81.38
81.4
81.42
81.43
81.44
81.44
81.45
81.46
81.47
81.47
81.47
81.47
81.47
81.47
81.48
81.48
81.49
81.5
81.5
81.51
81.51
81.51
81.51
81.52
81.53
81.53
81.53
81.54
81.55
81.55
81.56
81.57
81.57
81.57
81.59
81.6
81.61
81.62
81.64
81.66
81.67
81.68
81.69
81.69
81.7
81.71
81.73
81.73
81.73
81.74
81.75
81.76
81.77
81.79
81.8
81.81
81.81
81.82
81.83
81.83
81.83
81.83
81.83
81.83
81.83
81.84
81.84
81.85
81.86
81.86
81.86
81.86
81.86
81.88
81.89
81.89
81.9
81.9
81.92
81.93
81.94
81.95
81.96
81.97
81.98
82
82.01
82.03
82.05
82.07
82.09
82.09
82.09
82.09
82.1
82.1
82.11
82.13
82.13
82.15
82.15
82.16
82.19
82.2
82.21
82.23
82.24
82.25
82.26
82.27
82.28
82.29
82.3
82.3
82.31
82.32
82.33
82.34
82.35
82.36
82.37
82.38
82.4
82.42
82.44
82.46
82.47
82.47
82.47
82.48
82.49
82.5
82.51
82.52
82.53
82.54
82.55
82.56
82.57
82.58
82.6
82.61
82.62
82.63
82.63
82.63
82.63
82.63
82.64
82.65
82.66
82.67
82.69
82.7
82.71
82.72
82.72
82.73
82.73
82.74
82.74
82.75
82.76
82.78
82.79
82.81
82.82
82.84
82.86
82.88
82.91
82.93
82.96
82.97
82.98
83
83.01
83.03
83.03
83.04
83.05
83.07
83.08
83.09
83.1
83.11
83.13
83.15
83.16
83.18
83.21
83.22
83.23
83.24
83.23
83.23
83.24
83.24
83.25
83.26
83.26
83.26
83.27
83.27
83.28
83.29
83.29
83.29
83.3
83.31
83.32
83.33
83.35
83.36
83.38
83.39
83.4
83.41
83.43
83.45
83.47
83.48
83.5
83.53
83.54
83.56
83.57
83.58
83.59
83.61
83.63
83.64
83.66
83.67
83.69
83.71
83.74
83.76
83.79
83.8
83.82
83.84
83.86
83.87
83.88
83.89
83.9
83.9
83.91
83.92
83.93
83.93
83.94
83.95
83.95
83.95
83.95
83.94
83.94
83.94
83.93
83.93
83.92
83.92
83.92
83.92
83.91
83.9
83.9
83.9
83.89
83.89
83.88
83.88
83.87
83.87
83.87
83.86
83.86
83.86
83.85
83.85
83.85
83.84
83.84
83.86
83.86
83.86
83.86
83.86
83.87
83.88
83.89
83.9
83.9
83.91
83.91
83.92
83.93
83.93
83.94
83.94
83.94
83.95
83.94
83.94
83.95
83.95
83.95
83.95
83.95
83.96
83.96
83.97
83.97
83.99
83.99
84
84.01
84.02
84.04
84.04
84.06
84.07
84.07
84.07
84.07
84.08
84.07
84.07
84.07
84.07
84.07
84.07
84.07
84.07
84.08
84.08
84.08
84.08
84.08
84.08
84.09
84.11
84.11
84.11
84.12
84.14
84.15
84.17
84.17
84.18
84.19
84.21
84.22
84.23
84.23
84.25
84.25
84.25
84.23
84.23
84.23
84.23
84.23
84.25
84.25
84.26
84.26
84.27
84.27
84.27
84.28
84.29
84.29
84.3
84.3
84.3
84.3
84.3
84.31
84.31
84.31
84.31
84.31
84.32
84.32
84.32
84.32
84.32
84.31
84.31
84.31
84.3
84.3
84.3
84.3
84.3
84.3
84.31
84.31
84.32
84.32
84.33
84.35
84.36
84.36
84.37
84.37
84.37
84.38
84.38
84.39
84.39
84.4
84.4
84.4
84.41
84.42
84.43
84.44
84.44
84.45
84.46
84.46
84.46
84.46
84.47
84.46
84.47
84.48
84.49
84.49
84.51
84.52
84.52
84.53
84.53
84.54
84.54
84.54
84.54
84.54
84.55
84.55
84.55
84.55
84.55
84.55
84.56
84.56
84.56
84.56
84.57
84.57
84.58
84.57
84.57
84.59
84.58
84.58
84.59
84.59
84.59
84.59
84.59
84.59
84.59
84.59
84.59
84.59
84.59
84.6
84.6
84.61
84.6
84.61
84.61
84.61
84.6
84.6
84.59
84.59
84.59
84.59
84.59
84.6
84.6
84.6
84.6
84.6
84.6
84.6
84.6
84.6
84.6
84.6
84.59
84.6
84.6
84.6
84.6
84.6
84.6
84.6
84.6
84.6
84.59
84.59
84.59
84.59
84.58
84.58
84.58
84.58
84.58
84.58
84.58
84.58
84.58
84.58
84.59
84.59
84.59
84.59
84.59
84.59
84.58
84.57
84.56
84.56
84.54
84.54
84.54
84.54
84.53
84.53
84.53
84.53
84.53
84.52
84.52
84.51
84.49
84.49
84.48
84.48
84.47
84.47
84.46
84.47
84.46
84.46
84.47
84.46
84.47
84.48
84.48
84.48
84.49
84.49
84.47
84.46
84.45
84.45
84.46
84.45
84.45
84.46
84.46
84.46
84.46
84.46
84.46
84.46
84.47
84.47
84.47
84.47
84.46
84.46
84.46
84.46
84.46
84.47
84.47
84.48
84.49
84.49
84.49
84.48
84.49
84.47
84.47
84.47
84.47
84.47
84.46
84.45
84.45
84.44
84.43
84.42
84.41
84.41
84.41
84.41
84.41
84.4
84.4
84.4
84.4
84.4
84.39
84.39
84.39
84.39
84.39
84.39
84.39
84.39
84.39
84.4
84.4
84.4
84.39
84.38
84.37
84.36
84.35
84.33
84.32
84.31
84.3
84.29
84.29
84.28
84.27
84.26
84.25
84.25
84.25
84.25
84.23
84.23
84.23
84.22
84.21
84.2
84.19
84.19
84.19
84.19
84.19
84.19
84.19
84.18
84.17
84.16
84.16
84.16
84.16
84.15
84.15
84.15
84.15
84.15
84.15
84.15
84.16
84.16
84.17
84.17
84.18
84.17
84.18
84.17
84.17
84.16
84.15
84.13
84.11
84.09
84.07
84.06
84.05
84.04
84.03
84.02
84.02
84.01
84.01
84.01
84.01
84.01
84
83.99
83.99
83.99
83.97
83.96
83.95
83.95
83.94
83.94
83.93
83.93
83.93
83.93
83.93
83.93
83.92
83.91
83.89
83.88
83.87
83.86
83.86
83.86
83.86
83.86
83.86
83.85
83.84
83.84
83.83
83.83
83.82
83.82
83.82
83.81
83.81
83.81
83.8
83.79
83.78
83.78
83.77
83.76
83.76
83.76
83.75
83.75
83.75
83.74
83.74
83.71
83.7
83.69
83.69
83.68
83.67
83.67
83.66
83.65
83.66
83.65
83.65
83.66
83.65
83.65
83.63
83.62
83.61
83.6
83.6
83.6
83.58
83.58
83.56
83.55
83.54
83.52
83.51
83.5
83.49
83.49
83.48
83.47
83.45
83.44
83.42
83.41
83.42
83.42
83.41
83.4
83.4
83.4
83.41
83.41
83.4
83.4
83.39
83.38
83.38
83.37
83.36
83.35
83.34
83.33
83.32
83.31
83.29
83.29
83.27
83.26
83.25
83.23
83.21
83.19
83.17
83.16
83.14
83.13
83.12
83.11
83.1
83.09
83.09
83.09
83.09
83.09
83.08
83.08
83.08
83.08
83.08
83.08
83.09
83.09
83.09
83.08
83.08
83.08
83.07
83.07
83.06
83.06
83.07
83.07
83.07
83.07
83.06
83.06
83.05
83.05
83.05
83.05
83.04
83.03
83.03
83.02
83.01
83.01
83.01
83.01
83.01
83.01
83.01
83
82.99
82.99
82.99
82.99
82.98
82.98
82.99
82.98
82.98
82.98
82.98
82.98
82.97
82.97
82.97
82.96
82.96
82.95
82.93
82.92
82.9
82.9
82.88
82.87
82.86
82.86
82.85
82.84
82.84
82.84
82.84
82.84
82.85
82.83
82.83
82.83
82.82
82.81
82.8
82.8
82.79
82.8
82.79
82.78
82.77
82.77
82.77
82.77
82.78
82.78
82.78
82.77
82.77
82.76
82.76
82.75
82.74
82.74
82.73
82.73
82.73
82.72
82.71
82.71
82.71
82.7
82.69
82.67
82.67
82.66
82.65
82.63
82.63
82.61
82.6
82.59
82.58
82.58
82.58
82.58
82.58
82.58
82.58
82.57
82.56
82.56
82.55
82.54
82.54
82.53
82.52
82.51
82.5
82.5
82.49
82.48
82.47
82.46
82.45
82.42
82.41
82.4
82.39
82.38
82.37
82.36
82.35
82.34
82.34
82.33
82.33
82.33
82.32
82.32
82.32
82.33
82.33
82.34
82.34
82.34
82.34
82.34
82.35
82.35
82.34
82.34
82.33
82.32
82.31
82.3
82.29
82.29
82.27
82.26
82.26
82.25
82.24
82.23
82.22
82.21
82.19
82.16
82.14
82.12
82.1
82.1
82.09
82.08
82.07
82.07
82.06
82.06
82.05
82.04
82.02
82.01
82
82
81.99
81.98
81.98
81.98
81.97
81.97
81.96
81.95
81.94
81.94
81.93
81.92
81.9
81.89
81.88
81.87
81.86
81.84
81.83
81.81
81.79
81.78
81.77
81.75
81.74
81.71
81.7
81.68
81.67
81.66
81.63
81.62
81.6
81.59
81.57
81.56
81.55
81.54
81.54
81.53
81.52
81.51
81.51
81.49
81.48
81.47
81.47
81.47
81.47
81.46
81.45
81.44
81.43
81.42
81.42
81.41
81.41
81.41
81.41
81.4
81.4
81.38
81.37
81.37
81.36
81.34
81.33
81.32
81.31
81.3
81.3
81.29
81.27
81.26
81.25
81.25
81.25
81.25
81.25
81.25
81.24
81.24
81.23
81.23
81.22
81.2
81.19
81.18
81.18
81.17
81.15
81.15
81.15
81.15
81.15
81.14
81.12
81.12
81.12
81.12
81.11
81.1
81.09
81.08
81.07
81.05
81.05
81.04
81.03
81.02
81.02
81.02
81.02
81.01
81.01
81.01
81.01
81
80.99
80.99
80.99
80.99
80.99
80.98
80.98
80.97
80.98
80.98
80.98
80.97
80.97
80.96
80.95
80.95
80.94
80.94
80.94
80.93
80.92
80.92
80.91
80.91
80.91
80.91
80.92
80.91
80.91
80.91
80.91
80.91
80.91
80.92
80.91
80.91
80.91
80.9
80.89
80.89
80.89
80.88
80.88
80.88
80.88
80.88
80.88
80.86
80.86
80.84
80.84
80.83
80.82
80.82
80.81
80.8
80.79
80.78
80.77
80.75
80.74
80.73
80.72
80.71
80.7
80.68
80.68
80.67
80.67
80.65
80.63
80.63
80.62
80.62
80.62
80.62
80.6
80.6
80.62
80.6
80.59
80.58
80.57
80.56
80.56
80.56
80.55
80.55
80.55
80.55
80.55
80.55
80.55
80.55
80.55
80.55
80.55
80.55
80.54
80.53
80.52
80.51
80.51
80.49
80.48
80.47
80.47
80.46
80.45
80.44
80.42
80.41
80.4
80.39
80.39
80.38
80.37
80.36
80.33
80.32
80.31
80.3
80.29
80.29
80.29
80.28
80.27
80.27
80.26
80.25
80.24
80.23
80.23
80.22
80.2
80.19
80.17
80.16
80.15
80.14
80.13
80.13
80.12
80.11
80.11
80.11
80.1
80.1
80.08
80.08
80.07
80.06
80.05
80.04
80.03
80.02
80.01
80
79.99
79.97
79.96
79.95
79.94
79.93
79.92
79.9
79.9
79.89
79.87
79.87
79.87
79.87
79.87
79.87
79.87
79.87
79.85
79.85
79.83
79.83
79.85
79.83
79.83
79.83
79.83
79.83
79.82
79.82
79.82
79.81
79.81
79.81
79.81
79.81
79.81
79.82
79.82
79.82
79.83
79.83
79.83
79.83
79.83
79.85
79.85
79.85
79.85
79.83
79.85
79.85
79.85
79.85
79.87
79.87
79.88
79.88
79.88
79.88
79.89
79.89
79.89
79.89
79.89
79.89
79.88
79.88
79.87
79.86
79.86
79.86
79.86
79.86
79.86
79.86
79.87
79.88
79.88
79.87
79.87
79.88
79.88
79.88
79.88
79.89
79.89
79.9
79.91
79.92
79.93
79.93
79.93
79.94
79.95
79.95
79.95
79.94
79.93
79.93
79.93
79.93
79.93
79.93
79.94
79.94
79.95
79.96
79.96
79.97
79.98
79.98
79.99
79.99
79.99
79.99
79.99
79.99
79.99
80
80.01
80.01
80.01
80.01
80.01
80.02
80.01
80.02
80.02
80.02
80.02
80.02
80.02
80.03
80.03
80.04
80.04
80.05
80.06
80.08
80.08
80.08
80.08
80.08
80.1
80.1
80.08
80.08
80.1
80.1
80.11
80.11
80.11
80.11
80.12
80.12
80.13
80.13
80.14
80.15
80.15
80.16
80.15
80.14
80.13
80.12
80.11
80.08
80.05
80.03
80.01
79.99
79.96
79.95
79.93
79.91
79.89
79.88
79.87
79.87
79.86
79.86
79.83
79.83
79.82
79.81
79.81
79.8
79.79
79.78
79.77
79.76
79.75
79.75
79.74
79.74
79.73
79.72
79.72
79.72
79.71
79.71
79.71
79.7
79.7
79.71
79.71
79.71
79.72
79.7
79.7
79.7
79.7
79.69
79.68
79.67
79.66
79.66
79.65
79.65
79.65
79.64
79.64
79.65
79.66
79.67
79.67
79.67
79.68
79.68
79.68
79.68
79.68
79.67
79.67
79.67
79.66
79.66
79.64
79.64
79.64
79.63
79.63
79.63
79.63
79.63
79.63
79.63
79.63
79.62
79.62
79.61
79.61
79.61
79.6
79.6
79.6
79.6
79.61
79.61
79.61
79.62
79.63
79.62
79.63
79.63
79.63
79.62
79.62
79.62
79.62
79.61
79.61
79.61
79.61
79.61
79.61
79.61
79.61
79.61
79.61
79.61
79.61
79.6
79.6
79.59
79.59
79.57
79.59
79.56
79.56
79.56
79.55
79.55
79.56
79.56
79.56
79.56
79.56
79.56
79.56
79.56
79.55
79.55
79.54
79.54
79.54
79.54
79.54
79.54
79.54
79.55
79.55
79.55
79.55
79.55
79.55
79.54
79.54
79.54
79.53
79.53
79.53
79.53
79.53
79.53
79.53
79.53
79.53
79.53
79.52
79.52
79.51
79.51
79.51
79.5
79.49
79.49
79.49
79.48
79.5
79.5
79.5
79.51
79.51
79.51
79.51
79.51
79.51
79.51
79.51
79.51
79.5
79.5
79.5
79.49
79.49
79.48
79.47
79.47
79.46
79.46
79.45
79.45
79.45
79.45
79.45
79.44
79.43
79.42
79.42
79.41
79.41
79.41
79.41
79.41
79.41
79.41
79.41
79.41
79.4
79.4
79.4
79.4
79.39
79.39
79.39
79.39
79.39
79.39
79.39
79.4
79.4
79.39
79.39
79.4
79.4
79.4
79.4
79.4
79.39
79.39
79.39
79.39
79.39
79.39
79.39
79.39
79.39
79.39
79.4
79.4
79.41
79.42
79.42
79.43
79.43
79.43
79.43
79.42
79.42
79.41
79.41
79.41
79.41
79.41
79.4
79.4
79.41
79.41
79.41
79.41
79.41
79.42
79.42
79.43
79.42
79.43
79.43
79.43
79.44
79.44
79.44
79.45
79.45
79.46
79.46
79.47
79.47
79.47
79.47
79.47
79.47
79.46
79.46
79.46
79.46
79.47
79.47
79.46
79.46
79.46
79.46
79.45
79.45
79.44
79.44
79.43
79.44
79.43
79.43
79.43
79.42
79.42
79.42
79.43
79.43
79.43
79.44
79.45
79.45
79.44
79.44
79.44
79.43
79.43
79.43
79.42
79.42
79.42
79.41
79.41
79.41
79.41
79.4
79.4
79.4
79.41
79.41
79.41
79.4
79.4
79.4
79.4
79.39
79.39
79.39
79.39
79.39
79.38
79.38
79.38
79.39
79.39
79.39
79.39
79.39
79.39
79.39
79.39
79.39
79.39
79.39
79.39
79.39
79.38
79.39
79.4
79.4
79.4
79.41
79.41
79.41
79.41
79.42
79.41
79.42
79.42
79.43
79.43
79.43
79.43
79.43
79.44
79.45
79.45
79.45
79.45
79.46
79.46
79.47
79.47
79.47
79.48
79.48
79.47
79.47
79.47
79.47
79.47
79.47
79.47
79.47
79.48
79.47
79.47
79.47
79.47
79.47
79.47
79.48
79.48
79.49
79.48
79.48
79.49
79.49
79.49
79.49
79.49
79.48
79.48
79.49
79.48
79.49
79.48
79.48
79.47
79.47
79.46
79.46
79.45
79.44
79.44
79.44
79.44
79.44
79.44
79.44
79.44
79.44
79.44
79.45
79.45
79.45
79.44
79.44
79.44
79.44
79.44
79.44
79.45
79.45
79.45
79.45
79.45
79.46
79.45
79.45
79.45
79.44
79.43
79.42
79.41
79.41
79.42
79.42
79.43
79.43
79.42
79.42
79.42
79.42
79.43
79.43
79.43
79.43
79.44
79.43
79.43
79.43
79.43
79.42
79.42
79.42
79.42
79.41
79.41
79.42
79.43
79.43
79.43
79.43
79.43
79.43
79.44
79.43
79.43
79.42
79.42
79.42
79.42
79.42
79.42
79.43
79.43
79.44
79.45
79.45
79.45
79.45
79.45
79.45
79.45
79.44
79.45
79.43
79.43
79.44
79.43
79.43
79.43
79.43
79.44
79.44
79.44
79.44
79.44
79.44
79.45
79.44
79.43
79.43
79.42
79.42
79.41
79.42
79.42
79.42
79.43
79.44
79.45
79.45
79.46
79.46
79.47
79.47
79.48
79.49
79.5
79.51
79.52
79.53
79.54
79.56
79.57
79.59
79.61
79.62
79.63
79.65
79.67
79.68
79.69
79.7
79.72
79.72
79.73
79.73
79.75
79.75
79.75
79.76
79.77
79.78
79.79
79.8
79.81
79.82
79.83
79.85
79.85
79.86
79.86
79.87
79.88
79.88
79.89
79.9
79.9
79.92
79.93
79.94
79.95
79.96
79.97
79.98
79.99
80
80.01
80.01
80.02
80.03
80.05
80.06
80.08
80.1
80.11
80.12
80.14
80.15
80.16
80.16
80.18
80.2
80.21
80.22
80.23
80.25
80.26
80.27
80.28
80.29
80.3
80.31
80.33
80.34
80.37
80.39
80.4
80.41
80.41
80.43
80.45
80.46
80.48
80.49
80.51
80.51
80.53
80.54
80.56
80.57
80.59
80.62
80.63
80.65
80.67
80.7
80.71
80.74
80.75
80.75
80.76
80.77
80.78
80.79
80.8
80.82
80.83
80.85
80.88
80.89
80.92
80.93
80.94
80.95
80.96
80.98
80.98
80.99
80.99
81
81.01
81.01
81.02
81.02
81.03
81.05
81.07
81.08
81.1
81.11
81.12
81.16
81.17
81.18
81.18
81.19
81.2
81.21
81.21
81.22
81.23
81.23
81.22
81.22
81.22
81.21
81.2
81.19
81.18
81.17
81.17
81.16
81.14
81.14
81.12
81.12
81.11
81.1
81.11
81.12
81.12
81.16
81.17
81.19
81.2
81.21
81.22
81.23
81.23
81.23
81.24
81.24
81.24
81.25
81.25
81.26
81.28
81.3
81.32
81.33
81.35
81.37
81.4
81.42
81.43
81.45
81.46
81.47
81.48
81.49
81.5
81.51
81.52
81.53
81.53
81.53
81.53
81.54
81.55
81.55
81.57
81.58
81.58
81.6
81.6
81.61
81.62
81.64
81.64
81.66
81.66
81.66
81.66
81.67
81.68
81.68
81.69
81.7
81.7
81.7
81.7
81.7
81.7
81.7
81.7
81.7
81.71
81.71
81.71
81.72
81.73
81.74
81.74
81.75
81.76
81.76
81.76
81.76
81.77
81.77
81.78
81.79
81.8
81.81
81.82
81.83
81.84
81.86
81.88
81.92
81.94
81.96
81.99
82.01
82.03
82.06
82.09
82.12
82.15
82.19
82.22
82.25
82.27
82.3
82.34
82.38
82.41
82.45
82.48
82.51
82.54
82.58
82.61
82.66
82.7
82.73
82.76
82.79
82.82
82.86
82.89
82.93
82.97
83
83.03
83.06
83.09
83.12
83.15
83.18
83.22
83.25
83.28
83.3
83.33
83.36
83.39
83.43
83.47
83.49
83.53
83.56
83.59
83.62
83.66
83.69
83.71
83.75
83.78
83.8
83.82
83.85
83.87
83.9
83.92
83.95
83.96
84
84.03
84.07
84.1
84.13
84.16
84.19
84.22
84.25
84.27
84.29
84.31
84.33
84.36
84.37
84.39
84.41
84.44
84.46
84.49
84.53
84.56
84.58
84.61
84.63
84.66
84.68
84.71
84.73
84.75
84.78
84.8
84.83
84.86
84.88
84.91
84.94
84.97
85
85.03
85.05
85.08
85.1
85.12
85.15
85.17
85.19
85.21
85.24
85.28
85.3
85.32
85.34
85.37
85.39
85.41
85.44
85.46
85.48
85.51
85.54
85.55
85.56
85.58
85.6
85.63
85.66
85.69
85.71
85.75
85.78
85.81
85.83
85.85
85.87
85.89
85.92
85.94
85.96
85.97
85.99
86.01
86.03
86.07
86.09
86.11
86.14
86.17
86.2
86.22
86.24
86.26
86.28
86.3
86.34
86.36
86.38
86.4
86.43
86.46
86.48
86.51
86.54
86.58
86.62
86.64
86.66
86.68
86.7
86.72
86.74
86.76
86.78
86.8
86.81
86.82
86.85
86.86
86.88
86.88
86.89
86.89
86.9
86.91
86.92
86.93
86.94
86.94
86.95
86.96
86.97
86.99
87
87.02
87.03
87.04
87.04
87.05
87.06
87.07
87.07
87.07
87.07
87.08
87.08
87.08
87.08
87.07
87.07
87.08
87.08
87.08
87.08
87.08
87.1
87.11
87.12
87.13
87.13
87.14
87.15
87.16
87.16
87.16
87.16
87.16
87.17
87.17
87.18
87.17
87.17
87.18
87.18
87.19
87.2
87.2
87.21
87.21
87.22
87.22
87.23
87.23
87.23
87.23
87.23
87.23
87.23
87.23
87.23
87.22
87.22
87.23
87.23
87.23
87.23
87.24
87.24
87.24
87.25
87.25
87.25
87.26
87.27
87.28
87.29
87.3
87.31
87.32
87.35
87.36
87.37
87.37
87.37
87.37
87.38
87.39
87.4
87.4
87.4
87.4
87.41
87.41
87.41
87.41
87.41
87.41
87.42
87.43
87.43
87.44
87.45
87.45
87.45
87.46
87.47
87.47
87.48
87.49
87.5
87.51
87.52
87.52
87.54
87.54
87.55
87.56
87.57
87.58
87.58
87.59
87.59
87.59
87.59
87.61
87.61
87.61
87.63
87.65
87.66
87.67
87.69
87.7
87.72
87.73
87.74
87.75
87.76
87.77
87.78
87.79
87.8
87.81
87.82
87.83
87.83
87.85
87.87
87.88
87.88
87.9
87.91
87.91
87.92
87.93
87.94
87.95
87.95
87.96
87.97
87.98
87.99
88
88.01
88.02
88.03
88.05
88.05
88.06
88.06
88.07
88.07
88.08
88.08
88.09
88.1
88.1
88.11
88.13
88.14
88.15
88.16
88.17
88.19
88.21
88.23
88.24
88.26
88.28
88.29
88.3
88.3
88.31
88.31
88.32
88.32
88.32
88.33
88.33
88.33
88.34
88.35
88.35
88.36
88.37
88.39
88.39
88.4
88.41
88.41
88.41
88.42
88.42
88.43
88.42
88.43
88.43
88.43
88.44
88.45
88.47
88.48
88.49
88.49
88.5
88.52
88.52
88.52
88.52
88.53
88.53
88.53
88.54
88.55
88.55
88.56
88.57
88.57
88.57
88.57
88.56
88.55
88.55
88.56
88.55
88.55
88.55
88.55
88.55
88.56
88.57
88.58
88.58
88.59
88.6
88.61
88.61
88.62
88.62
88.62
88.62
88.62
88.63
88.63
88.65
88.66
88.66
88.67
88.68
88.68
88.69
88.69
88.7
88.71
88.72
88.72
88.72
88.72
88.72
88.71
88.71
88.71
88.71
88.72
88.72
88.72
88.73
88.73
88.73
88.74
88.74
88.74
88.75
88.76
88.76
88.77
88.77
88.78
88.79
88.79
88.79
88.8
88.81
88.81
88.81
88.82
88.83
88.83
88.83
88.83
88.83
88.83
88.83
88.83
88.83
88.83
88.84
88.84
88.84
88.85
88.85
88.85
88.86
88.86
88.87
88.88
88.89
88.89
88.91
88.92
88.93
88.93
88.93
88.93
88.94
88.94
88.95
88.95
88.96
88.97
88.98
89
89.01
89.02
89.02
89.02
89.03
89.03
89.03
89.03
89.05
89.05
89.05
89.05
89.05
89.05
89.05
89.05
89.05
89.05
89.05
89.05
89.05
89.05
89.05
89.05
89.05
89.05
89.05
89.06
89.07
89.08
89.09
89.09
89.1
89.11
89.11
89.11
89.11
89.11
89.12
89.13
89.13
89.13
89.13
89.12
89.12
89.12
89.11
89.11
89.11
89.11
89.12
89.12
89.12
89.12
89.12
89.11
89.11
89.11
89.1
89.09
89.1
89.09
89.09
89.09
89.08
89.07
89.07
89.07
89.07
89.07
89.07
89.06
89.06
89.06
89.06
89.05
89.04
89.04
89.03
89.04
89.04
89.05
89.04
89.03
89.04
89.03
89.02
89.02
89.02
89.02
89.02
89.01
89.01
89.01
89
89.01
89
89.01
89.01
89.01
89.01
89.01
89.01
89.02
89.02
89.03
89.03
89.02
89.02
89.02
89.01
89
88.98
88.97
88.97
88.96
88.96
88.96
88.96
88.97
88.97
88.96
88.96
88.96
88.96
88.96
88.96
88.96
88.96
88.96
88.96
88.95
88.94
88.94
88.94
88.94
88.94
88.94
88.94
88.94
88.94
88.94
88.94
88.94
88.94
88.93
88.92
88.92
88.92
88.92
88.91
88.92
88.92
88.93
88.93
88.94
88.94
88.94
88.94
88.94
88.94
88.94
88.93
88.93
88.92
88.92
88.92
88.92
88.92
88.92
88.92
88.92
88.92
88.91
88.91
88.89
88.89
88.88
88.88
88.87
88.87
88.87
88.88
88.87
88.87
88.87
88.86
88.86
88.85
88.85
88.84
88.84
88.84
88.85
88.85
88.85
88.85
88.85
88.85
88.84
88.84
88.84
88.83
88.83
88.83
88.82
88.81
88.81
88.81
88.8
88.79
88.79
88.79
88.78
88.77
88.76
88.75
88.75
88.75
88.74
88.73
88.73
88.73
88.73
88.73
88.73
88.73
88.72
88.71
88.71
88.71
88.7
88.69
88.69
88.69
88.69
88.69
88.7
88.7
88.7
88.71
88.7
88.7
88.69
88.69
88.68
88.68
88.67
88.67
88.66
88.66
88.65
88.66
88.66
88.66
88.66
88.66
88.67
88.67
88.67
88.67
88.67
88.68
88.69
88.69
88.69
88.69
88.68
88.68
88.68
88.67
88.66
88.66
88.65
88.65
88.66
88.66
88.67
88.67
88.67
88.66
88.67
88.68
88.67
88.67
88.66
88.66
88.66
88.66
88.66
88.66
88.65
88.66
88.65
88.65
88.65
88.65
88.65
88.65
88.65
88.65
88.65
88.63
88.63
88.62
88.62
88.62
88.62
88.62
88.62
88.63
88.62
88.62
88.62
88.62
88.62
88.62
88.61
88.6
88.59
88.58
88.58
88.58
88.57
88.56
88.54
88.54
88.53
88.53
88.52
88.53
88.53
88.53
88.52
88.52
88.51
88.49
88.48
88.47
88.47
88.46
88.44
88.44
88.43
88.42
88.41
88.41
88.39
88.37
88.36
88.34
88.32
88.32
88.31
88.3
88.29
88.29
88.28
88.26
88.26
88.25
88.25
88.25
88.25
88.24
88.24
88.23
88.23
88.22
88.21
88.2
88.2
88.19
88.19
88.18
88.17
88.16
88.15
88.15
88.15
88.14
88.14
88.13
88.13
88.11
88.1
88.1
88.1
88.1
88.1
88.09
88.08
88.08
88.07
88.07
88.07
88.08
88.08
88.08
88.08
88.08
88.08
88.08
88.08
88.07
88.06
88.06
88.06
88.06
88.06
88.06
88.06
88.06
88.06
88.06
88.07
88.06
88.06
88.06
88.06
88.06
88.06
88.05
88.05
88.05
88.05
88.06
88.06
88.07
88.07
88.06
88.06
88.06
88.05
88.04
88.03
88.04
88.04
88.04
88.04
88.04
88.04
88.04
88.04
88.04
88.03
88.03
88.03
88.03
88.04
88.04
88.04
88.04
88.04
88.05
88.05
88.05
88.04
88.04
88.05
88.05
88.05
88.05
88.05
88.06
88.06
88.06
88.07
88.07
88.07
88.07
88.08
88.08
88.07
88.07
88.07
88.06
88.06
88.06
88.06
88.06
88.07
88.07
88.07
88.06
88.05
88.04
88.05
88.04
88.04
88.03
88.03
88.03
88.02
88.02
88.01
88
88
88
88
88
88
88
88
88
88
88
87.99
87.99
87.99
87.99
87.99
87.99
87.99
88
87.99
87.99
87.99
87.99
88
88
88
88
88
88
87.99
87.99
87.99
87.99
87.98
87.98
87.98
87.98
87.99
87.99
88
88
88
88
88
88
87.99
87.98
87.97
87.96
87.97
87.97
87.96
87.97
87.97
87.97
87.97
87.97
87.97
87.97
87.97
87.97
87.97
87.97
87.96
87.96
87.96
87.96
87.96
87.95
87.95
87.95
87.96
87.96
87.97
87.97
87.97
87.97
87.97
87.96
87.96
87.95
87.94
87.93
87.94
87.94
87.94
87.94
87.93
87.94
87.94
87.94
87.95
87.94
87.94
87.94
87.95
87.94
87.94
87.94
87.94
87.94
87.95
87.95
87.96
87.97
87.98
87.99
88
88
88.01
88.01
88.01
88.01
88.01
88.01
88.01
88.01
88
88
88
88
88
87.99
88
88
88
88
88
88
88
88
88
88
88.02
88.02
88.02
88.02
88.03
88.03
88.04
88.05
88.06
88.06
88.06
88.06
88.06
88.06
88.05
88.05
88.05
88.05
88.05
88.05
88.05
88.05
88.05
88.06
88.07
88.07
88.07
88.07
88.07
88.07
88.08
88.08
88.08
88.08
88.08
88.08
88.08
88.09
88.09
88.1
88.1
88.1
88.11
88.11
88.13
88.11
88.13
88.13
88.13
88.13
88.13
88.13
88.13
88.11
88.1
88.09
88.1
88.11
88.13
88.14
88.15
88.16
88.16
88.15
88.15
88.14
88.13
88.13
88.13
88.13
88.13
88.13
88.14
88.14
88.13
88.14
88.14
88.15
88.15
88.16
88.16
88.17
88.18
88.18
88.18
88.18
88.19
88.19
88.19
88.19
88.19
88.19
88.19
88.19
88.19
88.19
88.19
88.19
88.2
88.2
88.19
88.19
88.2
88.2
88.21
88.21
88.22
88.22
88.23
88.24
88.24
88.25
88.26
88.27
88.27
88.27
88.26
88.26
88.26
88.25
88.26
88.27
88.28
88.28
88.29
88.29
88.29
88.3
88.29
88.3
88.3
88.31
88.31
88.32
88.32
88.32
88.32
88.32
88.33
88.32
88.32
88.33
88.34
88.35
88.35
88.36
88.35
88.35
88.35
88.35
88.36
88.36
88.36
88.37
88.37
88.37
88.39
88.39
88.39
88.39
88.39
88.4
88.41
88.42
88.41
88.42
88.43
88.43
88.43
88.44
88.44
88.44
88.44
88.44
88.45
88.45
88.45
88.46
88.46
88.47
88.47
88.47
88.47
88.48
88.48
88.49
88.5
88.5
88.51
88.51
88.52
88.52
88.53
88.53
88.53
88.54
88.55
88.55
88.56
88.56
88.57
88.57
88.57
88.57
88.57
88.58
88.59
88.6
88.6
88.61
88.62
88.63
88.65
88.65
88.65
88.66
88.66
88.66
88.67
88.67
88.67
88.67
88.68
88.68
88.68
88.68
88.69
88.69
88.69
88.7
88.71
88.7
88.71
88.71
88.71
88.72
88.72
88.72
88.72
88.72
88.73
88.74
88.75
88.75
88.75
88.76
88.76
88.77
88.77
88.77
88.77
88.77
88.78
88.78
88.78
88.78
88.79
88.79
88.79
88.8
88.79
88.8
88.8
88.81
88.81
88.82
88.82
88.83
88.85
88.85
88.86
88.85
88.85
88.85
88.85
88.85
88.85
88.84
88.85
88.85
88.85
88.85
88.84
88.84
88.83
88.83
88.84
88.83
88.83
88.83
88.83
88.83
88.82
88.82
88.82
88.82
88.82
88.82
88.82
88.82
88.82
88.82
88.81
88.81
88.81
88.81
88.81
88.81
88.81
88.81
88.8
88.79
88.79
88.78
88.78
88.77
88.77
88.78
88.78
88.78
88.79
88.79
88.79
88.79
88.79
88.79
88.79
88.79
88.79
88.8
88.81
88.82
88.83
88.84
88.85
88.86
88.86
88.87
88.87
88.88
88.88
88.88
88.88
88.88
88.88
88.88
88.88
88.88
88.88
88.89
88.89
88.91
88.92
88.93
88.94
88.94
88.95
88.96
88.95
88.95
88.96
88.96
88.98
88.98
88.98
88.99
89.01
89.02
89.03
89.05
89.06
89.07
89.08
89.09
89.1
89.1
89.11
89.12
89.11
89.12
89.13
89.13
89.14
89.15
89.17
89.17
89.17
89.18
89.18
89.19
89.19
89.2
89.2
89.2
89.2
89.21
89.21
89.21
89.21
89.2
89.2
89.2
89.21
89.22
89.21
89.22
89.21
89.21
89.21
89.21
89.21
89.22
89.22
89.23
89.24
89.25
89.25
89.25
89.25
89.26
89.26
89.27
89.26
89.27
89.27
89.27
89.26
89.26
89.26
89.27
89.27
89.28
89.28
89.28
89.29
89.3
89.3
89.3
89.3
89.31
89.31
89.31
89.31
89.31
89.3
89.3
89.3
89.31
89.31
89.31
89.32
89.32
89.34
89.34
89.34
89.35
89.35
89.35
89.35
89.35
89.35
89.35
89.35
89.34
89.34
89.34
89.34
89.34
89.34
89.36
89.37
89.38
89.38
89.39
89.38
89.39
89.4
89.43
89.43
89.43
89.43
89.43
89.44
89.44
89.45
89.44
89.44
89.44
89.44
89.44
89.44
89.44
89.44
89.44
89.45
89.45
89.45
89.45
89.46
89.47
89.47
89.47
89.46
89.47
89.47
89.48
89.49
89.49
89.5
89.5
89.51
89.51
89.52
89.52
89.52
89.52
89.53
89.53
89.53
89.53
89.54
89.54
89.54
89.54
89.54
89.55
89.54
89.55
89.56
89.56
89.56
89.56
89.57
89.57
89.58
89.59
89.6
89.61
89.62
89.64
89.64
89.65
89.65
89.66
89.68
89.68
89.68
89.69
89.7
89.7
89.72
89.72
89.73
89.73
89.74
89.74
89.75
89.75
89.76
89.76
89.77
89.77
89.77
89.78
89.78
89.78
89.78
89.78
89.78
89.79
89.8
89.8
89.8
89.81
89.83
89.83
89.83
89.84
89.85
89.85
89.85
89.85
89.84
89.84
89.83
89.83
89.84
89.84
89.85
89.86
89.86
89.87
89.88
89.88
89.89
89.89
89.89
89.9
89.9
89.9
89.9
89.9
89.9
89.9
89.92
89.92
89.92
89.94
89.95
89.96
89.96
89.97
89.97
89.98
89.98
89.97
89.97
89.97
89.97
89.97
89.97
89.97
89.97
89.98
89.98
89.98
89.99
89.99
89.99
90
89.99
90
90
90
89.99
90
90
90.01
90.01
90.02
90.02
90.02
90.02
90.03
90.03
90.03
90.03
90.03
90.03
90.03
90.03
90.02
90.02
90.02
90.02
90.02
90.03
90.04
90.04
90.05
90.05
90.06
90.06
90.06
90.07
90.07
90.07
90.06
90.05
90.04
90.04
90.04
90.03
90.04
90.04
90.05
90.06
90.07
90.08
90.09
90.1
90.11
90.11
90.12
90.12
90.12
90.12
90.11
90.1
90.1
90.1
90.1
90.1
90.11
90.12
90.12
90.12
90.12
90.12
90.13
90.13
90.13
90.12
90.12
90.12
90.12
90.13
90.14
90.14
90.14
90.14
90.15
90.15
90.16
90.16
90.16
90.16
90.16
90.16
90.15
90.15
90.16
90.16
90.17
90.18
90.17
90.18
90.2
90.21
90.23
90.24
90.24
90.24
90.26
90.26
90.28
90.29
90.28
90.26
90.26
90.26
90.25
90.24
90.25
90.25
90.26
90.26
90.26
90.27
90.26
90.28
90.28
90.29
90.29
90.3
90.3
90.3
90.3
90.3
90.3
90.29
90.3
90.3
90.3
90.31
90.32
90.33
90.33
90.33
90.33
90.33
90.33
90.33
90.33
90.33
90.33
90.34
90.35
90.35
90.35
90.35
90.35
90.35
90.35
90.35
90.35
90.36
90.37
90.36
90.35
90.35
90.34
90.33
90.33
90.34
90.35
90.35
90.36
90.37
90.38
90.38
90.39
90.4
90.4
90.41
90.42
90.43
90.43
90.44
90.46
90.46
90.46
90.46
90.46
90.46
90.46
90.46
90.46
90.46
90.47
90.47
90.48
90.49
90.49
90.48
90.49
90.49
90.49
90.49
90.49
90.5
90.5
90.51
90.51
90.51
90.51
90.51
90.51
90.51
90.51
90.51
90.52
90.52
90.52
90.52
90.52
90.51
90.51
90.52
90.53
90.54
90.54
90.55
90.56
90.56
90.56
90.56
90.57
90.57
90.58
90.58
90.59
90.59
90.59
90.6
90.6
90.61
90.62
90.62
90.63
90.64
90.65
90.66
90.67
90.68
90.68
90.69
90.69
90.7
90.72
90.72
90.72
90.73
90.74
90.74
90.75
90.75
90.76
90.76
90.77
90.78
90.78
90.78
90.79
90.79
90.79
90.79
90.8
90.8
90.81
90.81
90.82
90.83
90.83
90.83
90.83
90.83
90.83
90.84
90.84
90.84
90.84
90.83
90.85
90.86
90.87
90.86
90.86
90.87
90.88
90.88
90.87
90.88
90.88
90.89
90.89
90.9
90.91
90.91
90.91
90.91
90.9
90.91
90.92
90.93
90.94
90.95
90.96
90.98
90.99
90.99
91
91
91
90.99
90.99
90.99
90.99
90.99
90.99
90.99
91
91
91.01
91.02
91.02
91.02
91.03
91.04
91.04
91.05
91.05
91.05
91.05
91.05
91.05
91.06
91.07
91.07
91.08
91.09
91.1
91.11
91.12
91.13
91.13
91.14
91.14
91.13
91.13
91.13
91.14
91.15
91.16
91.17
91.18
91.18
91.2
91.21
91.22
91.22
91.24
91.25
91.25
91.25
91.25
91.26
91.26
91.26
91.26
91.27
91.27
91.28
91.28
91.29
91.31
91.31
91.32
91.33
91.34
91.35
91.36
91.37
91.37
91.38
91.38
91.39
91.38
91.38
91.39
91.4
91.41
91.42
91.43
91.45
91.46
91.47
91.48
91.48
91.5
91.51
91.51
91.51
91.52
91.54
91.55
91.57
91.58
91.59
91.6
91.61
91.62
91.62
91.63
91.65
91.66
91.66
91.67
91.67
91.68
91.68
91.68
91.69
91.69
91.7
91.71
91.72
91.73
91.74
91.76
91.77
91.78
91.78
91.79
91.8
91.81
91.82
91.83
91.84
91.85
91.87
91.88
91.89
91.91
91.93
91.94
91.95
91.96
91.98
92
92.02
92.04
92.05
92.06
92.07
92.09
92.1
92.11
92.13
92.14
92.15
92.16
92.18
92.18
92.19
92.19
92.19
92.19
92.19
92.19
92.18
92.18
92.18
92.18
92.18
92.18
92.18
92.18
92.18
92.19
92.19
92.19
92.19
92.19
92.19
92.18
92.18
92.17
92.15
92.14
92.14
92.14
92.14
92.14
92.16
92.17
92.17
92.18
92.18
92.18
92.19
92.19
92.19
92.18
92.18
92.18
92.18
92.17
92.17
92.17
92.17
92.18
92.18
92.2
92.2
92.21
92.21
92.22
92.22
92.23
92.23
92.24
92.24
92.24
92.24
92.24
92.24
92.25
92.24
92.25
92.25
92.27
92.28
92.29
92.29
92.3
92.3
92.31
92.31
92.31
92.32
92.32
92.33
92.33
92.34
92.34
92.34
92.34
92.34
92.34
92.34
92.35
92.35
92.36
92.37
92.38
92.39
92.39
92.39
92.39
92.39
92.39
92.4
92.41
92.43
92.44
92.45
92.45
92.45
92.46
92.46
92.47
92.47
92.47
92.48
92.48
92.49
92.5
92.5
92.51
92.51
92.53
92.54
92.54
92.54
92.54
92.54
92.54
92.54
92.55
92.55
92.57
92.58
92.58
92.59
92.6
92.61
92.61
92.62
92.64
92.65
92.66
92.66
92.67
92.67
92.67
92.68
92.68
92.68
92.69
92.69
92.7
92.7
92.71
92.71
92.72
92.73
92.74
92.75
92.76
92.79
92.8
92.8
92.81
92.81
92.81
92.81
92.81
92.81
92.81
92.82
92.82
92.83
92.84
92.85
92.86
92.87
92.87
92.88
92.88
92.88
92.89
92.89
92.9
92.91
92.92
92.94
92.94
92.95
92.96
92.96
92.96
92.96
92.96
92.96
92.97
92.97
92.97
92.97
92.97
92.97
92.96
92.96
92.96
92.96
92.96
92.97
92.97
92.98
92.99
92.98
92.99
92.99
92.99
92.99
93
93
93
93
93
93
93
93
93.01
93.01
93.02
93.02
93.02
93.02
93.02
93.02
93.02
93.02
93.02
93.01
93.01
93
93.01
93.01
93.01
93.02
93.02
93.02
93.02
93.03
93.02
93.02
93.02
93.03
93.05
93.06
93.06
93.06
93.06
93.07
93.07
93.07
93.07
93.07
93.07
93.07
93.08
93.07
93.07
93.08
93.07
93.07
93.08
93.09
93.09
93.09
93.09
93.08
93.08
93.07
93.07
93.06
93.06
93.06
93.06
93.06
93.07
93.07
93.07
93.07
93.07
93.07
93.07
93.07
93.06
93.07
93.07
93.08
93.09
93.09
93.09
93.09
93.08
93.08
93.08
93.09
93.08
93.09
93.09
93.08
93.08
93.09
93.08
93.07
93.07
93.08
93.09
93.09
93.09
93.09
93.1
93.1
93.1
93.1
93.09
93.09
93.09
93.1
93.1
93.1
93.1
93.1
93.09
93.09
93.09
93.09
93.08
93.08
93.08
93.07
93.07
93.07
93.06
93.03
93.02
93.02
93.01
93
93
92.99
92.99
92.99
93
93
93
93
93.01
93.01
93.01
93.02
93.02
93.02
93.02
93.02
93.02
93.02
93.01
93.01
93.01
93.02
93.02
93.02
93.03
93.03
93.03
93.02
93.01
93
92.99
92.97
92.97
92.97
92.97
92.96
92.96
92.95
92.96
92.95
92.95
92.94
92.93
92.93
92.92
92.93
92.93
92.92
92.92
92.91
92.9
92.9
92.89
92.89
92.88
92.88
92.88
92.89
92.89
92.89
92.88
92.88
92.87
92.87
92.86
92.86
92.86
92.85
92.85
92.85
92.85
92.85
92.85
92.85
92.85
92.85
92.84
92.84
92.85
92.85
92.85
92.85
92.85
92.84
92.83
92.83
92.82
92.81
92.81
92.8
92.81
92.81
92.81
92.8
92.8
92.79
92.79
92.79
92.79
92.77
92.76
92.75
92.74
92.74
92.74
92.74
92.73
92.73
92.73
92.73
92.73
92.72
92.72
92.72
92.72
92.72
92.72
92.7
92.69
92.68
92.68
92.67
92.66
92.65
92.65
92.65
92.65
92.65
92.65
92.64
92.64
92.65
92.64
92.65
92.65
92.64
92.65
92.64
92.64
92.63
92.63
92.63
92.63
92.64
92.64
92.65
92.65
92.65
92.64
92.64
92.63
92.62
92.61
92.61
92.6
92.6
92.59
92.59
92.58
92.58
92.57
92.56
92.55
92.54
92.54
92.53
92.53
92.53
92.53
92.51
92.5
92.5
92.5
92.5
92.49
92.5
92.51
92.51
92.51
92.51
92.51
92.5
92.5
92.5
92.5
92.49
92.49
92.48
92.47
92.45
92.45
92.44
92.43
92.42
92.42
92.42
92.42
92.42
92.42
92.42
92.4
92.4
92.4
92.4
92.39
92.4
92.4
92.39
92.4
92.4
92.4
92.4
92.4
92.4
92.4
92.39
92.39
92.39
92.38
92.38
92.38
92.38
92.37
92.37
92.36
92.36
92.36
92.36
92.37
92.37
92.38
92.38
92.38
92.38
92.37
92.37
92.36
92.36
92.35
92.36
92.36
92.36
92.36
92.36
92.36
92.34
92.34
92.33
92.32
92.32
92.32
92.31
92.31
92.3
92.3
92.31
92.31
92.31
92.3
92.31
92.3
92.3
92.3
92.3
92.3
92.3
92.3
92.3
92.3
92.3
92.3
92.31
92.31
92.31
92.31
92.31
92.31
92.3
92.3
92.3
92.3
92.3
92.3
92.31
92.3
92.3
92.3
92.29
92.28
92.28
92.25
92.25
92.27
92.25
92.27
92.25
92.25
92.24
92.23
92.24
92.24
92.23
92.23
92.23
92.23
92.23
92.22
92.21
92.2
92.19
92.2
92.18
92.18
92.17
92.18
92.18
92.18
92.18
92.18
92.17
92.17
92.16
92.16
92.17
92.17
92.18
92.18
92.17
92.17
92.16
92.15
92.16
92.15
92.16
92.16
92.17
92.16
92.16
92.16
92.15
92.15
92.15
92.13
92.13
92.12
92.11
92.11
92.11
92.11
92.11
92.11
92.11
92.11
92.11
92.11
92.11
92.11
92.11
92.11
92.11
92.11
92.11
92.11
92.09
92.1
92.09
92.09
92.09
92.1
92.1
92.11
92.11
92.11
92.11
92.11
92.11
92.11
92.11
92.11
92.11
92.11
92.11
92.1
92.1
92.09
92.09
92.1
92.11
92.11
92.11
92.12
92.12
92.12
92.12
92.12
92.12
92.12
92.12
92.12
92.12
92.12
92.13
92.14
92.14
92.15
92.15
92.15
92.16
92.17
92.17
92.18
92.18
92.19
92.2
92.21
92.21
92.21
92.22
92.22
92.23
92.23
92.23
92.24
92.24
92.24
92.24
92.24
92.23
92.22
92.22
92.22
92.22
92.23
92.23
92.23
92.23
92.23
92.24
92.24
92.24
92.24
92.24
92.25
92.24
92.24
92.24
92.24
92.24
92.24
92.25
92.25
92.25
92.25
92.24
92.24
92.24
92.25
92.25
92.25
92.25
92.25
92.25
92.25
92.25
92.25
92.25
92.25
92.25
92.24
92.24
92.24
92.24
92.25
92.25
92.24
92.24
92.25
92.25
92.25
92.25
92.24
92.24
92.23
92.23
92.23
92.23
92.23
92.23
92.24
92.25
92.25
92.27
92.28
92.28
92.28
92.28
92.28
92.27
92.27
92.25
92.27
92.27
92.27
92.25
92.25
92.25
92.24
92.25
92.25
92.25
92.24
92.24
92.24
92.24
92.23
92.23
92.23
92.23
92.23
92.23
92.23
92.23
92.24
92.24
92.23
92.23
92.23
92.24
92.24
92.24
92.24
92.23
92.24
92.24
92.24
92.24
92.25
92.25
92.25
92.27
92.28
92.28
92.29
92.29
92.29
92.29
92.29
92.28
92.27
92.25
92.24
92.25
92.25
92.24
92.24
92.24
92.24
92.25
92.27
92.28
92.27
92.27
92.28
92.28
92.29
92.29
92.29
92.3
92.31
92.31
92.32
92.33
92.33
92.33
92.33
92.34
92.34
92.34
92.34
92.34
92.35
92.34
92.34
92.34
92.34
92.34
92.34
92.33
92.32
92.32
92.32
92.33
92.34
92.34
92.35
92.36
92.36
92.37
92.37
92.38
92.38
92.37
92.36
92.36
92.36
92.36
92.36
92.36
92.36
92.37
92.36
92.36
92.36
92.36
92.36
92.36
92.36
92.37
92.37
92.37
92.37
92.37
92.38
92.38
92.38
92.38
92.39
92.39
92.4
92.4
92.4
92.41
92.42
92.43
92.43
92.43
92.43
92.43
92.43
92.43
92.43
92.43
92.43
92.43
92.44
92.44
92.45
92.45
92.45
92.45
92.45
92.46
92.46
92.46
92.45
92.45
92.45
92.45
92.45
92.45
92.46
92.47
92.47
92.47
92.47
92.47
92.47
92.47
92.47
92.47
92.47
92.47
92.47
92.47
92.47
92.47
92.48
92.48
92.49
92.49
92.49
92.49
92.48
92.48
92.48
92.47
92.47
92.47
92.47
92.47
92.47
92.47
92.47
92.47
92.47
92.48
92.48
92.49
92.49
92.49
92.49
92.49
92.48
92.47
92.47
92.46
92.45
92.44
92.44
92.45
92.46
92.47
92.48
92.48
92.47
92.48
92.48
92.48
92.47
92.47
92.48
92.49
92.49
92.49
92.5
92.5
92.5
92.5
92.5
92.5
92.51
92.51
92.51
92.53
92.51
92.51
92.51
92.51
92.51
92.51
92.51
92.51
92.51
92.51
92.51
92.51
92.51
92.51
92.53
92.54
92.54
92.54
92.54
92.54
92.54
92.54
92.51
92.51
92.51
92.51
92.51
92.53
92.54
92.54
92.54
92.55
92.55
92.55
92.55
92.55
92.55
92.56
92.56
92.56
92.56
92.55
92.54
92.53
92.53
92.51
92.51
92.51
92.53
92.54
92.55
92.55
92.55
92.55
92.55
92.54
92.54
92.54
92.54
92.53
92.54
92.54
92.54
92.54
92.55
92.55
92.55
92.55
92.55
92.55
92.55
92.55
92.55
92.54
92.54
92.53
92.53
92.51
92.53
92.53
92.53
92.53
92.54
92.54
92.54
92.54
92.54
92.54
92.53
92.54
92.54
92.54
92.54
92.53
92.54
92.54
92.55
92.55
92.55
92.55
92.56
92.56
92.56
92.56
92.56
92.56
92.55
92.55
92.55
92.55
92.54
92.54
92.54
92.55
92.55
92.55
92.55
92.55
92.55
92.55
92.55
92.55
92.56
92.56
92.56
92.57
92.56
92.56
92.55
92.55
92.54
92.54
92.54
92.54
92.54
92.54
92.54
92.54
92.54
92.54
92.53
92.51
92.51
92.51
92.5
92.5
92.49
92.49
92.49
92.49
92.49
92.48
92.49
92.5
92.49
92.5
92.49
92.5
92.5
92.5
92.49
92.48
92.48
92.48
92.47
92.47
92.46
92.46
92.45
92.46
92.46
92.46
92.46
92.46
92.46
92.46
92.45
92.46
92.45
92.45
92.44
92.44
92.43
92.44
92.44
92.44
92.45
92.45
92.46
92.47
92.47
92.48
92.48
92.47
92.47
92.47
92.47
92.46
92.45
92.45
92.45
92.45
92.45
92.46
92.46
92.46
92.46
92.45
92.45
92.45
92.45
92.45
92.43
92.43
92.42
92.42
92.42
92.42
92.43
92.43
92.44
92.45
92.45
92.45
92.45
92.45
92.44
92.43
92.44
92.44
92.43
92.43
92.43
92.43
92.42
92.43
92.43
92.43
92.44
92.44
92.44
92.44
92.44
92.44
92.44
92.44
92.45
92.45
92.45
92.45
92.45
92.46
92.45
92.45
92.46
92.47
92.48
92.48
92.48
92.47
92.46
92.46
92.45
92.44
92.44
92.43
92.43
92.42
92.42
92.42
92.42
92.42
92.43
92.43
92.43
92.43
92.44
92.44
92.45
92.45
92.45
92.45
92.44
92.44
92.44
92.45
92.44
92.44
92.43
92.43
92.42
92.42
92.41
92.4
92.39
92.39
92.39
92.39
92.39
92.38
92.38
92.38
92.37
92.37
92.36
92.35
92.35
92.36
92.36
92.35
92.35
92.35
92.35
92.34
92.34
92.33
92.32
92.32
92.33
92.33
92.33
92.33
92.33
92.33
92.34
92.33
92.33
92.34
92.34
92.34
92.34
92.33
92.33
92.32
92.31
92.31
92.3
92.3
92.3
92.3
92.3
92.3
92.31
92.32
92.32
92.33
92.33
92.33
92.33
92.33
92.32
92.31
92.31
92.3
92.3
92.29
92.28
92.28
92.27
92.27
92.28
92.27
92.28
92.29
92.28
92.28
92.28
92.27
92.25
92.27
92.27
92.27
92.24
92.23
92.23
92.24
92.24
92.23
92.23
92.23
92.23
92.23
92.22
92.22
92.22
92.21
92.19
92.18
92.17
92.17
92.17
92.17
92.17
92.17
92.18
92.2
92.2
92.2
92.2
92.21
92.21
92.2
92.2
92.2
92.21
92.21
92.21
92.21
92.21
92.2
92.2
92.2
92.21
92.21
92.21
92.21
92.21
92.21
92.2
92.19
92.18
92.18
92.17
92.17
92.17
92.17
92.17
92.17
92.17
92.17
92.17
92.17
92.17
92.16
92.16
92.16
92.16
92.17
92.17
92.17
92.17
92.17
92.17
92.17
92.18
92.18
92.18
92.18
92.18
92.17
92.18
92.18
92.17
92.17
92.16
92.16
92.15
92.15
92.15
92.16
92.15
92.15
92.15
92.15
92.16
92.17
92.17
92.17
92.17
92.17
92.17
92.17
92.16
92.16
92.16
92.17
92.17
92.17
92.17
92.18
92.18
92.18
92.18
92.18
92.19
92.19
92.19
92.2
92.19
92.19
92.2
92.2
92.2
92.21
92.21
92.22
92.22
92.22
92.23
92.24
92.24
92.24
92.24
92.25
92.25
92.25
92.24
92.24
92.25
92.25
92.25
92.25
92.25
92.27
92.28
92.28
92.29
92.29
92.29
92.29
92.3
92.3
92.31
92.31
92.31
92.31
92.31
92.3
92.3
92.31
92.31
92.31
92.32
92.32
92.33
92.34
92.35
92.36
92.37
92.38
92.38
92.38
92.38
92.39
92.39
92.4
92.4
92.41
92.42
92.44
92.45
92.46
92.47
92.47
92.47
92.47
92.47
92.48
92.49
92.5
92.5
92.51
92.53
92.54
92.55
92.56
92.57
92.58
92.58
92.6
92.6
92.62
92.63
92.63
92.64
92.64
92.65
92.66
92.65
92.66
92.66
92.66
92.66
92.67
92.67
92.67
92.67
92.67
92.68
92.69
92.7
92.7
92.7
92.7
92.7
92.71
92.71
92.72
92.72
92.73
92.73
92.74
92.74
92.75
92.76
92.77
92.79
92.8
92.81
92.81
92.81
92.81
92.81
92.81
92.82
92.81
92.82
92.83
92.85
92.86
92.87
92.87
92.88
92.89
92.89
92.89
92.9
92.9
92.9
92.91
92.91
92.92
92.92
92.93
92.93
92.94
92.95
92.96
92.97
92.98
92.99
92.99
92.99
93
93
93
93.01
93.01
93.02
93.01
93.02
93.03
93.05
93.06
93.05
93.05
93.03
93.05
93.05
93.06
93.06
93.06
93.07
93.07
93.07
93.07
93.08
93.08
93.08
93.09
93.09
93.1
93.1
93.11
93.12
93.13
93.13
93.14
93.14
93.14
93.14
93.14
93.15
93.15
93.16
93.17
93.17
93.18
93.18
93.18
93.18
93.19
93.19
93.21
93.22
93.21
93.21
93.22
93.22
93.21
93.21
93.22
93.22
93.22
93.22
93.22
93.22
93.22
93.22
93.23
93.23
93.24
93.24
93.24
93.24
93.24
93.24
93.24
93.24
93.24
93.24
93.23
93.23
93.24
93.24
93.24
93.25
93.26
93.26
93.25
93.25
93.25
93.26
93.26
93.26
93.26
93.27
93.28
93.28
93.28
93.28
93.28
93.29
93.28
93.28
93.27
93.25
93.25
93.25
93.24
93.24
93.23
93.23
93.22
93.22
93.22
93.23
93.23
93.24
93.26
93.27
93.27
93.28
93.28
93.27
93.26
93.26
93.25
93.24
93.23
93.23
93.23
93.23
93.23
93.23
93.23
93.23
93.23
93.22
93.21
93.2
93.19
93.18
93.18
93.18
93.19
93.19
93.19
93.19
93.19
93.19
93.2
93.22
93.22
93.23
93.23
93.24
93.24
93.23
93.24
93.24
93.23
93.23
93.24
93.24
93.25
93.26
93.26
93.27
93.27
93.27
93.27
93.27
93.27
93.26
93.26
93.24
93.23
93.23
93.23
93.22
93.22
93.22
93.22
93.23
93.23
93.23
93.23
93.24
93.24
93.24
93.24
93.23
93.22
93.22
93.21
93.21
93.2
93.19
93.19
93.2
93.21
93.22
93.22
93.23
93.22
93.22
93.22
93.22
93.22
93.22
93.22
93.21
93.2
93.19
93.19
93.19
93.19
93.19
93.19
93.18
93.19
93.18
93.18
93.18
93.17
93.17
93.16
93.16
93.16
93.16
93.16
93.17
93.16
93.16
93.17
93.18
93.18
93.18
93.18
93.17
93.17
93.17
93.17
93.17
93.17
93.17
93.17
93.17
93.16
93.16
93.16
93.16
93.17
93.18
93.17
93.17
93.16
93.17
93.17
93.17
93.17
93.17
93.17
93.16
93.16
93.15
93.15
93.15
93.14
93.14
93.14
93.13
93.13
93.13
93.14
93.13
93.13
93.13
93.13
93.13
93.13
93.14
93.14
93.14
93.14
93.15
93.15
93.16
93.16
93.15
93.15
93.15
93.15
93.15
93.15
93.14
93.13
93.13
93.13
93.12
93.11
93.11
93.12
93.12
93.12
93.13
93.13
93.12
93.13
93.12
93.11
93.11
93.1
93.1
93.09
93.09
93.08
93.08
93.08
93.07
93.07
93.07
93.07
93.07
93.06
93.06
93.06
93.05
93.03
93.02
93.02
93.02
93.02
93.01
93.01
93
93
93
93
93
93.01
93.01
93.01
93.01
93.01
93.01
93
93
93
92.99
92.98
92.97
92.97
92.96
92.96
92.96
92.96
92.96
92.97
92.97
92.97
92.96
92.96
92.95
92.95
92.94
92.93
92.93
92.92
92.92
92.92
92.92
92.93
92.94
92.94
92.94
92.94
92.94
92.94
92.95
92.96
92.95
92.94
92.94
92.94
92.94
92.94
92.94
92.94
92.93
92.93
92.92
92.9
92.9
92.9
92.9
92.89
92.89
92.88
92.88
92.88
92.88
92.88
92.88
92.88
92.88
92.88
92.89
92.89
92.89
92.89
92.9
92.9
92.89
92.88
92.87
92.86
92.84
92.84
92.83
92.83
92.82
92.81
92.82
92.82
92.82
92.82
92.82
92.81
92.82
92.83
92.82
92.82
92.82
92.82
92.82
92.82
92.81
92.81
92.81
92.81
92.81
92.8
92.8
92.8
92.8
92.8
92.8
92.8
92.8
92.8
92.8
92.79
92.77
92.77
92.77
92.77
92.77
92.77
92.77
92.77
92.77
92.76
92.76
92.76
92.76
92.76
92.75
92.75
92.75
92.75
92.75
92.76
92.76
92.76
92.76
92.76
92.76
92.75
92.74
92.74
92.74
92.74
92.74
92.73
92.73
92.72
92.72
92.73
92.73
92.73
92.74
92.75
92.77
92.77
92.77
92.77
92.77
92.77
92.79
92.8
92.8
92.8
92.8
92.81
92.81
92.81
92.82
92.82
92.82
92.82
92.82
92.82
92.82
92.82
92.82
92.83
92.82
92.82
92.82
92.82
92.81
92.82
92.82
92.82
92.82
92.83
92.84
92.84
92.84
92.84
92.84
92.84
92.84
92.84
92.84
92.84
92.83
92.84
92.84
92.84
92.84
92.83
92.82
92.83
92.82
92.82
92.82
92.82
92.82
92.83
92.83
92.83
92.83
92.83
92.83
92.82
92.82
92.81
92.81
92.82
92.82
92.82
92.83
92.83
92.83
92.83
92.83
92.82
92.81
92.81
92.81
92.8
92.8
92.8
92.79
92.79
92.79
92.79
92.79
92.79
92.79
92.8
92.8
92.8
92.81
92.81
92.81
92.8
92.8
92.8
92.79
92.8
92.8
92.8
92.8
92.8
92.8
92.81
92.81
92.81
92.81
92.82
92.82
92.82
92.82
92.82
92.81
92.82
92.81
92.81
92.81
92.81
92.81
92.81
92.81
92.81
92.81
92.81
92.81
92.81
92.81
92.81
92.81
92.81
92.81
92.81
92.81
92.81
92.82
92.83
92.84
92.84
92.84
92.84
92.85
92.86
92.86
92.86
92.87
92.87
92.88
92.88
92.89
92.91
92.91
92.92
92.92
92.93
92.93
92.92
92.92
92.92
92.92
92.92
92.9
92.89
92.88
92.87
92.87
92.87
92.87
92.87
92.88
92.9
92.9
92.91
92.91
92.92
92.92
92.92
92.91
92.91
92.91
92.92
92.92
92.92
92.91
92.91
92.91
92.91
92.91
92.92
92.92
92.92
92.93
92.93
92.93
92.93
92.93
92.93
92.92
92.92
92.92
92.92
92.93
92.93
92.93
92.93
92.93
92.93
92.93
92.93
92.93
92.93
92.93
92.94
92.94
92.94
92.93
92.93
92.93
92.92
92.92
92.92
92.92
92.92
92.93
92.94
92.95
92.96
92.96
92.97
92.96
92.95
92.94
92.94
92.94
92.94
92.94
92.93
92.93
92.93
92.93
92.94
92.94
92.93
92.93
92.93
92.93
92.93
92.92
92.91
92.9
92.91
92.91
92.91
92.91
92.92
92.92
92.92
92.93
92.93
92.93
92.92
92.92
92.92
92.92
92.91
92.9
92.9
92.89
92.88
92.88
92.87
92.86
92.86
92.86
92.86
92.86
92.85
92.85
92.85
92.85
92.84
92.84
92.84
92.84
92.84
92.84
92.84
92.84
92.84
92.84
92.85
92.86
92.86
92.86
92.86
92.86
92.86
92.86
92.86
92.86
92.85
92.85
92.84
92.84
92.85
92.85
92.84
92.84
92.84
92.84
92.84
92.84
92.83
92.82
92.82
92.83
92.82
92.82
92.82
92.81
92.81
92.81
92.81
92.81
92.81
92.81
92.81
92.81
92.81
92.81
92.81
92.81
92.81
92.81
92.8