101.91
101.91
101.91
101.91
101.91
101.91
101.91
101.91
101.91
101.91
101.91
101.91
101.89
101.89
101.89
101.89
101.89
101.88
101.87
101.86
101.85
101.85
101.83
101.83
101.83
101.83
101.83
101.82
101.82
101.83
101.83
101.83
101.83
101.82
101.82
101.82
101.82
101.82
101.82
101.82
101.82
101.82
101.81
101.81
101.8
101.8
101.8
101.8
101.8
101.78
101.77
101.77
101.77
101.76
101.76
101.75
101.73
101.73
101.72
101.72
101.72
101.72
101.72
101.72
101.72
101.72
101.72
101.72
101.72
101.72
101.73
101.73
101.75
101.75
101.75
101.75
101.73
101.72
101.71
101.7
101.7
101.7
101.7
101.7
101.7
101.7
101.7
101.69
101.69
101.67
101.67
101.67
101.67
101.67
101.67
101.67
101.67
101.67
101.67
101.66
101.66
101.65
101.65
101.65
101.65
101.66
101.66
101.66
101.66
101.66
101.66
101.65
101.65
101.65
101.65
101.64
101.64
101.64
101.64
101.64
101.64
101.64
101.62
101.62
101.61
101.61
101.6
101.6
101.61
101.61
101.61
101.62
101.62
101.62
101.62
101.62
101.62
101.61
101.61
101.6
101.59
101.59
101.59
101.59
101.59
101.59
101.57
101.57
101.59
101.57
101.56
101.56
101.55
101.55
101.54
101.53
101.53
101.51
101.51
101.5
101.49
101.49
101.48
101.48
101.48
101.46
101.46
101.45
101.45
101.44
101.44
101.44
101.44
101.44
101.44
101.43
101.41
101.4
101.4
101.4
101.4
101.41
101.41
101.41
101.4
101.39
101.38
101.38
101.37
101.37
101.35
101.35
101.34
101.33
101.33
101.3
101.29
101.29
101.29
101.29
101.29
101.28
101.28
101.27
101.27
101.27
101.27
101.27
101.27
101.27
101.27
101.27
101.25
101.24
101.24
101.24
101.24
101.24
101.24
101.24
101.23
101.23
101.23
101.23
101.22
101.22
101.21
101.22
101.22
101.22
101.22
101.22
101.22
101.22
101.22
101.21
101.19
101.19
101.19
101.19
101.19
101.18
101.18
101.17
101.17
101.17
101.17
101.17
101.17
101.16
101.16
101.16
101.16
101.16
101.16
101.16
101.16
101.16
101.16
101.14
101.13
101.13
101.13
101.13
101.14
101.14
101.14
101.13
101.13
101.13
101.13
101.13
101.12
101.12
101.11
101.11
101.11
101.09
101.09
101.08
101.08
101.07
101.08
101.08
101.08
101.07
101.07
101.07
101.07
101.07
101.08
101.08
101.07
101.08
101.08
101.08
101.08
101.07
101.07
101.06
101.06
101.06
101.05
101.06
101.06
101.06
101.06
101.06
101.07
101.06
101.07
101.06
101.06
101.06
101.05
101.05
101.05
101.05
101.03
101.03
101.03
101.03
101.03
101.03
101.03
101.03
101.03
101.05
101.06
101.05
101.05
101.05
101.03
101.03
101.02
101.03
101.03
101.03
101.03
101.01
101.01
101.01
101.01
101.01
101
101
100.98
100.98
100.98
100.98
100.98
100.98
100.98
100.98
100.98
100.98
100.98
101
101
101
101
101
101
100.98
100.98
100.98
100.98
100.98
100.98
101
101.01
101
101
101
100.98
100.98
100.98
100.98
101
101
101.01
101.01
101
100.98
100.98
100.97
100.97
100.97
100.97
100.97
100.96
100.95
100.95
100.95
100.95
100.93
100.93
100.93
100.93
100.93
100.93
100.92
100.92
100.91
100.91
100.91
100.91
100.91
100.91
100.9
100.89
100.89
100.89
100.89
100.89
100.89
100.87
100.87
100.87
100.87
100.86
100.86
100.87
100.9
100.9
100.9
100.9
100.89
100.89
100.87
100.87
100.87
100.86
100.86
100.86
100.86
100.85
100.84
100.84
100.84
100.82
100.82
100.81
100.81
100.81
100.81
100.81
100.81
100.81
100.81
100.81
100.8
100.8
100.8
100.8
100.81
100.81
100.8
100.8
100.8
100.8
100.8
100.79
100.79
100.79
100.79
100.79
100.79
100.79
100.8
100.8
100.81
100.81
100.81
100.81
100.8
100.81
100.81
100.81
100.81
100.81
100.8
100.8
100.8
100.8
100.8
100.79
100.77
100.77
100.77
100.79
100.79
100.8
100.8
100.8
100.8
100.8
100.8
100.8
100.8
100.81
100.81
100.81
100.81
100.81
100.81
100.81
100.81
100.81
100.81
100.8
100.8
100.81
100.81
100.81
100.8
100.8
100.79
100.79
100.79
100.8
100.8
100.8
100.81
100.81
100.81
100.81
100.82
100.84
100.85
100.85
100.86
100.86
100.87
100.87
100.89
100.89
100.89
100.89
100.89
100.89
100.89
100.89
100.89
100.89
100.9
100.9
100.9
100.9
100.9
100.9
100.9
100.9
100.89
100.89
100.89
100.9
100.9
100.9
100.9
100.9
100.9
100.91
100.91
100.92
100.92
100.92
100.92
100.92
100.92
100.92
100.93
100.93
100.93
100.93
100.92
100.93
100.93
100.93
100.93
100.92
100.93
100.93
100.95
100.95
100.95
100.95
100.95
100.95
100.96
100.97
100.96
100.96
100.96
100.96
100.97
100.97
100.97
100.97
100.98
100.98
100.98
100.98
100.98
100.98
100.97
100.98
100.98
100.98
100.98
100.98
100.98
101
101
101.01
101.01
101.01
101.01
101.01
101.01
101.01
101.01
101
101
101
101
101
101.01
101.01
101
100.98
100.98
100.98
100.98
100.98
100.98
100.98
101
101.01
101.01
101.01
101.01
101
101
101
101
101
101.01
101.02
101.02
101.03
101.03
101.03
101.03
101.03
101.02
101.01
101.02
101.01
101
101.01
101.01
101.01
101.01
101.01
101.02
101.01
101.01
101.01
101.02
101.01
101.02
101.03
101.03
101.03
101.03
101.03
101.05
101.05
101.06
101.06
101.05
101.06
101.06
101.06
101.06
101.06
101.06
101.06
101.06
101.06
101.06
101.05
101.05
101.03
101.03
101.03
101.03
101.03
101.03
101.05
101.05
101.06
101.05
101.06
101.06
101.06
101.06
101.06
101.06
101.06
101.06
101.05
101.06
101.06
101.07
101.07
101.07
101.07
101.06
101.06
101.06
101.06
101.06
101.07
101.07
101.07
101.07
101.07
101.08
101.08
101.08
101.07
101.07
101.07
101.07
101.07
101.08
101.08
101.09
101.09
101.11
101.11
101.09
101.09
101.08
101.08
101.08
101.07
101.08
101.08
101.09
101.09
101.09
101.09
101.11
101.12
101.12
101.12
101.12
101.12
101.12
101.11
101.11
101.11
101.11
101.11
101.09
101.09
101.11
101.09
101.09
101.09
101.09
101.11
101.09
101.12
101.12
101.12
101.12
101.12
101.12
101.12
101.12
101.12
101.12
101.12
101.12
101.11
101.11
101.11
101.11
101.11
101.09
101.09
101.09
101.09
101.09
101.11
101.09
101.09
101.09
101.09
101.09
101.09
101.09
101.09
101.09
101.09
101.09
101.08
101.07
101.07
101.07
101.07
101.07
101.07
101.07
101.07
101.07
101.07
101.07
101.07
101.08
101.09
101.09
101.08
101.07
101.06
101.05
101.03
101.03
101.02
101.01
101.01
101.02
101.02
101.02
101.02
101.01
101.01
101.01
101
100.98
100.98
100.98
100.98
100.98
100.98
100.98
100.98
100.98
100.98
100.98
100.98
100.98
100.98
101
101
101
101
101
101
101
101
101
101
101
100.98
100.98
100.97
100.96
100.95
100.95
100.95
100.95
100.95
100.95
100.95
100.96
100.96
100.96
100.95
100.95
100.95
100.95
100.95
100.95
100.95
100.95
100.95
100.95
100.95
100.95
100.95
100.93
100.93
100.93
100.93
100.93
100.93
100.93
100.95
100.95
100.95
100.93
100.93
100.93
100.92
100.92
100.91
100.91
100.91
100.9
100.9
100.89
100.89
100.89
100.89
100.87
100.87
100.87
100.87
100.87
100.87
100.86
100.87
100.86
100.86
100.87
100.87
100.86
100.87
100.89
100.89
100.89
100.89
100.89
100.89
100.9
100.9
100.91
100.91
100.91
100.91
100.91
100.91
100.92
100.92
100.92
100.92
100.92
100.92
100.92
100.91
100.91
100.91
100.91
100.91
100.9
100.89
100.89
100.89
100.89
100.89
100.89
100.89
100.89
100.87
100.86
100.86
100.85
100.84
100.84
100.84
100.84
100.84
100.86
100.86
100.86
100.87
100.87
100.87
100.87
100.87
100.87
100.87
100.87
100.87
100.87
100.87
100.87
100.87
100.87
100.87
100.86
100.86
100.84
100.84
100.84
100.84
100.84
100.84
100.84
100.84
100.84
100.84
100.84
100.84
100.84
100.85
100.85
100.86
100.86
100.86
100.86
100.86
100.85
100.84
100.84
100.84
100.84
100.84
100.84
100.84
100.84
100.84
100.82
100.82
100.81
100.8
100.79
100.79
100.77
100.76
100.76
100.74
100.74
100.73
100.73
100.71
100.71
100.71
100.71
100.71
100.71
100.71
100.71
100.71
100.71
100.71
100.7
100.69
100.69
100.66
100.66
100.66
100.66
100.65
100.64
100.63
100.61
100.61
100.61
100.6
100.6
100.6
100.6
100.59
100.59
100.58
100.55
100.55
100.55
100.55
100.55
100.54
100.54
100.54
100.54
100.54
100.54
100.55
100.55
100.55
100.55
100.54
100.53
100.52
100.52
100.52
100.52
100.52
100.53
100.53
100.52
100.53
100.53
100.54
100.54
100.54
100.55
100.55
100.55
100.54
100.53
100.52
100.52
100.52
100.52
100.5
100.5
100.52
100.52
100.53
100.53
100.53
100.52
100.5
100.5
100.49
100.49
100.49
100.49
100.49
100.49
100.48
100.48
100.48
100.48
100.48
100.48
100.48
100.48
100.48
100.48
100.47
100.47
100.44
100.43
100.43
100.43
100.43
100.44
100.44
100.45
100.47
100.47
100.47
100.45
100.45
100.45
100.45
100.44
100.44
100.43
100.42
100.41
100.41
100.38
100.38
100.38
100.37
100.37
100.37
100.39
100.39
100.39
100.41
100.41
100.41
100.41
100.41
100.41
100.41
100.41
100.39
100.38
100.37
100.37
100.37
100.36
100.34
100.34
100.32
100.32
100.31
100.31
100.29
100.29
100.29
100.29
100.29
100.29
100.28
100.27
100.26
100.25
100.25
100.25
100.25
100.25
100.23
100.23
100.25
100.23
100.22
100.22
100.21
100.21
100.2
100.18
100.17
100.16
100.16
100.15
100.15
100.15
100.13
100.13
100.13
100.12
100.11
100.11
100.1
100.09
100.1
100.1
100.1
100.1
100.09
100.07
100.07
100.06
100.06
100.07
100.07
100.07
100.07
100.07
100.07
100.06
100.05
100.04
100.02
100.02
100.02
100.02
100.02
100.02
100.01
100.01
100.01
100.01
100
99.99
99.99
99.97
99.95
99.94
99.94
99.93
99.91
99.91
99.9
99.9
99.89
99.89
99.89
99.89
99.89
99.89
99.89
99.88
99.88
99.86
99.86
99.85
99.85
99.86
99.85
99.85
99.84
99.84
99.84
99.84
99.83
99.81
99.81
99.83
99.83
99.84
99.84
99.84
99.84
99.83
99.84
99.84
99.81
99.81
99.81
99.81
99.83
99.83
99.84
99.83
99.81
99.81
99.81
99.81
99.81
99.81
99.81
99.81
99.81
99.81
99.81
99.81
99.81
99.81
99.8
99.8
99.8
99.79
99.79
99.78
99.78
99.78
99.78
99.78
99.79
99.81
99.81
99.81
99.81
99.81
99.81
99.81
99.81
99.81
99.81
99.8
99.8
99.8
99.8
99.79
99.79
99.79
99.79
99.78
99.78
99.79
99.8
99.8
99.8
99.8
99.8
99.79
99.79
99.79
99.78
99.75
99.75
99.75
99.74
99.74
99.74
99.74
99.74
99.74
99.73
99.73
99.73
99.73
99.74
99.73
99.74
99.74
99.73
99.73
99.72
99.72
99.72
99.72
99.7
99.69
99.7
99.69
99.69
99.69
99.68
99.67
99.67
99.67
99.67
99.67
99.67
99.67
99.67
99.65
99.64
99.65
99.65
99.65
99.65
99.67
99.67
99.67
99.67
99.67
99.67
99.68
99.68
99.68
99.67
99.67
99.67
99.67
99.67
99.67
99.67
99.67
99.67
99.67
99.67
99.67
99.67
99.67
99.67
99.65
99.67
99.67
99.68
99.68
99.67
99.67
99.67
99.67
99.67
99.67
99.67
99.67
99.68
99.68
99.67
99.67
99.67
99.65
99.65
99.64
99.64
99.64
99.64
99.64
99.65
99.64
99.64
99.64
99.64
99.64
99.64
99.64
99.65
99.67
99.67
99.67
99.67
99.67
99.65
99.67
99.67
99.68
99.68
99.68
99.68
99.68
99.68
99.68
99.68
99.68
99.68
99.68
99.68
99.68
99.68
99.69
99.69
99.69
99.69
99.7
99.7
99.72
99.72
99.72
99.72
99.72
99.73
99.73
99.73
99.74
99.73
99.73
99.74
99.73
99.73
99.72
99.72
99.72
99.73
99.73
99.73
99.73
99.73
99.73
99.73
99.73
99.73
99.74
99.74
99.74
99.74
99.74
99.75
99.77
99.77
99.77
99.77
99.75
99.74
99.74
99.74
99.74
99.74
99.74
99.74
99.74
99.73
99.73
99.73
99.73
99.74
99.74
99.75
99.75
99.77
99.77
99.77
99.77
99.77
99.75
99.75
99.75
99.74
99.74
99.74
99.74
99.74
99.74
99.73
99.74
99.74
99.74
99.74
99.74
99.74
99.74
99.73
99.72
99.7
99.69
99.69
99.69
99.68
99.68
99.68
99.67
99.65
99.64
99.64
99.63
99.63
99.63
99.63
99.63
99.62
99.62
99.62
99.61
99.59
99.59
99.59
99.59
99.59
99.59
99.59
99.59
99.61
99.61
99.61
99.62
99.62
99.62
99.61
99.59
99.59
99.59
99.59
99.58
99.58
99.58
99.58
99.57
99.57
99.57
99.56
99.56
99.56
99.56
99.57
99.57
99.58
99.58
99.58
99.59
99.59
99.61
99.61
99.59
99.59
99.59
99.59
99.59
99.59
99.59
99.59
99.58
99.58
99.58
99.58
99.58
99.58
99.58
99.57
99.57
99.57
99.56
99.56
99.56
99.56
99.56
99.56
99.54
99.53
99.52
99.52
99.52
99.52
99.52
99.52
99.52
99.52
99.51
99.51
99.51
99.52
99.52
99.52
99.53
99.53
99.53
99.54
99.54
99.56
99.54
99.54
99.52
99.52
99.52
99.52
99.53
99.54
99.54
99.54
99.54
99.53
99.52
99.52
99.51
99.49
99.49
99.49
99.49
99.49
99.49
99.51
99.51
99.49
99.48
99.48
99.46
99.46
99.46
99.46
99.45
99.45
99.45
99.43
99.43
99.41
99.41
99.41
99.41
99.41
99.4
99.4
99.4
99.4
99.38
99.38
99.38
99.38
99.37
99.37
99.37
99.37
99.37
99.37
99.37
99.37
99.37
99.37
99.38
99.38
99.38
99.4
99.4
99.4
99.4
99.4
99.4
99.4
99.4
99.38
99.38
99.38
99.38
99.38
99.37
99.37
99.36
99.36
99.35
99.36
99.36
99.35
99.35
99.35
99.35
99.33
99.35
99.35
99.35
99.35
99.35
99.35
99.35
99.35
99.35
99.35
99.36
99.35
99.35
99.35
99.35
99.35
99.35
99.35
99.35
99.35
99.36
99.36
99.36
99.36
99.36
99.36
99.36
99.36
99.36
99.36
99.35
99.35
99.36
99.36
99.36
99.37
99.37
99.37
99.37
99.37
99.37
99.38
99.38
99.38
99.38
99.38
99.38
99.37
99.37
99.37
99.37
99.37
99.38
99.38
99.38
99.41
99.41
99.41
99.42
99.41
99.41
99.41
99.41
99.4
99.38
99.38
99.38
99.38
99.38
99.37
99.37
99.37
99.36
99.36
99.36
99.35
99.36
99.36
99.37
99.37
99.37
99.37
99.37
99.37
99.37
99.37
99.37
99.37
99.37
99.36
99.36
99.36
99.36
99.36
99.37
99.37
99.37
99.37
99.37
99.35
99.35
99.36
99.36
99.36
99.36
99.36
99.36
99.36
99.35
99.35
99.33
99.35
99.33
99.33
99.33
99.32
99.33
99.32
99.33
99.33
99.33
99.35
99.35
99.36
99.37
99.38
99.38
99.38
99.38
99.38
99.38
99.38
99.38
99.4
99.4
99.41
99.41
99.41
99.41
99.42
99.42
99.43
99.42
99.41
99.41
99.42
99.42
99.43
99.43
99.45
99.45
99.45
99.45
99.45
99.45
99.45
99.45
99.46
99.47
99.47
99.48
99.48
99.49
99.49
99.49
99.51
99.52
99.52
99.53
99.52
99.52
99.52
99.52
99.52
99.52
99.52
99.53
99.53
99.54
99.54
99.54
99.56
99.56
99.56
99.54
99.54
99.53
99.53
99.54
99.56
99.56
99.57
99.57
99.57
99.57
99.58
99.57
99.57
99.58
99.58
99.59
99.59
99.61
99.61
99.62
99.63
99.63
99.64
99.65
99.67
99.67
99.68
99.69
99.69
99.69
99.7
99.72
99.73
99.73
99.74
99.75
99.75
99.77
99.77
99.78
99.78
99.78
99.78
99.78
99.78
99.79
99.79
99.79
99.79
99.8
99.8
99.8
99.81
99.83
99.84
99.85
99.85
99.86
99.86
99.88
99.88
99.89
99.89
99.9
99.9
99.91
99.91
99.93
99.93
99.94
99.94
99.95
99.95
99.97
99.97
99.97
99.99
100
100.01
100.02
100.04
100.04
100.05
100.05
100.06
100.06
100.06
100.06
100.06
100.1
100.1
100.1
100.1
100.1
100.1
100.1
100.11
100.11
100.12
100.12
100.13
100.15
100.16
100.16
100.17
100.17
100.18
100.2
100.2
100.21
100.21
100.22
100.23
100.23
100.26
100.26
100.27
100.27
100.27
100.28
100.28
100.29
100.29
100.31
100.31
100.32
100.33
100.33
100.33
100.34
100.34
100.36
100.36
100.36
100.36
100.36
100.36
100.36
100.38
100.39
100.41
100.41
100.41
100.41
100.41
100.42
100.42
100.42
100.42
100.42
100.42
100.42
100.43
100.44
100.44
100.45
100.47
100.47
100.48
100.48
100.49
100.49
100.5
100.5
100.52
100.53
100.53
100.53
100.54
100.55
100.57
100.58
100.59
100.6
100.6
100.61
100.63
100.64
100.64
100.65
100.65
100.65
100.65
100.66
100.66
100.68
100.68
100.69
100.69
100.69
100.7
100.7
100.71
100.71
100.73
100.73
100.74
100.75
100.75
100.76
100.77
100.77
100.79
100.79
100.8
100.81
100.82
100.84
100.84
100.85
100.86
100.86
100.87
100.87
100.87
100.89
100.89
100.89
100.9
100.9
100.91
100.91
100.91
100.91
100.91
100.92
100.92
100.92
100.93
100.96
100.97
100.97
100.97
100.98
100.98
100.98
101
101
101.01
101.01
101.02
101.03
101.05
101.05
101.05
101.05
101.06
101.06
101.07
101.07
101.07
101.07
101.08
101.08
101.09
101.11
101.12
101.12
101.12
101.12
101.12
101.13
101.13
101.16
101.16
101.17
101.17
101.18
101.18
101.18
101.18
101.18
101.18
101.18
101.18
101.18
101.19
101.19
101.21
101.21
101.22
101.22
101.22
101.22
101.23
101.23
101.24
101.24
101.25
101.25
101.27
101.27
101.27
101.27
101.27
101.27
101.27
101.28
101.28
101.29
101.29
101.29
101.29
101.29
101.29
101.3
101.3
101.3
101.32
101.32
101.32
101.33
101.34
101.34
101.34
101.34
101.35
101.35
101.35
101.37
101.37
101.37
101.35
101.38
101.38
101.38
101.39
101.4
101.4
101.41
101.41
101.43
101.43
101.44
101.45
101.45
101.45
101.45
101.46
101.46
101.48
101.48
101.48
101.49
101.5
101.53
101.53
101.54
101.54
101.54
101.53
101.51
101.51
101.53
101.53
101.55
101.56
101.57
101.57
101.59
101.59
101.6
101.6
101.59
101.59
101.59
101.59
101.59
101.57
101.57
101.57
101.57
101.57
101.59
101.57
101.57
101.57
101.57
101.57
101.57
101.57
101.57
101.56
101.56
101.56
101.56
101.56
101.56
101.57
101.57
101.57
101.59
101.59
101.59
101.59
101.59
101.59
101.59
101.59
101.59
101.59
101.59
101.59
101.59
101.59
101.59
101.6
101.61
101.61
101.62
101.62
101.62
101.62
101.62
101.62
101.64
101.65
101.65
101.66
101.66
101.66
101.66
101.65
101.64
101.62
101.62
101.62
101.62
101.64
101.64
101.64
101.64
101.64
101.64
101.64
101.65
101.65
101.65
101.65
101.65
101.65
101.65
101.65
101.65
101.65
101.65
101.65
101.64
101.64
101.64
101.62
101.62
101.64
101.64
101.64
101.64
101.65
101.65
101.66
101.66
101.67
101.66
101.66
101.66
101.66
101.66
101.66
101.66
101.66
101.66
101.66
101.66
101.66
101.66
101.66
101.66
101.66
101.66
101.66
101.66
101.66
101.66
101.67
101.67
101.67
101.69
101.69
101.69
101.7
101.7
101.7
101.7
101.7
101.7
101.7
101.7
101.7
101.7
101.7
101.7
101.7
101.7
101.7
101.7
101.7
101.71
101.71
101.72
101.7
101.7
101.7
101.7
101.7
101.7
101.7
101.71
101.71
101.72
101.72
101.73
101.75
101.75
101.75
101.75
101.73
101.72
101.72
101.72
101.72
101.72
101.72
101.72
101.71
101.72
101.71
101.71
101.71
101.71
101.7
101.7
101.7
101.7
101.69
101.69
101.69
101.7
101.7
101.7
101.7
101.7
101.7
101.7
101.7
101.7
101.7
101.7
101.7
101.7
101.7
101.7
101.7
101.7
101.7
101.69
101.67
101.67
101.67
101.66
101.66
101.66
101.66
101.67
101.67
101.67
101.67
101.67
101.67
101.67
101.67
101.67
101.67
101.69
101.69
101.7
101.7
101.7
101.7
101.69
101.67
101.67
101.67
101.69
101.69
101.69
101.69
101.69
101.69
101.69
101.69
101.69
101.69
101.7
101.7
101.7
101.7
101.7
101.7
101.71
101.7
101.7
101.7
101.71
101.71
101.72
101.72
101.72
101.72
101.73
101.73
101.73
101.73
101.72
101.72
101.72
101.73
101.73
101.73
101.73
101.75
101.75
101.75
101.76
101.76
101.76
101.76
101.76
101.76
101.76
101.77
101.77
101.77
101.78
101.78
101.78
101.8
101.8
101.8
101.8
101.8
101.81
101.81
101.81
101.81
101.81
101.81
101.81
101.82
101.82
101.83
101.83
101.83
101.83
101.83
101.82
101.83
101.83
101.83
101.83
101.85
101.85
101.86
101.87
101.87
101.87
101.87
101.88
101.88
101.89
101.89
101.89
101.89
101.89
101.89
101.88
101.88
101.88
101.89
101.89
101.89
101.91
101.91
101.91
101.92
101.91
101.91
101.91
101.91
101.91
101.91
101.91
101.91
101.91
101.91
101.92
101.92
101.92
101.92
101.93
101.93
101.93
101.93
101.94
101.96
101.96
101.96
101.97
101.97
101.97
101.97
101.97
101.97
101.98
101.97
101.97
101.96
101.96
101.94
101.93
101.92
101.91
101.91
101.91
101.92
101.91
101.92
101.91
101.91
101.91
101.91
101.91
101.89
101.89
101.89
101.89
101.91
101.91
101.91
101.89
101.89
101.89
101.87
101.87
101.87
101.87
101.88
101.88
101.89
101.89
101.88
101.87
101.87
101.87
101.87
101.87
101.88
101.88
101.89
101.89
101.89
101.89
101.88
101.87
101.87
101.87
101.87
101.87
101.87
101.87
101.87
101.87
101.87
101.87
101.86
101.86
101.85
101.85
101.85
101.86
101.86
101.87
101.87
101.87
101.87
101.87
101.88
101.89
101.89
101.89
101.91
101.91
101.89
101.91
101.91
101.91
101.91
101.91
101.89
101.88
101.87
101.87
101.87
101.87
101.87
101.87
101.86
101.86
101.86
101.86
101.86
101.86
101.86
101.86
101.86
101.85
101.85
101.85
101.85
101.86
101.86
101.86
101.87
101.87
101.86
101.86
101.86
101.86
101.86
101.86
101.85
101.85
101.85
101.85
101.86
101.86
101.86
101.85
101.86
101.86
101.86
101.86
101.85
101.85
101.85
101.85
101.85
101.83
101.83
101.82
101.82
101.82
101.82
101.83
101.85
101.85
101.85
101.86
101.87
101.87
101.88
101.88
101.88
101.89
101.89
101.91
101.91
101.91
101.91
101.91
101.91
101.91
101.91
101.91
101.91
101.92
101.92
101.93
101.93
101.93
101.92
101.92
101.92
101.92
101.91
101.91
101.91
101.91
101.91
101.91
101.91
101.91
101.92
101.91
101.92
101.92
101.92
101.93
101.93
101.93
101.93
101.93
101.93
101.93
101.93
101.92
101.92
101.92
101.91
101.91
101.91
101.91
101.91
101.91
101.89
101.89
101.89
101.89
101.88
101.89
101.89
101.91
101.91
101.89
101.89
101.89
101.89
101.89
101.89
101.89
101.89
101.89
101.91
101.91
101.91
101.91
101.91
101.91
101.91
101.92
101.93
101.93
101.93
101.93
101.92
101.92
101.92
101.92
101.92
101.93
101.93
101.93
101.92
101.92
101.92
101.92
101.91
101.91
101.91
101.91
101.91
101.91
101.92
101.93
101.94
101.94
101.96
101.97
101.98
101.98
101.99
101.99
101.98
101.98
101.99
101.98
101.98
101.99
101.99
102.01
102.01
102.01
102.01
102.01
102.01
102.01
102.02
102.02
102.02
102.02
102.02
102.03
102.02
102.03
102.03
102.03
102.03
102.03
102.02
102.02
102.02
102.02
102.02
102.03
102.04
102.05
102.05
102.07
102.05
102.05
102.04
102.04
102.04
102.04
102.04
102.04
102.04
102.04
102.03
102.02
102.01
101.99
101.98
101.98
101.98
101.98
101.99
102.01
101.99
101.99
101.98
101.99
101.98
101.98
101.99
101.98
101.99
102.01
102.01
102.01
101.99
101.98
101.99
101.98
101.98
101.98
101.97
101.97
101.97
101.97
101.97
101.97
101.97
101.96
101.96
101.94
101.94
101.94
101.94
101.94
101.94
101.94
101.94
101.94
101.93
101.93
101.92
101.92
101.92
101.92
101.92
101.92
101.93
101.92
101.92
101.92
101.93
101.93
101.93
101.93
101.93
101.93
101.93
101.93
101.93
101.93
101.92
101.92
101.91
101.91
101.91
101.91
101.92
101.92
101.92
101.92
101.93
101.93
101.93
101.93
101.93
101.92
101.92
101.92
101.92
101.92
101.91
101.89
101.89
101.89
101.89
101.91
101.91
101.91
101.91
101.91
101.91
101.92
101.91
101.91
101.91
101.91
101.91
101.91
101.91
101.91
101.91
101.91
101.91
101.91
101.91
101.91
101.92
101.92
101.92
101.92
101.93
101.93
101.94
101.94
101.96
101.96
101.97
101.97
101.98
101.98
101.98
102.01
102.01
102.02
102.02
102.02
102.02
102.02
102.02
102.02
102.01
101.99
101.98
101.98
101.98
101.99
101.99
101.99
101.98
101.98
101.98
101.98
101.98
101.98
101.98
101.98
101.98
101.98
101.98
101.98
101.98
101.98
101.98
101.99
102.01
102.01
102.01
101.99
101.99
102.01
102.01
102.02
102.02
102.03
102.03
102.04
102.04
102.04
102.04
102.05
102.05
102.05
102.05
102.05
102.05
102.05
102.05
102.05
102.04
102.04
102.04
102.04
102.04
102.05
102.05
102.05
102.05
102.05
102.05
102.05
102.05
102.07
102.07
102.05
102.05
102.05
102.05
102.05
102.05
102.05
102.05
102.05
102.05
102.07
102.07
102.07
102.08
102.09
102.09
102.1
102.1
102.1
102.1
102.1
102.09
102.09
102.09
102.09
102.09
102.08
102.08
102.09
102.09
102.1
102.1
102.1
102.1
102.1
102.1
102.1
102.1
102.1
102.1
102.1
102.09
102.08
102.08
102.07
102.07
102.07
102.07
102.07
102.07
102.07
102.07
102.05
102.05
102.05
102.05
102.07
102.07
102.07
102.07
102.08
102.07
102.07
102.07
102.07
102.07
102.07
102.05
102.04
102.04
102.03
102.03
102.02
102.02
102.02
102.01
101.99
101.98
101.98
101.98
101.98
101.98
101.98
101.98
101.98
101.98
101.98
101.98
101.99
101.99
101.98
101.98
101.99
101.99
102.01
102.01
102.01
101.99
101.99
101.98
101.98
101.98
101.97
101.97
101.98
101.98
101.98
101.98
101.99
101.99
101.98
101.98
101.98
101.98
101.98
101.98
101.98
101.98
101.98
101.97
101.97
101.96
101.96
101.94
101.94
101.93
101.93
101.94
101.94
101.96
101.96
101.94
101.94
101.93
101.93
101.93
101.93
101.93
101.93
101.93
101.92
101.91
101.89
101.88
101.87
101.87
101.87
101.87
101.87
101.87
101.87
101.88
101.88
101.88
101.89
101.89
101.89
101.88
101.89
101.89
101.89
101.89
101.89
101.89
101.89
101.88
101.87
101.87
101.87
101.88
101.88
101.89
101.89
101.88
101.89
101.88
101.87
101.87
101.87
101.87
101.87
101.87
101.86
101.86
101.86
101.86
101.86
101.86
101.86
101.87
101.87
101.87
101.87
101.87
101.87
101.87
101.86
101.85
101.83
101.83
101.82
101.82
101.82
101.81
101.81
101.81
101.81
101.81
101.81
101.82
101.82
101.82
101.82
101.82
101.81
101.81
101.81
101.81
101.82
101.82
101.82
101.81
101.81
101.81
101.8
101.8
101.78
101.78
101.77
101.77
101.77
101.76
101.76
101.76
101.76
101.76
101.76
101.75
101.75
101.75
101.73
101.73
101.73
101.75
101.75
101.76
101.76
101.76
101.76
101.77
101.77
101.77
101.77
101.78
101.78
101.77
101.78
101.77
101.77
101.76
101.76
101.75
101.75
101.75
101.73
101.72
101.72
101.72
101.72
101.72
101.72
101.72
101.72
101.73
101.73
101.75
101.75
101.76
101.76
101.77
101.78
101.78
101.78
101.8
101.8
101.81
101.8
101.8
101.78
101.78
101.78
101.77
101.76
101.75
101.75
101.73
101.75
101.73
101.73
101.72
101.72
101.72
101.72
101.72
101.73
101.75
101.75
101.75
101.75
101.76
101.76
101.76
101.76
101.77
101.77
101.77
101.77
101.77
101.77
101.77
101.78
101.78
101.78
101.78
101.78
101.78
101.78
101.78
101.78
101.78
101.78
101.78
101.78
101.78
101.78
101.78
101.78
101.78
101.78
101.78
101.78
101.78
101.78
101.78
101.78
101.8
101.8
101.81
101.81
101.81
101.82
101.83
101.83
101.85
101.83
101.83
101.83
101.82
101.82
101.81
101.81
101.81
101.82
101.82
101.83
101.83
101.83
101.83
101.82
101.82
101.82
101.82
101.83
101.83
101.83
101.83
101.85
101.85
101.87
101.87
101.87
101.86
101.85
101.85
101.85
101.85
101.85
101.85
101.85
101.85
101.85
101.85
101.85
101.85
101.85
101.85
101.85
101.85
101.85
101.83
101.85
101.85
101.87
101.87
101.87
101.88
101.88
101.88
101.89
101.89
101.89
101.88
101.89
101.89
101.88
101.89
101.89
101.91
101.91
101.92
101.92
101.91
101.91
101.91
101.91
101.89
101.89
101.89
101.91
101.91
101.91
101.91
101.92
101.92
101.92
101.92
101.92
101.91
101.92
101.92
101.92
101.92
101.92
101.92
101.93
101.93
101.93
101.93
101.93
101.93
101.93
101.93
101.93
101.93
101.93
101.92
101.92
101.92
101.92
101.92
101.92
101.92
101.92
101.92
101.92
101.92
101.92
101.93
101.93
101.93
101.94
101.94
101.94
101.94
101.93
101.92
101.91
101.91
101.91
101.89
101.89
101.89
101.91
101.91
101.92
101.92
101.92
101.92
101.92
101.92
101.92
101.92
101.92
101.92
101.92
101.93
101.93
101.93
101.93
101.94
101.94
101.94
101.94
101.94
101.94
101.94
101.94
101.94
101.93
101.94
101.94
101.93
101.94
101.94
101.94
101.96
101.96
101.96
101.94
101.94
101.94
101.94
101.94
101.94
101.94
101.94
101.93
101.93
101.93
101.93
101.93
101.93
101.92
101.92
101.93
101.93
101.93
101.94
101.96
101.96
101.96
101.97
101.96
101.96
101.96
101.96
101.96
101.96
101.96
101.96
101.96
101.96
101.96
101.96
101.96
101.96
101.96
101.96
101.96
101.96
101.96
101.94
101.94
101.94
101.94
101.94
101.94
101.94
101.94
101.94
101.94
101.93
101.93
101.93
101.93
101.94
101.94
101.94
101.94
101.94
101.94
101.93
101.93
101.92
101.92
101.93
101.94
101.94
101.96
101.96
101.96
101.96
101.96
101.97
101.97
101.98
101.98
101.99
101.99
102.01
102.01
102.01
101.99
101.98
101.98
101.97
101.96
101.96
101.96
101.96
101.96
101.96
101.97
101.97
101.97
101.97
101.97
101.96
101.97
101.97
101.97
101.97
101.97
101.96
101.96
101.94
101.94
101.94
101.93
101.93
101.92
101.92
101.92
101.92
101.92
101.92
101.91
101.92
101.91
101.91
101.89
101.89
101.89
101.89
101.89
101.91
101.91
101.89
101.89
101.89
101.89
101.88
101.89
101.88
101.87
101.87
101.86
101.86
101.85
101.85
101.83
101.82
101.81
101.8
101.8
101.8
101.8
101.8
101.8
101.8
101.8
101.8
101.8
101.8
101.78
101.76
101.76
101.75
101.73
101.73
101.72
101.72
101.72
101.72
101.72
101.72
101.72
101.72
101.71
101.71
101.71
101.72
101.72
101.72
101.73
101.73
101.75
101.75
101.75
101.75
101.75
101.75
101.75
101.75
101.75
101.73
101.72
101.72
101.72
101.72
101.72
101.71
101.71
101.7
101.7
101.7
101.7
101.69
101.69
101.69
101.69
101.69
101.69
101.69
101.67
101.67
101.67
101.66
101.66
101.66
101.66
101.66
101.66
101.66
101.65
101.65
101.65
101.65
101.66
101.67
101.67
101.69
101.69
101.69
101.67
101.67
101.67
101.66
101.66
101.67
101.67
101.66
101.66
101.66
101.66
101.66
101.65
101.65
101.65
101.65
101.64
101.64
101.64
101.64
101.64
101.65
101.65
101.65
101.64
101.62
101.61
101.61
101.61
101.61
101.61
101.62
101.62
101.62
101.62
101.61
101.61
101.61
101.61
101.6
101.61
101.61
101.61
101.61
101.59
101.59
101.59
101.59
101.57
101.56
101.56
101.56
101.56
101.57
101.57
101.57
101.57
101.56
101.56
101.56
101.56
101.56
101.56
101.57
101.57
101.57
101.57
101.57
101.57
101.56
101.56
101.56
101.56
101.55
101.55
101.54
101.53
101.53
101.53
101.53
101.53
101.54
101.54
101.54
101.54
101.54
101.53
101.53
101.53
101.53
101.53
101.54
101.53
101.53
101.51
101.51
101.5
101.5
101.5
101.49
101.49
101.49
101.49
101.48
101.46
101.46
101.46
101.46
101.46
101.46
101.46
101.45
101.44
101.44
101.44
101.44
101.44
101.44
101.44
101.44
101.43
101.41
101.41
101.4
101.4
101.4
101.4
101.4
101.4
101.4
101.39
101.39
101.39
101.4
101.39
101.39
101.39
101.39
101.38
101.38
101.38
101.38
101.37
101.37
101.35
101.34
101.34
101.34
101.34
101.34
101.34
101.33
101.33
101.33
101.33
101.32
101.32
101.32
101.32
101.3
101.3
101.3
101.3
101.29
101.29
101.29
101.29
101.29
101.29
101.28
101.28
101.28
101.28
101.27
101.27
101.27
101.27
101.27
101.25
101.25
101.25
101.24
101.24
101.25
101.27
101.27
101.27
101.27
101.27
101.28
101.27
101.27
101.25
101.25
101.24
101.24
101.23
101.23
101.23
101.22
101.19
101.19
101.18
101.18
101.18
101.18
101.18
101.17
101.17
101.17
101.17
101.17
101.17
101.16
101.16
101.16
101.16
101.16
101.16
101.16
101.16
101.16
101.17
101.18
101.18
101.18
101.17
101.17
101.18
101.18
101.17
101.17
101.17
101.17
101.17
101.16
101.16
101.16
101.16
101.14
101.13
101.13
101.13
101.13
101.13
101.14
101.14
101.16
101.14
101.13
101.13
101.13
101.14
101.14
101.16
101.16
101.16
101.16
101.16
101.16
101.16
101.16
101.16
101.16
101.17
101.17
101.18
101.18
101.18
101.18
101.18
101.19
101.19
101.19
101.19
101.19
101.19
101.19
101.18
101.18
101.19
101.19
101.21
101.22
101.23
101.23
101.24
101.24
101.23
101.24
101.23
101.23
101.23
101.23
101.23
101.22
101.22
101.22
101.22
101.22
101.22
101.22
101.22
101.21
101.21
101.21
101.21
101.21
101.22
101.22
101.23
101.23
101.23
101.23
101.23
101.23
101.23
101.23
101.23
101.23
101.23
101.23
101.23
101.23
101.23
101.23
101.23
101.23
101.23
101.23
101.22
101.22
101.22
101.22
101.22
101.22
101.22
101.22
101.22
101.22
101.22
101.23
101.23
101.23
101.23
101.23
101.24
101.24
101.25
101.27
101.28
101.29
101.29
101.29
101.29
101.29
101.29
101.28
101.28
101.28
101.28
101.28
101.27
101.27
101.27
101.27
101.27
101.25
101.24
101.24
101.24
101.24
101.24
101.25
101.25
101.25
101.27
101.27
101.27
101.28
101.29
101.29
101.29
101.29
101.29
101.29
101.29
101.29
101.3
101.29
101.29
101.29
101.3
101.29
101.29
101.3
101.29
101.3
101.3
101.3
101.3
101.3
101.3
101.29
101.3
101.29
101.29
101.3
101.3
101.32
101.32
101.32
101.32
101.32
101.32
101.3
101.3
101.32
101.32
101.32
101.32
101.33
101.34
101.35
101.35
101.34
101.34
101.33
101.32
101.32
101.32
101.3
101.3
101.29
101.3
101.3
101.3
101.32
101.32
101.32
101.32
101.32
101.32
101.33
101.33
101.33
101.33
101.33
101.32
101.3
101.28
101.27
101.24
101.23
101.23
101.23
101.23
101.23
101.23
101.23
101.23
101.23
101.23
101.23
101.22
101.23
101.23
101.23
101.24
101.24
101.24
101.24
101.24
101.24
101.24
101.24
101.25
101.27
101.27
101.28
101.28
101.29
101.29
101.29
101.29
101.29
101.29
101.29
101.29
101.29
101.28
101.27
101.27
101.25
101.25
101.24
101.25
101.25
101.27
101.28
101.29
101.29
101.3
101.3
101.32
101.32
101.32
101.32
101.33
101.34
101.35
101.35
101.35
101.34
101.35
101.35
101.35
101.35
101.37
101.35
101.35
101.35
101.35
101.35
101.34
101.34
101.34
101.34
101.34
101.34
101.34
101.34
101.34
101.34
101.34
101.34
101.35
101.35
101.35
101.35
101.34
101.34
101.35
101.35
101.34
101.34
101.34
101.33
101.33
101.33
101.32
101.32
101.33
101.33
101.34
101.34
101.34
101.35
101.35
101.35
101.35
101.37
101.37
101.38
101.38
101.39
101.4
101.41
101.41
101.41
101.41
101.41
101.41
101.43
101.43
101.43
101.43
101.41
101.4
101.4
101.4
101.39
101.39
101.38
101.38
101.37
101.37
101.37
101.37
101.35
101.35
101.35
101.37
101.37
101.37
101.37
101.37
101.37
101.37
101.35
101.35
101.35
101.37
101.37
101.37
101.37
101.37
101.35
101.35
101.35
101.35
101.35
101.37
101.37
101.37
101.38
101.38
101.38
101.39
101.4
101.4
101.41
101.4
101.39
101.38
101.37
101.35
101.34
101.34
101.33
101.33
101.33
101.34
101.34
101.34
101.34
101.35
101.35
101.35
101.37
101.37
101.38
101.38
101.38
101.38
101.4
101.4
101.41
101.41
101.41
101.41
101.41
101.41
101.41
101.41
101.4
101.4
101.4
101.4
101.4
101.4
101.4
101.4
101.4
101.4
101.39
101.39
101.38
101.39
101.39
101.39
101.39
101.39
101.39
101.39
101.38
101.38
101.38
101.38
101.38
101.38
101.38
101.38
101.38
101.37
101.35
101.34
101.34
101.34
101.33
101.33
101.33
101.33
101.33
101.33
101.33
101.33
101.33
101.33
101.33
101.33
101.32
101.32
101.32
101.32
101.32
101.32
101.3
101.3
101.32
101.32
101.32
101.3
101.3
101.3
101.29
101.29
101.29
101.29
101.29
101.29
101.29
101.28
101.28
101.27
101.27
101.27
101.27
101.27
101.27
101.27
101.28
101.29
101.29
101.29
101.29
101.29
101.29
101.29
101.29
101.29
101.29
101.29
101.28
101.27
101.27
101.27
101.29
101.29
101.28
101.28
101.28
101.28
101.29
101.29
101.29
101.28
101.28
101.28
101.28
101.29
101.29
101.28
101.27
101.27
101.27
101.27
101.25
101.25
101.24
101.24
101.25
101.25
101.24
101.25
101.25
101.25
101.24
101.25
101.25
101.24
101.24
101.24
101.24
101.24
101.23
101.23
101.24
101.24
101.24
101.23
101.23
101.23
101.23
101.23
101.23
101.23
101.23
101.24
101.24
101.25
101.24
101.24
101.24
101.24
101.23
101.23
101.23
101.22
101.23
101.23
101.23
101.22
101.21
101.21
101.19
101.19
101.19
101.19
101.21
101.21
101.21
101.21
101.19
101.19
101.19
101.19
101.19
101.19
101.19
101.18
101.18
101.18
101.17
101.17
101.17
101.17
101.17
101.18
101.18
101.19
101.19
101.19
101.18
101.18
101.17
101.16
101.16
101.16
101.14
101.13
101.13
101.12
101.13
101.13
101.13
101.13
101.14
101.14
101.13
101.13
101.12
101.12
101.12
101.12
101.13
101.12
101.12
101.13
101.14
101.14
101.16
101.14
101.13
101.13
101.12
101.12
101.12
101.11
101.11
101.09
101.09
101.09
101.11
101.11
101.11
101.11
101.11
101.11
101.11
101.11
101.11
101.11
101.09
101.09
101.09
101.08
101.08
101.07
101.08
101.07
101.07
101.07
101.06
101.05
101.03
101.03
101.03
101.03
101.03
101.03
101.03
101.03
101.02
101.02
101.01
101.01
101
101
101
101
101
101
101
100.98
100.98
100.98
100.98
100.97
100.97
100.96
100.95
100.93
100.93
100.92
100.92
100.91
100.91
100.91
100.92
100.92
100.91
100.9
100.9
100.9
100.9
100.9
100.9
100.9
100.9
100.91
100.91
100.9
100.9
100.9
100.89
100.9
100.9
100.89
100.89
100.9
100.89
100.89
100.9
100.9
100.9
100.9
100.9
100.9
100.9
100.89
100.89
100.89
100.9
100.9
100.9
100.9
100.9
100.9
100.9
100.9
100.9
100.9
100.9
100.9
100.9
100.89
100.89
100.9
100.9
100.9
100.91
100.91
100.91
100.91
100.92
100.92
100.92
100.93
100.93
100.93
100.93
100.92
100.92
100.92
100.92
100.92
100.92
100.92
100.93
100.93
100.95
100.95
100.95
100.95
100.95
100.95
100.95
100.95
100.95
100.95
100.95
100.95
100.95
100.95
100.95
100.96
100.96
100.97
100.96
100.95
100.96
100.95
100.95
100.95
100.95
100.93
100.93
100.93
100.95
100.95
100.95
100.95
100.95
100.93
100.93
100.92
100.92
100.92
100.91
100.9
100.9
100.9
100.89
100.89
100.89
100.9
100.9
100.89
100.89
100.89
100.89
100.9
100.9
100.9
100.9
100.9
100.9
100.91
100.91
100.91
100.9
100.89
100.87
100.87
100.86
100.86
100.86
100.85
100.86
100.85
100.84
100.84
100.84
100.84
100.84
100.84
100.84
100.85
100.85
100.86
100.86
100.86
100.86
100.86
100.87
100.87
100.87
100.87
100.87
100.87
100.87
100.87
100.87
100.87
100.86
100.85
100.84
100.84
100.84
100.85
100.86
100.86
100.86
100.84
100.84
100.84
100.84
100.84
100.84
100.84
100.84
100.84
100.84
100.84
100.84
100.84
100.84
100.84
100.84
100.84
100.84
100.84
100.84
100.85
100.86
100.86
100.87
100.87
100.86
100.86
100.84
100.82
100.82
100.82
100.81
100.82
100.81
100.81
100.81
100.81
100.81
100.81
100.81
100.81
100.81
100.81
100.81
100.81
100.81
100.82
100.84
100.84
100.84
100.84
100.84
100.85
100.86
100.86
100.86
100.86
100.86
100.86
100.86
100.86
100.86
100.86
100.86
100.87
100.87
100.87
100.87
100.89
100.9
100.9
100.91
100.92
100.92
100.92
100.92
100.91
100.91
100.9
100.9
100.89
100.89
100.89
100.89
100.89
100.9
100.9
100.9
100.91
100.91
100.92
100.92
100.92
100.92
100.91
100.91
100.9
100.9
100.9
100.91
100.91
100.91
100.91
100.92
100.91
100.91
100.92
100.92
100.93
100.95
100.95
100.95
100.95
100.95
100.93
100.95
100.93
100.95
100.97
100.98
100.98
100.98
100.98
100.98
100.98
100.98
100.98
100.98
100.97
100.98
100.98
100.98
100.98
100.98
100.98
101
101.01
101.01
101.02
101.03
101.03
101.05
101.03
101.03
101.03
101.03
101.03
101.03
101.03
101.03
101.03
101.03
101.02
101.02
101.02
101.02
101.03
101.03
101.03
101.03
101.03
101.03
101.05
101.05
101.05
101.06
101.06
101.06
101.06
101.07
101.07
101.08
101.08
101.08
101.09
101.09
101.09
101.12
101.12
101.12
101.13
101.12
101.12
101.11
101.09
101.08
101.08
101.07
101.07
101.07
101.06
101.06
101.06
101.06
101.06
101.06
101.07
101.07
101.08
101.08
101.09
101.11
101.12
101.12
101.13
101.13
101.13
101.13
101.14
101.14
101.14
101.13
101.13
101.13
101.13
101.13
101.14
101.16
101.16
101.17
101.17
101.18
101.18
101.19
101.21
101.21
101.21
101.22
101.23
101.23
101.23
101.23
101.23
101.23
101.24
101.24
101.24
101.24
101.24
101.24
101.24
101.25
101.25
101.27
101.27
101.27
101.28
101.29
101.28
101.28
101.27
101.27
101.25
101.25
101.24
101.24
101.24
101.24
101.24
101.25
101.27
101.27
101.27
101.27
101.27
101.27
101.27
101.27
101.27
101.29
101.29
101.29
101.3
101.3
101.29
101.29
101.29
101.29
101.28
101.28
101.28
101.28
101.28
101.27
101.28
101.28
101.28
101.28
101.27
101.27
101.27
101.27
101.27
101.27
101.27
101.28
101.28
101.27
101.27
101.25
101.24
101.24
101.23
101.22
101.21
101.19
101.18
101.18
101.18
101.18
101.18
101.17
101.17
101.17
101.17
101.18
101.17
101.17
101.18
101.18
101.18
101.18
101.19
101.19
101.21
101.21
101.22
101.21
101.19
101.19
101.19
101.19
101.19
101.19
101.19
101.21
101.21
101.22
101.22
101.22
101.21
101.21
101.19
101.18
101.18
101.18
101.18
101.19
101.19
101.21
101.21
101.22
101.22
101.22
101.22
101.21
101.21
101.22
101.22
101.22
101.23
101.23
101.24
101.24
101.24
101.24
101.23
101.23
101.23
101.23
101.22
101.22
101.22
101.22
101.22
101.23
101.23
101.23
101.23
101.24
101.24
101.25
101.27
101.27
101.27
101.27
101.28
101.28
101.28
101.27
101.25
101.24
101.25
101.24
101.24
101.24
101.25
101.25
101.27
101.27
101.27
101.27
101.28
101.28
101.27
101.27
101.27
101.24
101.24
101.25
101.25
101.25
101.25
101.25
101.24
101.24
101.25
101.24
101.25
101.25
101.24
101.24
101.24
101.24
101.24
101.24
101.25
101.25
101.25
101.27
101.27
101.27
101.27
101.27
101.27
101.27
101.27
101.25
101.24
101.23
101.23
101.22
101.22
101.22
101.22
101.21
101.21
101.22
101.21
101.21
101.19
101.19
101.19
101.19
101.18
101.18
101.17
101.16
101.16
101.16
101.16
101.16
101.16
101.13
101.13
101.12
101.12
101.12
101.09
101.09
101.09
101.08
101.07
101.06
101.06
101.06
101.05
101.05
101.03
101.03
101.03
101.03
101.03
101.03
101.03
101.03
101.03
101.03
101.03
101.03
101.03
101.02
101.02
101.02
101.02
101.01
101.01
101.01
101.01
101.01
101.01
101.01
101.01
101.01
101.01
101
101.01
101.01
101.01
101.01
101.02
101.02
101.01
101
100.98
100.98
100.98
100.98
100.98
100.98
100.98
101
101
101.01
101.01
101.02
101.02
101.03
101.03
101.03
101.03
101.03
101.03
101.03
101.03
101.03
101.03
101.03
101.03
101.03
101.03
101.03
101.03
101.03
101.03
101.03
101.03
101.03
101.03
101.03
101.05
101.05
101.06
101.05
101.05
101.03
101.03
101.03
101.05
101.05
101.06
101.06
101.06
101.06
101.06
101.06
101.07
101.07
101.07
101.07
101.06
101.06
101.06
101.06
101.06
101.06
101.05
101.03
101.03
101.03
101.03
101.03
101.03
101.03
101.03
101.03
101.03
101.03
101.05
101.05
101.05
101.05
101.03
101.03
101.03
101.03
101.03
101.03
101.05
101.03
101.03
101.03
101.03
101.03
101.03
101.03
101.03
101.02
101.01
101.01
101
100.98
100.98
100.98
100.98
100.97
100.96
100.95
100.95
100.93
100.92
100.92
100.92
100.92
100.92
100.92
100.93
100.92
100.92
100.92
100.93
100.93
100.95
100.95
100.95
100.95
100.95
100.95
100.95
100.95
100.95
100.95
100.93
100.92
100.92
100.91
100.9
100.9
100.9
100.9
100.9
100.9
100.9
100.92
100.91
100.92
100.91
100.91
100.91
100.91
100.91
100.92
100.91
100.91
100.9
100.9
100.89
100.87
100.87
100.86
100.85
100.84
100.84
100.84
100.84
100.84
100.84
100.84
100.84
100.84
100.84
100.84
100.82
100.82
100.82
100.82
100.84
100.84
100.84
100.85
100.85
100.86
100.86
100.84
100.84
100.84
100.84
100.84
100.84
100.84
100.84
100.84
100.84
100.84
100.85
100.86
100.86
100.86
100.86
100.86
100.86
100.87
100.87
100.87
100.89
100.89
100.89
100.89
100.9
100.9
100.9
100.9
100.89
100.89
100.89
100.89
100.89
100.9
100.89
100.89
100.89
100.89
100.9
100.9
100.91
100.93
100.95
100.95
100.96
100.95
100.95
100.95
100.96
100.96
100.96
100.97
100.97
100.98
100.98
101
101.01
101.02
101.02
101.02
101.03
101.03
101.03
101.03
101.03
101.03
101.05
101.06
101.07
101.07
101.08
101.09
101.09
101.11
101.11
101.11
101.11
101.12
101.12
101.12
101.13
101.13
101.14
101.14
101.16
101.16
101.14
101.16
101.16
101.17
101.17
101.17
101.17
101.17
101.18
101.18
101.19
101.19
101.21
101.21
101.22
101.22
101.22
101.23
101.23
101.24
101.24
101.24
101.25
101.25
101.25
101.25
101.24
101.25
101.27
101.27
101.27
101.28
101.29
101.29
101.3
101.3
101.3
101.3
101.29
101.3
101.3
101.3
101.3
101.3
101.3
101.32
101.32
101.33
101.33
101.34
101.35
101.37
101.37
101.38
101.38
101.38
101.39
101.38
101.39
101.39
101.4
101.41
101.41
101.43
101.43
101.43
101.44
101.44
101.44
101.44
101.44
101.44
101.44
101.44
101.45
101.45
101.46
101.46
101.46
101.46
101.46
101.48
101.48
101.48
101.48
101.49
101.49
101.5
101.51
101.51
101.53
101.53
101.54
101.53
101.53
101.51
101.5
101.5
101.5
101.5
101.5
101.5
101.5
101.51
101.51
101.53
101.54
101.55
101.56
101.57
101.59
101.59
101.6
101.61
101.61
101.6
101.61
101.61
101.61
101.61
101.61
101.6
101.59
101.59
101.59
101.57
101.57
101.57
101.57
101.57
101.59
101.59
101.57
101.59
101.59
101.57
101.59
101.59
101.59
101.57
101.57
101.56
101.57
101.57
101.56
101.57
101.57
101.57
101.57
101.57
101.57
101.57
101.57
101.59
101.57
101.59
101.59
101.59
101.6
101.6
101.61
101.61
101.61
101.61
101.61
101.61
101.62
101.62
101.62
101.62
101.62
101.62
101.62
101.61
101.61
101.61
101.62
101.64
101.64
101.65
101.65
101.65
101.64
101.65
101.65
101.65
101.65
101.65
101.65
101.65
101.65
101.65
101.65
101.65
101.64
101.64
101.65
101.65
101.65
101.65
101.65
101.66
101.65
101.65
101.64
101.64
101.62
101.61
101.61
101.59
101.59
101.59
101.59
101.59
101.59
101.6
101.6
101.61
101.61
101.61
101.61
101.61
101.61
101.61
101.6
101.59
101.59
101.59
101.59
101.59
101.6
101.6
101.6
101.6
101.6
101.6
101.61
101.61
101.61
101.61
101.59
101.57
101.57
101.57
101.57
101.57
101.57
101.57
101.57
101.57
101.57
101.57
101.57
101.57
101.57
101.57
101.57
101.57
101.56
101.56
101.56
101.56
101.56
101.56
101.56
101.56
101.55
101.55
101.56
101.57
101.56
101.56
101.56
101.56
101.56
101.56
101.56
101.56
101.56
101.56
101.56
101.56
101.56
101.56
101.56
101.56
101.57
101.57
101.57
101.57
101.56
101.56
101.55
101.55
101.55
101.54
101.54
101.54
101.55
101.55
101.55
101.56
101.55
101.56
101.56
101.56
101.56
101.56
101.56
101.56
101.56
101.56
101.56
101.56
101.55
101.55
101.55
101.55
101.56
101.56
101.55
101.56
101.57
101.57
101.57
101.57
101.59
101.57
101.59
101.59
101.59
101.59
101.57
101.59
101.59
101.59
101.59
101.59
101.59
101.6
101.6
101.61
101.61
101.62
101.62
101.62
101.62
101.62
101.61
101.61
101.6
101.59
101.57
101.57
101.57
101.57
101.57
101.57
101.57
101.59
101.59
101.59
101.57
101.59
101.57
101.56
101.56
101.56
101.56
101.55
101.54
101.53
101.51
101.51
101.51
101.51
101.51
101.51
101.5
101.5
101.5
101.49
101.49
101.48
101.48
101.46
101.46
101.46
101.46
101.46
101.46
101.46
101.46
101.46
101.45
101.45
101.44
101.45
101.46
101.46
101.48
101.48
101.49
101.49
101.49
101.49
101.49
101.49
101.49
101.49
101.5
101.5
101.5
101.51
101.51
101.51
101.51
101.51
101.51
101.53
101.53
101.53
101.53
101.51
101.51
101.51
101.51
101.51
101.51
101.51
101.51
101.51
101.51
101.51
101.5
101.5
101.5
101.5
101.5
101.5
101.51
101.51
101.51
101.51
101.51
101.51
101.51
101.5
101.5
101.5
101.5
101.5
101.5
101.5
101.5
101.51
101.51
101.53
101.53
101.53
101.54
101.53
101.53
101.53
101.53
101.53
101.53
101.53
101.53
101.51
101.51
101.51
101.51
101.51
101.51
101.53
101.53
101.54
101.53
101.51
101.51
101.51
101.51
101.51
101.5
101.49
101.49
101.49
101.49
101.49
101.5
101.5
101.51
101.53
101.53
101.53
101.54
101.54
101.54
101.54
101.55
101.54
101.53
101.54
101.54
101.54
101.54
101.54
101.53
101.54
101.54
101.53
101.53
101.53
101.53
101.54
101.55
101.55
101.55
101.55
101.56
101.57
101.57
101.59
101.59
101.6
101.6
101.6
101.6
101.59
101.59
101.59
101.59
101.57
101.57
101.57
101.57
101.56
101.56
101.56
101.56
101.57
101.57
101.56
101.56
101.55
101.55
101.55
101.54
101.53
101.54
101.53
101.51
101.51
101.51
101.51
101.51
101.51
101.51
101.51
101.51
101.51
101.51
101.51
101.5
101.5
101.49
101.49
101.48
101.48
101.48
101.48
101.46
101.46
101.46
101.46
101.46
101.45
101.46
101.46
101.46
101.46
101.46
101.46
101.46
101.46
101.46
101.46
101.45
101.44
101.44
101.44
101.44
101.44
101.44
101.44
101.44
101.45
101.44
101.44
101.44
101.43
101.41
101.41
101.4
101.39
101.38
101.38
101.38
101.38
101.38
101.37
101.38
101.37
101.37
101.37
101.37
101.37
101.37
101.37
101.37
101.35
101.35
101.34
101.34
101.34
101.34
101.34
101.35
101.35
101.37
101.35
101.35
101.34
101.34
101.34
101.34
101.34
101.33
101.34
101.33
101.33
101.33
101.33
101.33
101.33
101.32
101.32
101.3
101.3
101.3
101.3
101.29
101.28
101.28
101.28
101.28
101.29
101.28
101.28
101.28
101.28
101.28
101.29
101.29
101.29
101.29
101.29
101.29
101.29
101.29
101.29
101.29
101.29
101.29
101.29
101.29
101.29
101.29
101.29
101.29
101.28
101.28
101.28
101.28
101.28
101.28
101.27
101.25
101.24
101.24
101.23
101.23
101.22
101.22
101.21
101.19
101.19
101.19
101.18
101.17
101.17
101.16
101.16
101.13
101.13
101.13
101.13
101.13
101.12
101.12
101.12
101.12
101.13
101.12
101.12
101.11
101.11
101.09
101.09
101.08
101.08
101.07
101.07
101.07
101.07
101.07
101.07
101.06
101.06
101.06
101.07
101.07
101.07
101.07
101.08
101.07
101.08
101.07
101.07
101.07
101.06
101.06
101.06
101.07
101.07
101.07
101.07
101.07
101.07
101.07
101.06
101.06
101.05
101.05
101.05
101.03
101.03
101.02
101.01
101
100.98
100.98
100.98
100.98
100.98
100.98
100.98
100.98
100.98
100.98
100.98
100.98
100.98
100.98
100.98
100.98
100.98
100.98
100.98
100.97
100.98
100.98
100.98
100.98
100.97
100.97
100.96
100.96
100.97
100.97
100.97
100.97
100.96
100.96
100.95
100.95
100.95
100.96
100.96
100.96
100.96
100.96
100.96
100.95
100.95
100.95
100.93
100.93
100.93
100.93
100.93
100.92
100.92
100.92
100.91
100.91
100.91
100.91
100.91
100.91
100.91
100.92
100.92
100.93
100.93
100.93
100.93
100.93
100.93
100.95
100.95
100.95
100.96
100.96
100.96
100.96
100.96
100.95
100.95
100.95
100.95
100.95
100.95
100.95
100.95
100.95
100.95
100.95
100.95
100.95
100.95
100.93
100.93
100.93
100.93
100.93
100.93
100.93
100.93
100.93
100.93
100.93
100.93
100.93
100.92
100.92
100.93
100.93
100.93
100.93
100.93
100.93
100.93
100.95
100.95
100.95
100.95
100.96
100.97
100.97
100.98
101
101
101.01
101.01
101.01
101.01
101.01
101.01
101.01
101.01
101.01
101
101
101
101.01
101.01
101.02
101.02
101.03
101.05
101.05
101.06
101.06
101.05
101.06
101.06
101.06
101.06
101.06
101.06
101.06
101.06
101.07
101.07
101.07
101.07
101.07
101.08
101.08
101.09
101.09
101.09
101.09
101.09
101.08
101.07
101.07
101.07
101.07
101.06
101.06
101.06
101.06
101.06
101.06
101.06
101.06
101.07
101.07
101.07
101.07
101.07
101.07
101.08
101.08
101.07
101.07
101.07
101.07
101.07
101.07
101.07
101.07
101.07
101.07
101.07
101.06
101.06
101.06
101.06
101.06
101.06
101.05
101.06
101.06
101.06
101.06
101.06
101.06
101.06
101.06
101.06
101.06
101.06
101.07
101.07
101.06
101.06
101.06
101.07
101.07
101.07
101.07
101.07
101.08
101.08
101.09
101.09
101.08
101.08
101.07
101.07
101.07
101.07
101.07
101.08
101.09
101.09
101.11
101.12
101.12
101.12
101.12
101.12
101.12
101.12
101.12
101.12
101.12
101.12
101.12
101.12
101.12
101.12
101.12
101.11
101.11
101.09
101.11
101.09
101.09
101.11
101.12
101.12
101.11
101.11
101.11
101.11
101.12
101.12
101.12
101.12
101.12
101.12
101.13
101.13
101.13
101.12
101.12
101.09
101.09
101.08
101.07
101.07
101.07
101.07
101.07
101.07
101.08
101.09
101.09
101.09
101.11
101.11
101.11
101.11
101.11
101.09
101.11
101.11
101.11
101.11
101.11
101.11
101.11
101.11
101.11
101.11
101.12
101.12
101.12
101.12
101.12
101.12
101.12
101.12
101.11
101.11
101.09
101.09
101.09
101.09
101.11
101.12
101.12
101.12
101.12
101.12
101.12
101.11
101.11
101.09
101.09
101.11
101.12
101.12
101.12
101.11
101.11
101.09
101.11
101.09
101.09
101.09
101.11
101.11
101.12
101.11
101.11
101.11
101.11
101.09
101.09
101.11
101.11
101.11
101.09
101.09
101.09
101.09
101.11
101.11
101.12
101.12
101.13
101.12
101.12
101.11
101.11
101.11
101.11
101.09
101.09
101.11
101.11
101.11
101.11
101.09
101.11
101.11
101.11
101.09
101.11
101.09
101.09
101.08
101.08
101.08
101.08
101.08
101.07
101.07
101.07
101.06
101.06
101.06
101.06
101.05
101.05
101.05
101.05
101.03
101.03
101.03
101.03
101.02
101.03
101.03
101.03
101.03
101.03
101.03
101.03
101.03
101.03
101.03
101.03
101.02
101.02
101.01
101.02
101.02
101.01
101.01
101.02
101.02
101.02
101.01
101.01
101.01
101.01
101.01
101
100.98
100.98
100.98
100.98
100.98
100.98
101
101.01
101.01
101
101
101
100.98
100.98
100.98
100.98
100.98
100.97
100.97
100.97
100.95
100.96
100.95
100.93
100.95
100.95
100.95
100.95
100.95
100.95
100.96
100.96
100.96
100.97
100.97
100.97
100.98
100.98
100.98
100.98
100.98
100.98
100.98
100.98
100.98
100.98
100.98
100.98
101
100.98
100.98
100.98
100.98
100.97
100.97
100.97
100.97
100.96
100.96
100.96
100.96
100.97
100.97
100.98
100.98
100.98
100.97
100.96
100.96
100.95
100.95
100.95
100.95
100.96
100.96
100.96
100.96
100.95
100.95
100.95
100.96
100.97
100.97
100.96
100.95
100.93
100.92
100.92
100.91
100.92
100.92
100.92
100.92
100.93
100.92
100.91
100.9
100.9
100.9
100.9
100.9
100.9
100.9
100.89
100.89
100.89
100.89
100.89
100.89
100.87
100.87
100.87
100.86
100.86
100.87
100.87
100.89
100.87
100.87
100.87
100.87
100.87
100.87
100.86
100.86
100.86
100.86
100.87
100.87
100.89
100.89
100.89
100.9
100.9
100.9
100.9
100.91
100.91
100.91
100.91
100.91
100.92
100.92
100.91
100.91
100.91
100.91
100.92
100.91
100.91
100.91
100.91
100.92
100.92
100.92
100.92
100.92
100.92
100.91
100.9
100.9
100.89
100.9
100.9
100.9
100.91
100.92
100.92
100.93
100.95
100.95
100.95
100.95
100.95
100.93
100.93
100.93
100.92
100.92
100.91
100.9
100.9
100.9
100.9
100.9
100.91
100.91
100.91
100.91
100.91
100.9
100.9
100.89
100.89
100.89
100.89
100.89
100.89
100.9
100.91
100.91
100.92
100.92
100.92
100.93
100.93
100.93
100.92
100.92
100.91
100.91
100.92
100.92
100.92
100.92
100.92
100.93
100.93
100.93
100.95
100.95
100.95
100.96
100.96
100.96
100.96
100.96
100.97
100.97
100.98
100.98
100.98
100.98
100.98
100.97
100.96
100.96
100.96
100.96
100.96
100.96
100.96
100.95
100.95
100.93
100.93
100.92
100.92
100.91
100.9
100.9
100.89
100.89
100.89
100.89
100.89
100.89
100.89
100.89
100.87
100.87
100.87
100.86
100.86
100.86
100.84
100.84
100.84
100.82
100.82
100.81
100.81
100.8
100.8
100.8
100.8
100.79
100.79
100.79
100.77
100.77
100.75
100.75
100.75
100.75
100.75
100.75
100.75
100.75
100.75
100.75
100.75
100.73
100.73
100.73
100.73
100.73
100.71
100.7
100.7
100.69
100.69
100.68
100.68
100.66
100.66
100.65
100.65
100.64
100.63
100.63
100.6
100.6
100.59
100.58
100.58
100.58
100.58
100.58
100.58
100.58
100.58
100.59
100.6
100.59
100.59
100.59
100.59
100.58
100.58
100.58
100.58
100.57
100.57
100.57
100.57
100.58
100.58
100.58
100.58
100.58
100.58
100.58
100.57
100.55
100.55
100.55
100.55
100.54
100.54
100.54
100.53
100.53
100.53
100.52
100.52
100.52
100.52
100.52
100.52
100.53
100.53
100.54
100.55
100.55
100.55
100.55
100.55
100.55
100.54
100.55
100.55
100.54
100.54
100.54
100.53
100.54
100.53
100.53
100.53
100.53
100.53
100.53
100.53
100.53
100.53
100.53
100.53
100.53
100.53
100.53
100.54
100.54
100.54
100.55
100.55
100.55
100.57
100.58
100.58
100.58
100.57
100.55
100.55
100.55
100.55
100.55
100.55
100.55
100.55
100.55
100.55
100.54
100.54
100.53
100.53
100.53
100.53
100.53
100.52
100.52
100.5
100.49
100.48
100.47
100.47
100.47
100.47
100.45
100.44
100.45
100.45
100.47
100.47
100.47
100.47
100.47
100.47
100.47
100.47
100.47
100.47
100.47
100.45
100.44
100.44
100.43
100.42
100.41
100.41
100.41
100.38
100.39
100.39
100.39
100.39
100.39
100.38
100.39
100.39
100.39
100.39
100.38
100.38
100.37
100.37
100.37
100.37
100.37
100.37
100.36
100.36
100.36
100.36
100.34
100.34
100.34
100.34
100.34
100.36
100.36
100.37
100.36
100.36
100.36
100.37
100.37
100.37
100.36
100.36
100.34
100.34
100.34
100.34
100.34
100.33
100.33
100.33
100.33
100.33
100.33
100.33
100.33
100.32
100.32
100.32
100.32
100.32
100.32
100.32
100.32
100.31
100.31
100.31
100.31
100.31
100.32
100.32
100.32
100.32
100.33
100.32
100.32
100.31
100.31
100.29
100.29
100.29
100.29
100.29
100.29
100.29
100.29
100.29
100.29
100.29
100.29
100.31
100.32
100.33
100.33
100.33
100.33
100.32
100.32
100.32
100.32
100.33
100.33
100.34
100.36
100.34
100.34
100.34
100.33
100.33
100.33
100.33
100.33
100.33
100.33
100.34
100.34
100.34
100.34
100.34
100.33
100.33
100.33
100.33
100.33
100.33
100.32
100.32
100.31
100.29
100.29
100.28
100.27
100.27
100.26
100.25
100.25
100.25
100.25
100.25
100.25
100.25
100.25
100.25
100.25
100.25
100.25
100.25
100.23
100.23
100.22
100.21
100.2
100.18
100.18
100.18
100.17
100.17
100.17
100.16
100.16
100.17
100.17
100.17
100.18
100.18
100.17
100.17
100.16
100.15
100.13
100.12
100.12
100.12
100.12
100.12
100.12
100.12
100.12
100.11
100.11
100.11
100.12
100.12
100.11
100.1
100.1
100.1
100.09
100.09
100.07
100.07
100.07
100.07
100.06
100.06
100.06
100.06
100.05
100.05
100.04
100.04
100.04
100.05
100.04
100.04
100.04
100.04
100.04
100.04
100.04
100.02
100.02
100.01
100
99.99
99.97
99.96
99.94
99.93
99.91
99.9
99.89
99.89
99.89
99.88
99.88
99.88
99.88
99.86
99.88
99.88
99.86
99.88
99.88
99.86
99.88
99.86
99.86
99.85
99.84
99.84
99.84
99.84
99.84
99.84
99.83
99.83
99.83
99.81
99.81
99.81
99.8
99.8
99.8
99.79
99.8
99.8
99.79
99.79
99.79
99.79
99.79
99.79
99.79
99.79
99.79
99.78
99.77
99.75
99.75
99.74
99.74
99.74
99.74
99.74
99.73
99.73
99.72
99.69
99.69
99.68
99.67
99.65
99.65
99.64
99.64
99.64
99.64
99.64
99.64
99.63
99.63
99.62
99.63
99.63
99.63
99.64
99.64
99.65
99.64
99.63
99.62
99.61
99.59
99.58
99.56
99.56
99.54
99.52
99.51
99.51
99.51
99.49
99.49
99.48
99.47
99.46
99.46
99.46
99.46
99.45
99.45
99.43
99.41
99.4
99.4
99.37
99.37
99.35
99.33
99.32
99.31
99.3
99.3
99.29
99.27
99.27
99.26
99.26
99.26
99.26
99.25
99.24
99.24
99.22
99.21
99.2
99.19
99.17
99.16
99.15
99.15
99.14
99.13
99.13
99.11
99.11
99.11
99.1
99.11
99.11
99.1
99.1
99.09
99.08
99.06
99.06
99.05
99.04
99.03
99.03
99.01
99.01
99.01
99.01
99.01
99.01
99.01
99
98.99
98.99
98.98
98.98
98.98
98.96
98.95
98.95
98.95
98.95
98.94
98.94
98.93
98.92
98.9
98.89
98.88
98.87
98.87
98.85
98.84
98.84
98.83
98.83
98.83
98.84
98.85
98.85
98.85
98.87
98.87
98.87
98.87
98.87
98.87
98.87
98.87
98.87
98.87
98.87
98.87
98.87
98.84
98.84
98.83
98.84
98.85
98.85
98.85
98.87
98.85
98.84
98.83
98.83
98.83
98.82
98.8
98.8
98.78
98.77
98.77
98.77
98.77
98.77
98.76
98.76
98.76
98.74
98.74
98.74
98.74
98.74
98.74
98.74
98.74
98.74
98.74
98.74
98.74
98.76
98.77
98.77
98.77
98.77
98.77
98.77
98.77
98.77
98.77
98.78
98.78
98.79
98.8
98.8
98.79
98.78
98.77
98.77
98.76
98.76
98.76
98.74
98.74
98.74
98.74
98.76
98.76
98.76
98.76
98.76
98.74
98.74
98.74
98.74
98.74
98.74
98.74
98.74
98.74
98.74
98.73
98.73
98.73
98.73
98.73
98.73
98.74
98.74
98.74
98.74
98.74
98.74
98.74
98.74
98.73
98.73
98.73
98.73
98.73
98.73
98.73
98.73
98.73
98.73
98.73
98.73
98.73
98.74
98.76
98.76
98.77
98.77
98.76
98.76
98.74
98.73
98.73
98.73
98.73
98.73
98.73
98.73
98.73
98.73
98.73
98.73
98.73
98.73
98.73
98.74
98.74
98.74
98.73
98.73
98.73
98.72
98.72
98.72
98.72
98.73
98.72
98.73
98.72
98.72
98.72
98.72
98.72
98.71
98.71
98.72
98.72
98.72
98.71
98.71
98.71
98.71
98.69
98.69
98.69
98.69
98.69
98.69
98.67
98.67
98.68
98.69
98.69
98.69
98.69
98.69
98.69
98.69
98.69
98.68
98.68
98.69
98.69
98.71
98.72
98.73
98.73
98.73
98.73
98.74
98.74
98.76
98.76
98.77
98.77
98.77
98.77
98.77
98.78
98.78
98.78
98.78
98.78
98.78
98.77
98.77
98.77
98.77
98.78
98.78
98.79
98.79
98.8
98.8
98.83
98.83
98.83
98.83
98.83
98.83
98.83
98.83
98.83
98.84
98.83
98.83
98.83
98.82
98.83
98.83
98.83
98.83
98.83
98.83
98.82
98.82
98.8
98.8
98.8
98.8
98.8
98.8
98.8
98.8
98.8
98.8
98.79
98.79
98.79
98.79
98.79
98.79
98.79
98.8
98.8
98.8
98.79
98.79
98.79
98.8
98.8
98.8
98.82
98.82
98.8
98.8
98.8
98.79
98.77
98.77
98.77
98.76
98.74
98.74
98.73
98.73
98.73
98.73
98.73
98.73
98.73
98.73
98.73
98.73
98.73
98.73
98.74
98.74
98.74
98.76
98.76
98.76
98.76
98.76
98.76
98.76
98.76
98.76
98.76
98.77
98.77
98.76
98.76
98.74
98.74
98.74
98.74
98.74
98.74
98.76
98.76
98.76
98.76
98.74
98.74
98.76
98.77
98.77
98.76
98.76
98.76
98.74
98.73
98.73
98.73
98.73
98.73
98.73
98.73
98.73
98.73
98.74
98.74
98.76
98.76
98.76
98.74
98.73
98.72
98.72
98.71
98.71
98.71
98.71
98.69
98.69
98.69
98.69
98.71
98.71
98.72
98.73
98.73
98.73
98.74
98.74
98.74
98.76
98.76
98.74
98.74
98.74
98.74
98.74
98.74
98.76
98.76
98.74
98.74
98.73
98.73
98.73
98.73
98.74
98.74
98.74
98.74
98.74
98.74
98.76
98.76
98.74
98.74
98.74
98.74
98.74
98.74
98.74
98.73
98.73
98.72
98.72
98.71
98.69
98.69
98.68
98.67
98.67
98.67
98.66
98.66
98.66
98.66
98.67
98.67
98.67
98.68
98.67
98.67
98.67
98.67
98.67
98.67
98.66
98.66
98.66
98.66
98.64
98.64
98.63
98.61
98.61
98.58
98.58
98.57
98.56
98.56
98.55
98.55
98.55
98.55
98.53
98.53
98.53
98.52
98.51
98.51
98.51
98.51
98.51
98.51
98.5
98.51
98.51
98.51
98.5
98.51
98.51
98.51
98.51
98.51
98.52
98.52
98.53
98.52
98.52
98.52
98.55
98.55
98.55
98.55
98.55
98.56
98.55
98.55
98.55
98.55
98.55
98.55
98.56
98.56
98.57
98.58
98.6
98.61
98.61
98.62
98.62
98.62
98.62
98.62
98.62
98.61
98.61
98.62
98.62
98.63
98.63
98.63
98.63
98.62
98.62
98.62
98.63
98.63
98.63
98.63
98.63
98.64
98.66
98.66
98.67
98.67
98.68
98.69
98.71
98.72
98.72
98.73
98.74
98.74
98.77
98.78
98.78
98.79
98.79
98.8
98.8
98.82
98.83
98.84
98.85
98.87
98.88
98.88
98.88
98.88
98.88
98.88
98.87
98.87
98.87
98.87
98.88
98.88
98.88
98.89
98.89
98.89
98.88
98.89
98.89
98.9
98.92
98.93
98.93
98.93
98.93
98.94
98.94
98.94
98.95
98.95
98.96
98.96
98.98
98.98
98.98
98.99
99
99
99.01
99.01
99.01
99.03
99.03
99.03
99.04
99.04
99.05
99.06
99.08
99.09
99.09
99.09
99.08
99.08
99.08
99.08
99.08
99.08
99.08
99.09
99.09
99.08
99.08
99.08
99.08
99.09
99.09
99.09
99.09
99.1
99.1
99.1
99.1
99.1
99.1
99.1
99.11
99.11
99.1
99.11
99.11
99.11
99.13
99.13
99.13
99.11
99.1
99.09
99.09
99.08
99.08
99.08
99.08
99.09
99.09
99.09
99.09
99.1
99.1
99.11
99.13
99.13
99.13
99.13
99.13
99.14
99.15
99.15
99.16
99.17
99.17
99.19
99.19
99.2
99.21
99.22
99.24
99.25
99.25
99.26
99.26
99.26
99.26
99.26
99.26
99.25
99.25
99.25
99.24
99.24
99.25
99.26
99.26
99.26
99.26
99.27
99.29
99.3
99.3
99.31
99.32
99.33
99.35
99.36
99.36
99.36
99.36
99.37
99.37
99.37
99.37
99.38
99.38
99.38
99.4
99.4
99.41
99.41
99.42
99.43
99.43
99.45
99.45
99.45
99.47
99.47
99.48
99.48
99.48
99.49
99.49
99.49
99.51
99.52
99.52
99.53
99.53
99.54
99.54
99.56
99.56
99.57
99.58
99.58
99.59
99.59
99.59
99.61
99.61
99.62
99.63
99.64
99.65
99.67
99.67
99.68
99.68
99.68
99.68
99.68
99.68
99.68
99.68
99.68
99.68
99.68
99.68
99.68
99.67
99.67
99.67
99.67
99.67
99.67
99.68
99.68
99.68
99.69
99.69
99.7
99.72
99.72
99.73
99.73
99.73
99.73
99.73
99.74
99.74
99.74
99.75
99.75
99.75
99.75
99.77
99.77
99.77
99.77
99.75
99.74
99.74
99.74
99.74
99.74
99.75
99.75
99.75
99.75
99.75
99.77
99.78
99.78
99.78
99.78
99.78
99.78
99.78
99.79
99.79
99.8
99.8
99.81
99.81
99.83
99.84
99.84
99.83
99.81
99.81
99.83
99.84
99.84
99.84
99.84
99.84
99.83
99.81
99.81
99.8
99.8
99.8
99.8
99.81
99.81
99.83
99.84
99.83
99.84
99.84
99.84
99.84
99.85
99.85
99.85
99.84
99.81
99.8
99.78
99.77
99.75
99.74
99.73
99.73
99.7
99.69
99.69
99.68
99.68
99.68
99.68
99.68
99.67
99.67
99.67
99.67
99.65
99.65
99.67
99.65
99.67
99.67
99.65
99.64
99.63
99.63
99.63
99.62
99.63
99.63
99.64
99.64
99.65
99.65
99.65
99.65
99.67
99.67
99.68
99.69
99.69
99.7
99.72
99.73
99.73
99.73
99.73
99.73
99.74
99.74
99.77
99.77
99.78
99.78
99.78
99.78
99.78
99.78
99.78
99.79
99.78
99.79
99.79
99.79
99.79
99.79
99.79
99.8
99.8
99.81
99.81
99.83
99.83
99.84
99.83
99.83
99.81
99.81
99.81
99.83
99.83
99.83
99.84
99.84
99.84
99.81
99.83
99.84
99.85
99.86
99.88
99.88
99.86
99.86
99.85
99.85
99.85
99.85
99.86
99.86
99.88
99.88
99.88
99.89
99.89
99.9
99.9
99.9
99.9
99.9
99.9
99.9
99.89
99.9
99.9
99.9
99.9
99.91
99.91
99.91
99.91
99.91
99.91
99.93
99.93
99.94
99.94
99.94
99.94
99.94
99.95
99.95
99.95
99.95
99.95
99.95
99.97
99.97
99.99
99.99
99.99
99.99
99.99
99.99
99.99
100
100
100.01
100.02
100.04
100.05
100.05
100.06
100.06
100.06
100.06
100.07
100.07
100.09
100.09
100.09
100.1
100.11
100.11
100.12
100.12
100.12
100.12
100.12
100.12
100.13
100.13
100.13
100.15
100.15
100.17
100.17
100.18
100.18
100.2
100.2
100.21
100.21
100.21
100.21
100.21
100.22
100.23
100.23
100.25
100.25
100.26
100.26
100.27
100.27
100.27
100.27
100.28
100.28
100.29
100.29
100.29
100.29
100.31
100.31
100.32
100.32
100.33
100.33
100.33
100.33
100.34
100.36
100.36
100.36
100.38
100.38
100.38
100.39
100.41
100.42
100.42
100.42
100.43
100.43
100.43
100.43
100.43
100.44
100.44
100.45
100.45
100.44
100.44
100.44
100.44
100.45
100.45
100.45
100.45
100.47
100.47
100.47
100.47
100.47
100.47
100.44
100.44
100.44
100.43
100.43
100.43
100.43
100.44
100.44
100.44
100.44
100.44
100.44
100.44
100.44
100.44
100.44
100.44
100.43
100.43
100.42
100.41
100.41
100.41
100.41
100.41
100.41
100.41
100.39
100.38
100.38
100.38
100.37
100.36
100.36
100.36
100.34
100.34
100.34
100.34
100.33
100.33
100.33
100.33
100.33
100.33
100.33
100.33
100.32
100.32
100.31
100.31
100.31
100.29
100.29
100.29
100.29
100.31
100.31
100.32
100.33
100.34
100.34
100.36
100.36
100.36
100.37
100.37
100.37
