1.7
3.22
4.18
4.1
3.69
4.14
4.58
3.71
1.89
0.7
1.02
1.96
1.68
0.64
0.4
0.94
1.3
0.67
-0.3
-0.54
-0.54
-0.08
-0.08
-0.65
-1.37
-1.81
-2.07
-2.1
-1.79
-1.73
-2.02
-2.32
-1.83
-1.64
-2.62
-3.37
-3.01
-2.7
-3.32
-4.35
-4.35
-3.52
-3.31
-3.46
-3.22
-2.62
-2.26
-2.57
-3.11
-3.21
-2.92
-2.82
-2.73
-2.6
-2.46
-2
-1.5
-1.24
-1.07
-0.95
-0.9
-0.98
-1.29
-1.34
-0.65
-0.12
-0.53
-1.39
-1.6
-1.41
-1.55
-1.84
-1.84
-0.67
0.05
0.39
0.25
-0.15
-0.39
-0.52
-0.48
-0.31
-0.72
-1.14
-0.7
0.13
-0.06
-1.18
-1.18
-1.84
-2.16
-2.74
-3.13
-3.29
-3.26
-3.21
-3.02
-2.93
-3.03
-3.33
-3.72
-3.81
-3.43
-3.22
-3.42
-3.83
-3.99
-3.9
-3.9
-3.62
-3.51
-3.55
-3.33
-2.69
-2
-1.83
-2.46
-2.48
-1.7
-1.49
-2.46
-3.38
-3.38
-2.94
-2.94
-3.99
-4.04
-4.26
-4.63
-4.88
-4.86
-4.69
-4.86
-5.41
-5.98
-5.97
-5.26
-4.4
-3.49
-2.82
-2.72
-2.84
-2.86
-2.4
-1.61
-1.01
-0.92
-1.43
-1.66
-1.55
-1.4
-1.63
-1.96
-2.06
-1.99
-1.9
-1.83
-1.5
-1.5
-1.15
-1.06
-1.04
-1.43
-2.14
-2.34
-2.29
-2.7
-3.83
-4.7
-4.4
-3.64
-3.71
-4.35
-4.46
-3.7
-2.82
-2.34
-2
-1.53
-1.2
-1.49
-1.73
-1.38
-1.02
-0.97
-0.94
-0.77
-0.72
-1.01
-1.17
-0.99
-0.66
-0.66
-0.96
-0.96
-0.22
0.21
-0.02
-0.57
-0.89
-0.6
-0.74
-1.32
-1.65
-1.36
-1.23
-1.73
-2.78
-3.78
-4.48
-4.91
-5.02
-4.73
-4.19
-4
-4.5
-5.29
-5.98
-6.26
-6.3
-6.66
-7
-6.6
-6.08
-5.87
-5.66
-5.08
-5.08
-4.04
-3.86
-3.59
-3.48
-3.71
-4
-4.03
-4.08
-4.76
-5.53
-5.7
-5.68
-6.16
-7.35
-8.41
-8.55
-8.55
-7.99
-7.71
-7.88
-7.56
-7.2
-7.17
-6.88
-6.18
-5.64
-5.62
-5.48
-5.11
-4.83
-4.75
-4.79
-4.79
-4.92
-5.01
-5.06
-5.13
-5
-5.02
-5.33
-5.56
-5.7
-5.93
-6.26
-6.37
-6.14
-5.78
-5.55
-5.28
-5.28
-4.83
-4.21
-3.3
-3.34
-3.49
-3.81
-4.38
-4.75
-4.41
-3.81
-4
-5.13
-5.43
-4.29
-3.57
-4.6
-5.65
-5.15
-4.16
-4.73
-6.45
-7.2
-6.76
-6.37
-6.67
-6.84
-6.24
-5.37
-5.02
-5.01
-4.54
-3.91
-4.1
-4.96
-5.44
-5.44
-4.86
-4.58
-5.48
-6.12
-6.29
-6.51
-7.1
-7.37
-6.87
-6.11
-5.99
-6.72
-7
-6.15
-5.85
-6.45
-6.45
-6.08
-5.22
-5.03
-5.29
-4.87
-3.88
-3.78
-4.24
-4.31
-3.75
-3.3
-3.32
-3.71
-3.68
-3.28
-3.34
-3.34
-5.27
-5.89
-5.82
-5.54
-5.97
-6.9
-7.65
-7.71
-7.64
-7.73
-7.82
-7.62
-7.4
-7.58
-8.36
-8.74
-8.04
-8.04
-6.42
-6.67
-6.58
-5.85
-5.38
-5.74
-6.29
-6.21
-5.86
-5.75
-5.73
-5.37
-4.73
-4.31
-4.63
-4.96
-4.22
-2.99
-2.35
-2.38
-2.4
-1.97
-1.55
-1.76
-2.69
-3.69
-3.84
-3.48
-3.84
-4.93
-5.19
-4.23
-3.7
-3.7
-4.28
-3.53
-2.72
-2.83
-2.72
-2.17
-1.73
-1.47
-1.14
-0.87
-0.99
-1.11
-0.65
0.01
0.33
0.06
0.06
-1.06
-0.91
-0.62
-0.26
-0.09
-0.14
-0.63
-0.86
-0.68
-0.48
-0.66
-1.26
-1.58
-1.56
-1.74
-1.88
-1.88
-2.27
-2.66
-3.16
-3.71
-4.27
-4.31
-4.13
-3.91
-3.44
-3.04
-3.1
-3.16
-2.76
-2.7
-3.33
-3.68
-3.29
-2.8
-2.41
-1.67
-1.09
-1.65
-2.6
-2.31
-1.1
-0.48
-1
-1.55
-1.36
-0.94
-1.2
-1.2
-2.3
-2.22
-2.88
-3.91
-3.93
-2.89
-2.35
-3.03
-3.43
-2.54
-1.6
-1.85
-2.67
-2.65
-1.72
-0.68
-0.68
0.04
0.27
0.63
1.36
1.94
2.57
3.28
3.7
3.67
3.87
4.59
5.18
5.36
5.14
4.66
4.47
4.47
4.62
4.91
4.91
4.18
4.09
4.05
4.33
4.65
4.62
3.95
3
2.95
3.56
3.37
2.52
2.19
2.96
3.76
3.64
3.64
3.04
3.76
4.04
3.71
3.46
3.54
3.91
4.26
4.2
4.14
4.56
5.47
6.5
6.96
6.56
6.4
7.06
7.7
7.49
7.16
7.56
8.46
8.77
8.56
8.62
9.16
9.55
9.17
8.47
8.16
8.02
7.82
7.59
7.54
7.75
7.8
7.49
7.35
6.96
6.68
6.6
6.47
6.06
5.35
4.52
4.24
4.71
5.2
5.2
5.19
5.19
5.34
6.37
6.83
7.05
7.26
7.46
7.61
7.39
6.75
6.4
6.57
7.03
7
6.53
6.53
7.31
7.51
6.81
6
6.21
7.31
7.6
6.8
5.95
6.27
7.02
7.2
7.24
7.67
8.38
8.85
8.85
8.26
8.06
8.45
8.69
8.35
7.74
7.57
7.85
8.26
8.25
8.23
8.63
9.37
9.79
9.68
9.69
9.87
9.82
9.82
8.93
8.66
8.79
8.65
7.79
7.18
7.79
8.66
8.55
7.57
7.36
8.08
8.16
7.09
6.28
6.32
6.32
5.53
4.18
4.05
4.92
5.29
4.64
4.33
4.96
5.45
5.3
5.04
5.29
5.13
4.02
3.43
4.74
6.43
6.43
5.12
4.18
4.77
5.63
5.58
5.15
5.2
5.51
5.58
5.27
4.98
5.23
5.58
5.4
5.24
5.75
6.52
6.91
6.8
6.96
7.64
7.89
7.53
6.96
6.59
6.61
6.81
6.82
6.89
7.3
7.3
7.56
7.25
7.25
7.74
7.26
6.79
6.98
7.37
7.37
7.24
7.25
7.03
6.56
6.5
6.77
6.98
6.94
6.94
6.95
6.79
5.86
5.24
5.98
7.08
7.11
6.62
6.97
8.26
8.76
8.16
7.8
8.38
9.22
9.33
9.33
8.84
8.83
8.36
7.42
6.32
5.42
4.84
4.34
4.07
4.46
4.7
4.38
3.99
4.26
5.12
6.02
6.48
6.57
6.96
7.6
8.19
8.49
8.74
9.29
10.22
10.68
10.63
10.64
10.83
10.57
9.78
9.6
10.05
10.05
10.15
9.48
9.26
8.64
8.09
7.97
7.92
7.39
6.63
6.33
6.14
5.22
3.89
3.49
4.22
4.77
4.42
4.09
4.32
3.96
3.05
2.84
3.26
3.52
3.13
2.66
2.53
2.52
2.04
1.43
1.82
2.85
3.06
3.06
2.66
3.9
4.67
4.82
5.32
6.33
7.02
6.99
6.43
5.86
5.97
6.47
6.47
6.12
6.54
7.15
6.98
6.98
6.3
6.89
7.49
6.85
5.51
4.66
4.37
4.39
4.74
4.67
4.23
4.18
4.65
4.84
4.55
4.17
4.12
4.36
4.36
4.03
3.94
4.26
4.61
4.57
4.25
4.37
5.29
6.12
6.08
5.45
5.38
5.9
5.87
5.02
4.43
4.43
4.49
3.65
3.12
3.68
4.46
4.44
4.33
4.78
4.97
4.31
3.68
3.59
3.85
3.75
3.31
2.54
2.54
0.93
0.22
-0.4
-0.63
-0.45
-0.87
-1.92
-2.33
-1.49
-0.7
-0.88
-1.15
-0.46
0.41
0.55
0.55
-0.1
0.77
2.17
2.76
2.83
3.55
4.38
4.35
3.61
3.1
3.01
2.77
2.25
1.7
0.97
0.21
0.21
0.18
0.32
-0.07
-0.95
-1.52
-1.65
-2.21
-2.94
-3.24
-3.25
-3.38
-3.68
-3.83
-3.42
-3.33
-3.51
-3.78
-3.9
-3.73
-3.25
-2.76
-2.84
-2.99
-2.75
-2.38
-2.55
-3.5
-4.22
-4.1
-3.72
-4.12
-5.03
-5.36
-5.36
-4.83
-5.15
-5.24
-4.73
-3.78
-3.06
-3.31
-3.84
-3.87
-3.72
-4.02
-4.86
-5.15
-5.06
-5.63
-5.63
-7.24
-6.57
-5.77
-5.92
-6.78
-7.01
-6.88
-6.92
-7.15
-7.79
-8.67
-9.3
-9.47
-9.18
-8.36
-7.62
-7.62
-7.83
-6.91
-5.94
-6.2
-7.36
-7.95
-7.68
-7.8
-8.86
-9.92
-9.68
-8.82
-8.81
-9.7
-10.06
-9.48
-8.77
-8.91
-9.5
-9.72
-9.49
-8.99
-8.78
-8.83
-8.46
-7.27
-6.1
-5.89
-6.36
-6.72
-6.74
-6.86
-7.41
-7.61
-7.61
-6.91
-6.16
-6.96
-7.12
-6.28
-5.66
-5.88
-6.02
-5.7
-5.61
-5.95
-5.92
-5.74
-6.29
-7.3
-7.81
-7.81
-6.95
-6.83
-6.99
-7.17
-6.98
-6.75
-6.71
-6.27
-5.54
-5.7
-6.67
-7.56
-7.82
-7.89
-8.27
-8.07
-7.3
-7.05
-7.46
-7.62
-7.67
-7.6
-7.61
-7.75
-7.96
-8.2
-8.37
-8.11
-7.27
-6.75
-6.86
-7.34
-7.77
-8.12
-8.36
-8.53
-8.31
-7.75
-7.28
-7.1
-6.9
-6.38
-5.78
-5.34
-5.16
-5.19
-5.09
-5.04
-5.3
-5.35
-5.6
-6.06
-6.22
-6.08
-6.14
-6.29
-6.65
-7.17
-7.62
-7.5
-7.46
-8.75
-10.17
-10.79
-10.79
-11.27
-12.4
-13.09
-13.03
-12.86
-13.36
-14.51
-14.91
-14.45
-14.45
-15.14
-15.73
-15.61
-15.16
-15.42
-15.91
-15.67
-15.37
-15.93
-16.56
-16.51
-16.51
-15.46
-15.96
-16.59
-16.38
-15.93
-16.41
-17.08
-17.09
-17.3
-18.58
-19.48
-18.69
-17.27
-17.17
-18.08
-18
-16.4
-15.09
-14.93
-14.89
-14.11
-12.94
-12.3
-12.23
-11.83
-10.62
-9.49
-8.98
-9.08
-9.53
-9.66
-9.44
-9.44
-9.08
-8.71
-8
-6.46
-5.26
-5.07
-5.12
-4.93
-4.7
-4.35
-3.86
-3.79
-3.9
-3.87
-4.01
-4.12
-4.08
-3.87
-3.24
-2.91
-3.3
-3.8
-3.54
-2.96
-3.02
-3.31
-3.23
-3.03
-3.67
-4.4
-4.72
-4.73
-4.73
-4.84
-4.88
-5.16
-5.68
-5.06
-3.6
-2.88
-3.13
-3.24
-2.84
-2.23
-1.64
-1.2
-1.06
-1.38
-1.97
-2.11
-1.76
-1.34
-1.06
-0.89
-0.89
-0.61
-0.11
0.09
-0.12
-0.35
-0.02
0.52
0.69
0.44
0.6
1.35
1.97
1.75
1.75
1.34
1.66
0.94
-0.3
-0.76
-0.31
-0.03
-0.24
-0.44
-0.23
0.21
0.39
0.19
0.38
0.88
0.82
0.04
0.04
1.24
2.23
1.35
-0.14
-0.45
0.06
-0.1
-0.85
-1.28
-1.05
-1.08
-1.56
-1.7
-1.17
-1.17
-0.3
0.22
0.89
1.08
0.89
1.24
2.42
3.34
2.97
2.29
2.69
3.65
3.65
3.28
4.05
5.04
5
4.3
4.3
4.87
4.78
4.13
3.81
3.96
3.76
3.11
2.95
3.66
4.27
4.16
3.98
4.44
5.27
5.94
6.54
7.09
7.42
7.46
7.62
7.9
7.94
7.45
7.02
7.02
7.32
7.22
7.01
7
7.08
7.13
7.07
7.09
7.09
7.75
7.89
7.78
7.92
8.29
8.35
7.94
7.53
7.93
8.61
8.69
8.15
7.76
7.77
7.5
7.5
6.14
6.04
6.27
6.26
6.08
5.98
5.92
5.76
5.37
4.93
4.78
4.76
5
5.81
5.81
6.36
4.86
4.86
5.15
6.01
5.6
4.74
4.71
5.29
5.72
5.98
6.31
6.95
7.47
7.7
8.03
8.17
8.19
8.42
8.34
7.64
6.88
6.81
6.74
5.95
5.19
5.11
5.31
5.35
5.26
5.31
5.76
6.32
6.39
5.99
5.81
6.22
6.91
7.07
6.81
6.68
6.59
6.15
5.78
5.55
5.38
5.06
4.68
4.63
5.04
5.13
4.66
3.96
3.63
3.67
3.69
3.37
3.07
3.04
3.58
4.28
4.31
3.73
3.14
3.06
3.69
4.49
4.77
4.65
4.51
4.81
4.81
5.26
5.05
5.12
5.64
6.16
6.43
6.62
7.04
7.49
7.59
7.21
6.53
6.22
6.44
6.44
6.51
6.51
6.58
6.47
6.36
6.3
6.14
5.93
5.86
5.75
5.86
6.25
6.83
6.92
6.3
5.98
6.63
7.4
7.4
6.67
6.48
6.89
6.65
5.6
4.76
4.54
4.36
3.96
3.68
3.94
4.45
4.32
3.49
2.49
2.03
2.13
2.24
1.9
1.34
1.02
0.64
0.07
-0.04
0.1
0.4
0.93
1.63
2.24
2.52
2.48
2.48
3.3
3.94
4.02
3.96
4.16
4.05
4.07
4.24
4.77
5.1
5.06
5.29
5.49
5.56
5.86
6.09
6.09
6.11
6.28
6.51
6.24
5.46
4.74
4.63
5.24
5.7
5.7
5.28
4.99
5.41
5.89
5.75
4.96
4.75
4.75
5.49
4.61
3.29
2.76
3.16
3.57
3
2.29
2.55
3.12
2.98
2.7
2.94
3.43
3.63
3.55
3.68
4.37
4.37
5.41
5.77
6.05
6.17
6.07
5.83
5.62
5.58
5.58
5.41
4.91
3.9
2.9
2.9
2.78
2.4
2.4
1.87
1.42
0.44
-0.34
-0.48
-0.43
-0.38
-0.32
-0.49
-0.16
0.45
0.67
0.5
0.09
-0.19
-0.24
-0.25
0.07
0.18
-0.17
-0.63
-0.91
-1.25
-1.43
-1.71
-1.92
-2.12
-2.25
-2.16
-1.81
-1.39
-1.39
-1.2
-1.2
-1.06
-1.07
-1.69
-2.28
-2.51
-2.33
-2.33
-2.61
-2.7
-2.46
-2.53
-3.04
-3.39
-2.95
-2.47
-3.26
-4.06
-4.08
-3.56
-3.22
-3.87
-4.71
-4.93
-4.64
-4.62
-5.58
-6.27
-6.03
-5.23
-5.01
-5.63
-5.78
-4.84
-3.97
-4.39
-5.28
-5.15
-4.37
-4.07
-4.56
-5.27
-5.11
-4.47
-4.73
-5.6
-5.66
-4.68
-4.39
-5.47
-6.59
-6.37
-6.12
-7.33
-8.73
-9.03
-8.35
-8.33
-8.99
-8.94
-8
-7.19
-7.2
-7.35
-7.07
-6.65
-6.93
-7.71
-8.59
-9.47
-9.57
-8.68
-7.55
-7.37
-7.65
-7.7
-7.56
-7.93
-8.6
-9.09
-9.31
-9.54
-9.57
-9.72
-10.3
-11.14
-11.14
-11.2
-11.17
-11.77
-12.47
-12.36
-11.91
-12.31
-13.42
-14.22
-14.13
-13.08
-12.12
-12.1
-11.93
-11.23
-10.86
-10.86
-11.36
-11.45
-11.58
-12.11
-12.49
-12.33
-12.26
-12.42
-12.2
-11.46
-10.95
-11.27
-11.86
-12.06
-11.99
-12.31
-12.67
-12.67
-12.76
-12.69
-12.85
-13.02
-12.37
-11.47
-11.44
-12.19
-12.6
-12.21
-11.68
-11.85
-12.31
-12.17
-11.86
-12.2
-13.03
-13.36
-12.81
-12.25
-12.64
-12.94
-12.07
-11.51
-11.59
-11.93
-12.28
-12.44
-12.38
-12.08
-12.08
-12.04
-12.04
-10.41
-9.86
-10.08
-9.98
-9.12
-8.94
-9.95
-10.74
-10.96
-10.74
-10.8
-11.03
-11.37
-11.99
-12.56
-12.79
-12.72
-12.72
-12.93
-13.18
-13.63
-14.09
-14.75
-15.03
-14.68
-14.04
-13.91
-14.56
-15.08
-14.82
-14.02
-13.42
-12.58
-11.58
-10.91
-10.84
-10.96
-10.85
-10.87
-11.07
-11.27
-11.4
-11.5
-11.95
-12.54
-13.02
-13.4
-13.45
-13.24
-13.46
-14.42
-14.42
-15.02
-14.68
-15.09
-15.69
-15.61
-14.78
-14.24
-14.51
-14.95
-14.41
-13.4
-13.24
-13.49
-13.32
-12.64
-11.98
-11.86
-11.44
-10.74
-10
-9.69
-9.65
-9.45
-8.74
-7.75
-7.37
-7.55
-7.55
-7.57
-7.81
-8.21
-8.18
-7.67
-7.27
-7.31
-7.32
-7.21
-7.5
-8.64
-9.62
-9.41
-8.86
-9.33
-10.08
-10.42
-10.12
-9.91
-10.42
-10.42
-12.1
-12.29
-12.03
-11.25
-10.59
-10.37
-10.24
-9.49
-8.18
-7.1
-6.74
-6.46
-5.56
-4.49
-3.68
-3.37
-3.07
-2.5
-2.5
-1.74
-1.64
-1.7
-2.08
-2.31
-2.15
-1.86
-2.06
-2.57
-2.62
-2.12
-1.81
-1.65
-1.38
-0.85
-0.79
-0.79
-3.27
-4.02
-4.02
-3.69
-4.05
-4.74
-5.08
-5.21
-5.47
-5.65
-5.48
-4.83
-4.38
-4.51
-4.8
-4.8
-3.72
-3.3
-3.58
-3.81
-3.39
-2.83
-2.66
-2.75
-2.49
-2.23
-1.83
-1.93
-2.19
-2.23
-2.01
-1.73
-2.32
-3.18
-3.22
-2.26
-1.53
-1.25
-1.15
-0.93
-0.85
-1.09
-1.25
-0.92
-0.3
-0.18
-0.57
-0.83
-0.18
0.44
0.18
-0.42
-0.34
0.35
0.72
0.31
-0.09
0.21
0.77
0.87
0.73
1.24
1.96
1.96
1.36
1.16
1.49
1.69
1.69
1.28
1.33
1.74
2.21
2.21
2.1
2.48
2.84
2.94
3.29
3.93
4.25
4.09
4.31
4.8
4.78
4.49
4.74
5.36
5.7
5.4
5.09
5.32
5.62
5.43
5.12
5.28
5.84
6.2
6.26
6.18
5.67
4.88
4.92
5.45
5.05
4.05
3.81
4.04
4.21
3.87
3.58
3.6
3.83
4.12
4.33
4.59
4.64
4.63
4.63
5.27
5.15
4.91
5.24
5.77
5.82
5.41
5.38
6.23
7.28
7.63
7.49
8.16
9
9.01
9.01
8.4
8.62
9.16
9.06
8.87
9.33
10.15
10.51
9.86
8.84
8.38
8.3
7.64
6.82
6.95
7.41
7.04
6.54
7.05
8.09
8.2
7.48
7.18
8.24
9.74
10.16
9.89
10.52
12.11
12.88
12.17
11.28
11.32
11.67
10.54
10.54
8.59
9.62
10.01
9.42
8.84
9.31
9.91
9.79
9.62
10.21
11.22
11.72
11.51
11.29
11.31
11.53
11.67
11.89
12.5
13.05
12.75
12.38
12.53
13.09
13.58
13.22
12.95
13.09
13.6
13.45
13.08
12.83
12.83
12.51
11.98
11.68
11.8
11.89
11.51
10.95
11.19
11.77
11.16
9.98
9.37
9.36
9.35
8.9
8.73
9.39
10.13
10.03
10.03
9.52
10.08
10.84
11.45
11.5
11.37
11.97
13.01
14.05
14.27
13.56
12.54
11.55
10.95
10.47
10.34
10.75
11.04
10.91
10.94
11.23
11.25
11.3
11.78
12.22
11.38
9.96
9.79
10.68
11.22
10.83
10.24
10.28
10.65
10.81
10.74
11.12
11.94
12.12
11.36
11.43
12.57
12.92
12.03
11.05
11.28
11.9
11.85
11.47
11.5
11.5
12.34
11.9
11.66
12.72
14.15
14.88
14.62
15.18
16.93
17.7
16.91
16.2
16.73
17.53
17.1
15.85
15.39
15.95
16.03
15.45
15.08
14.89
14.27
13.6
13.52
13.83
13.8
13.55
13.38
12.96
12.16
11.48
11.48
11.64
11.14
10.08
9.51
9.74
9.85
9.61
9.62
10.13
10.21
9.68
9.46
9.4
9.27
8.71
8.2
8.2
8.08
7.62
7.71
8.28
8.18
6.89
5.98
6.23
6.45
5.14
4.18
4.42
5.26
5.43
5.09
4.74
5.26
5.49
5.21
5.25
5.65
5.65
5.2
4.75
4.1
3.28
2.6
2.54
2.98
3.53
3.78
3.8
3.43
2.95
2.87
2.7
2.01
1.48
1.78
2.03
1.31
0.8
1.13
1.38
0.84
0.09
-0.4
-0.17
-0.06
-0.46
-0.95
-1.55
-2.27
-3.06
-3.58
-3.92
-4.1
-3.94
-3.6
-3.73
-4.34
-4.87
-4.59
-3.87
-3.51
-3.54
-3.52
-2.92
-2.25
-2.26
-2.53
-2.23
-2.03
-2.52
-2.79
-2.73
-2.24
-1.7
-1.76
-2.05
-2.29
-2.53
-3.11
-3.93
-4.75
-5.63
-6.07
-5.78
-5.36
-5.74
-6.28
-6.2
-5.6
-5.37
-6.07
-7.32
-7.88
-7.63
-7.43
-7.59
-8.03
-7.68
-7.08
-7.17
-7.64
-7.34
-6.59
-6.64
-7.74
-8.95
-9.19
-8.58
-7.62
-7.41
-8.22
-9.14
-9.6
-9.56
-9.25
-9.13
-9.35
-9.77
-9.65
-9.13
-8.9
-9.11
-9.34
-9.1
-8.86
-9.03
-9.59
-10.25
-10.5
-10.61
-11.58
-12.79
-13.28
-13.37
-14.31
-15.75
-16.36
-15.67
-14.38
-13.97
-14.71
-15.22
-14.63
-13.68
-13.66
-14.37
-14.38
-13.21
-12.78
-13.51
-13.79
-12.85
-11.42
-11.05
-12.14
-12.02
-10.21
-8.92
-9.43
-10.16
-9.28
-7.86
-7.77
-9.1
-10.24
-10.45
-10.35
-10.47
-11.17
-12.15
-12.48
-12.5
-12.8
-13.59
-14.41
-14.27
-13.43
-13.17
-13.75
-14.54
-14.94
-15.11
-14.82
-14.65
-14.85
-14.78
-14.43
-15.06
-16.1
-16.81
-16.86
-17.23
-18.08
-18.62
-18.77
-18.92
-19.55
-20.34
-20.41
-20.13
-20.25
-20.25
-20.42
-19.94
-19.59
-19.44
-19.36
-19.15
-18.69
-18.23
-18.4
-18.61
-17.98
-16.97
-16.46
-16.27
-15.48
-14.2
-13.74
-13.74
-14.67
-14.25
-14.03
-14.52
-15.01
-14.82
-14.45
-14.12
-13.4
-12.72
-12.89
-13.22
-12.78
-12.05
-11.73
-12.24
-12.8
-13.17
-12.97
-12.74
-13.28
-14.12
-14.56
-14.71
-15.09
-15.54
-15.48
-15.21
-15.75
-16.32
-16
-15.71
-16.04
-16.58
-16.1
-14.92
-13.87
-13.52
-13.34
-12.58
-11.86
-11.35
-11.42
-11.52
-11.18
-10.38
-9.99
-9.99
-9.84
-9.36
-8.8
-8.78
-8.89
-8.85
-8.34
-7.71
-7.65
-8.05
-8.16
-7.98
-7.61
-7.53
-8.15
-8.86
-8.64
-7.9
-7.68
-8.2
-8.56
-8.25
-7.67
-7.78
-8.62
-9.12
-9.17
-9.41
-9.63
-9.21
-8.91
-9.09
-9.33
-8.9
-8.05
-7.23
-6.78
-6.38
-6.28
-6.19
-5.81
-5.51
-5.27
-4.73
-4.3
-4.36
-4.59
-4.61
-4.5
-4.74
-5.07
-5
-4.75
-4.82
-4.92
-5.04
-5.29
-5.57
-6.02
-6.4
-6.07
-5.4
-5.26
-5.37
-4.79
-3.82
-3.32
-3.36
-3.46
-3.25
-2.65
-1.86
-1.4
-1.11
-0.95
-0.93
-1.35
-1.77
-1.89
-1.71
-1.84
-2.6
-3.16
-2.93
-2.77
-3.02
-2.91
-2.91
-2.07
-2.76
-2.96
-2.27
-1.53
-1.48
-1.14
0.43
1.9
2.28
2.07
2.49
3.54
4.09
3.43
2.25
1.76
2.23
2.24
1.2
0.09
-0.02
0.16
-0.21
-0.74
-0.51
0.58
1.54
1.54
1.21
1.63
3.31
4.73
4.95
4.84
5.1
5.53
5.79
5.59
5.31
5.61
6.25
6.47
6.22
6.41
6.88
6.77
6.08
5.53
5.45
5.93
6.73
7.15
7.22
7.24
7.42
7.82
8.05
8.25
8.38
8.31
8.43
8.66
8.7
8.9
9.87
10.91
11.24
11.06
11.16
11.25
10.71
10.18
10.34
10.75
10.83
10.54
10.12
10.04
10.01
9.48
8.85
9.04
9.53
9.18
7.96
7.11
7.13
7.2
6.79
5.84
5.05
4.83
4.9
5.26
5.57
5.92
6.71
7.81
8.63
9.07
9.4
9.72
9.9
9.75
9.36
9.33
9.71
9.78
9.49
9.3
9.5
9.91
10.11
10.19
10.25
10.17
10.13
10.15
9.98
9.87
10.2
10.38
9.86
9.24
9.4
9.94
10.14
9.81
9.49
9.62
9.69
9.88
10.21
10.56
10.64
10.5
10.38
10.04
9.28
8.5
7.74
7.47
7.59
8.19
9.21
10.01
9.95
9.79
10.03
10.39
10.54
10.69
11.01
11.35
11.33
10.63
9.79
9.37
9.22
9.33
9.58
9.91
10.13
10.27
10.52
10.83
10.84
10.5
10.26
10.73
11.49
11.42
10.69
10.35
10.88
11.26
11.1
10.91
11.03
10.73
9.8
8.96
9.08
9.69
9.84
9.41
9.32
9.7
9.85
9.42
9.28
9.59
9.53
8.92
8.7
9.17
9.37
9.15
9.11
9.23
9.07
8.64
8.29
8.19
7.85
7.61
7.49
7.48
7.33
7.21
7.35
7.61
7.82
8.04
8.33
8.71
8.86
8.68
8.72
9.36
10.06
10.11
9.69
9.75
10.37
10.84
10.79
10.56
10.64
10.97
10.86
10.22
10.1
10.87
11.44
11.11
10.51
10.67
11.21
11.56
11.62
11.7
12
11.76
10.76
9.93
9.61
10.05
10.43
10.02
9.31
9.39
9.59
8.91
7.56
6.59
6.71
6.62
5.79
5.06
4.9
5.1
5.06
4.63
4.33
4.45
4.73
4.95
5.04
5.28
4.96
4.4
4.09
4.07
4.08
3.73
3.01
2.28
2.26
2.77
3.28
3.62
3.28
2.56
2.12
2.4
2.58
1.94
1.13
1.4
2.65
3.31
3.44
3.86
4.5
4.66
4.3
4.13
4.38
4.53
3.88
2.8
2.01
1.96
1.56
0.92
0.69
0.55
0.15
-0.25
-0.33
-0.32
-0.82
-1.53
-1.56
-1.05
-0.82
-0.93
-0.97
-0.98
-1.13
-1.47
-1.45
-0.94
-0.38
-0.23
-0.69
-1.31
-1.34
-0.85
-0.99
-1.59
-1.48
-0.41
0.78
1.22
0.95
0.48
0.25
0.06
-0.2
-0.65
-0.99
-0.96
-0.76
-0.81
-1.14
-1.37
-1.7
-1.85
-1.64
-1.62
-2.38
-3.45
-4.11
-4.09
-4.25
-5.04
-6.04
-6.74
-7.11
-7.39
-8.04
-8.69
-9.01
-8.99
-8.75
-8.7
-9.24
-9.7
-9.51
-9.22
-9.05
-8.88
-8.08
-7.31
-7.13
-7.28
-7.24
-7.02
-7.16
-7.33
-7.38
-7.69
-8.51
-8.94
-8.17
-7.21
-7.38
-7.95
-7.73
-6.91
-6.3
-6.5
-6.93
-6.91
-6.63
-6.92
-7.76
-8.39
-8.61
-8.61
-8.66
-8.69
-8.62
-8.44
-8.39
-8.55
-8.88
-8.76
-8.53
-8.39
-8.57
-9.07
-9.29
-8.76
-8.13
-8.07
-8.64
-9.1
-9.27
-9.48
-10.1
-10.58
-10.18
-9.36
-9.64
-10.51
-10.66
-10.15
-9.99
-10.46
-10.66
-10.09
-9.76
-10.02
-10.33
-10.26
-9.99
-9.87
-10.14
-10.22
-10.15
-10.42
-10.94
-11.28
-11.22
-10.88
-10.85
-11.02
-10.6
-9.81
-9.69
-10.32
-10.48
-10
-10.13
-10.82
-11.4
-11.76
-12.23
-12.56
-12.65
-12.89
-13.33
-13.58
-13.28
-12.74
-12.71
-12.84
-12.76
-12.52
-12.28
-11.86
-11.66
-11.98
-12.42
-12.38
-12.18
-12.03
-11.84
-11.6
-11.58
-11.67
-11.72
-11.58
-11.54
-11.71
-12.42
-13.35
-14
-14.32
-14.1
-13.83
-13.97
-14.03
-13.72
-13.34
-13.48
-13.7
-13.23
-12.56
-12.7
-13.1
-12.66
-11.87
-11.7
-11.9
-11.64
-11.12
-11.45
-12.66
-13.24
-13.13
-13.46
-14.25
-14.42
-14.23
-14.56
-14.84
-15.12
-15.59
-15.39
-14.73
-14.23
-14
-13.7
-13.17
-13.01
-13.65
-14.33
-14.37
-13.86
-13.77
-14.02
-13.87
-13.32
-12.87
-12.52
-12.07
-11.85
-12.04
-11.73
-10.46
-8.98
-8.51
-9.08
-9.43
-8.77
-8.24
-8.84
-9.66
-9.57
-9.26
-9.72
-10.65
-10.89
-10.95
-11.52
-11.92
-11.57
-10.46
-9.74
-9.66
-9.78
-9.48
-8.86
-8.27
-8.12
-8.57
-8.83
-8.29
-7.07
-6.27
-6.21
-6.31
-6.55
-7.29
-7.56
-6.99
-6.7
-7.01
-6.8
-5.54
-4.62
-5.03
-5.33
-4.34
-3.35
-3.61
-4.27
-4.38
-4.16
-4.45
-5.07
-4.64
-3.14
-2.28
-2.64
-2.86
-1.98
-0.97
-0.82
-1.44
-1.95
-1.78
-1.29
-1.46
-1.89
-1.51
-0.7
-0.44
-1.01
-1.54
-1.26
-0.61
-0.77
-1.59
-1.82
-1.41
-1.46
-1.8
-1.76
-1.4
-1.37
-1.38
-0.97
-0.83
-1.01
-1.43
-1.35
-0.63
0.18
0.19
-0.67
-1.54
-1.83
-1.63
-1.89
-2.46
-2.28
-1.32
-0.88
-1.22
-1.27
-0.64
-0.26
-0.64
-0.91
-0.46
0.61
1.5
1.81
2.24
3.38
4.03
3.49
2.94
3.12
3.65
3.51
2.75
2.47
2.94
3.33
2.96
2.27
2.06
2.45
2.9
3
2.9
2.99
3.3
3.48
3.54
3.54
3.8
4.44
4.83
4.62
4.26
4.17
4.16
3.96
3.91
4.12
4.19
3.81
3.29
3.15
3.32
3.18
2.99
3.19
3.54
3.32
2.8
2.73
2.85
2.36
1.7
1.97
2.67
2.98
2.69
2.44
2.69
3.3
3.4
2.91
2.42
2.77
3.37
3.06
2.2
1.9
2.16
2.93
3.55
3.62
3.28
2.93
3.26
3.77
3.36
2.16
1.87
2.44
2.78
2.34
1.9
2.1
2.95
3.42
3.18
2.97
3.45
3.77
3.83
3.89
4.26
4.68
4.9
5.14
5.57
6.06
6.27
6.08
6.04
6.49
7.08
7.37
7.53
8.13
8.98
9.31
8.94
8.83
9.32
9.78
9.96
9.63
9.13
8.68
8.48
8.48
8.21
7.54
6.81
5.74
4.79
4.37
4.17
3.73
3.32
3.85
4.86
5.35
5.09
5.09
6.1
7.51
8.14
7.43
6.66
6.61
7.03
7.26
7.22
7.42
7.7
8.11
8.56
9.03
9.24
9.46
9.76
10.14
10.37
10.46
10.5
10.51
10.3
10.01
9.57
9.09
8.64
8.19
7.99
8.03
8.22
8.35
8.3
8.06
7.51
7.1
6.93
6.88
6.68
6.23
5.75
5.94
6.63
7.03
6.14
5.8
6.61
7.8
7.65
6.58
6.58
7.05
6.77
5.92
6.05
6.66
6.7
6.05
5.61
5.58
5.43
4.96
4.33
4
3.7
2.81
1.69
1.3
1.55
1.54
1.22
1.12
1.52
1.84
1.81
1.69
1.88
2.05
2.29
2.77
3.31
3.64
3.84
4.37
5.2
5.47
5.03
4.63
4.94
5.96
6.47
5.97
5.26
5.4
5.54
5.24
4.74
4.97
5.64
5.93
5.7
5.15
4.74
5.16
6.06
6.69
6.68
6.67
7.23
8.24
8.16
6.92
6.23
6.54
6.75
6.06
5.15
4.87
5.19
5.07
4.31
3.89
4.23
4.88
5.62
6.02
5.67
5.71
6.47
7.09
6.88
6.46
6.7
7.09
7.16
7.15
7.39
7.63
7.65
7.63
7.32
6.78
5.99
5.72
5.76
5.48
4.87
4.87
5.64
6.28
6.16
5.29
4.87
5.08
5.52
5.61
5.25
4.91
4.95
5.18
5.58
5.95
5.98
5.64
5.42
5.54
5.4
4.74
4.26
4.15
3.58
2.62
2.27
2.53
2.76
2.66
2.56
2.65
2.87
3.07
3.43
3.87
3.93
3.76
3.84
3.98
3.62
3.04
2.86
2.89
2.86
2.7
2.74
2.74
3.52
4.05
4.2
4.04
3.27
2.49
2.04
2.42
2.79
2.98
3.03
3.39
3.58
3.31
2.66
2.26
2.26
1.84
1.74
2.33
3.05
3
2.4
1.54
1.18
1.16
1.03
0.58
0.38
0.64
0.91
0.55
0.11
0.08
0.06
-0.56
-1.35
-1.58
-1.44
-1.12
-1.1
-1.41
-1.58
-1.38
-1.26
-1.65
-2.11
-2.49
-2.64
-2.34
-1.94
-1.78
-2.12
-2.67
-2.73
-2.28
-1.89
-1.77
-1.94
-1.93
-1.78
-2.29
-3.17
-3.46
-3.28
-3.42
-3.64
-3.44
-2.97
-2.8
-2.66
-2.15
-1.7
-1.74
-1.7
-1.31
-0.81
-0.14
0.4
0.58
0.27
-0.33
-0.87
-1.09
-1.34
-1.34
-3.15
-4.25
-4.95
-5.41
-6.01
-6.98
-7.69
-7.51
-6.86
-6.37
-6.3
-5.95
-5.39
-5.16
-5.35
-5.5
-5.35
-4.93
-4.78
-5.04
-4.95
-4.22
-3.65
-4.01
-4.79
-5.06
-5.01
-5.3
-6.02
-6.72
-6.67
-6.3
-6.36
-6.4
-5.87
-5.03
-4.58
-4.7
-4.69
-4.44
-4.62
-5.05
-5.44
-5.58
-5.86
-6.4
-6.8
-6.83
-6.52
-6.18
-6.29
-6.64
-6.52
-6.06
-6.26
-6.86
-6.95
-6.06
-5.24
-5.79
-6.9
-7.27
-6.83
-7.05
-8.01
-8.52
-8.18
-8.21
-8.98
-9.61
-9.45
-9.11
-8.81
-8.65
-8.55
-8.06
-7.34
-6.8
-6.93
-7.36
-7.67
-7.93
-8.25
-8.67
-9.34
-9.88
-9.89
-9.71
-9.89
-10.71
-11.77
-12.13
-11.26
-10.38
-10.5
-11.09
-11.15
-10.62
-10.31
-10.43
-10.19
-9.71
-9.85
-10
-9.3
-8.44
-8.6
-9.06
-8.55
-7.71
-7.35
-7.74
-8.39
-8.36
-7.68
-7.7
-8.64
-9.33
-9.38
-9.31
-9.18
-9.09
-9.06
-9.06
-8.88
-8.94
-9.1
-9.31
-9.48
-9.6
-9.83
-9.98
-10.15
-10.56
-11.25
-11.9
-12.23
-12.14
-11.73
-11.54
-11.85
-11.88
-11.14
-10.46
-10.63
-10.81
-10.42
-9.98
-10.05
-10.17
-9.99
-10.46
-11.64
-12
-11.31
-10.96
-11.41
-11.89
-11.63
-10.84
-10.58
-11.1
-11.51
-11.26
-10.53
-9.94
-9.2
-8.37
-7.88
-8.06
-8.14
-7.76
-7.26
-7.11
-7.2
-6.88
-6.86
-7.3
-7.65
-7.24
-6.5
-6.27
-6.26
-5.79
-5.23
-5.23
-5.84
-6.12
-5.33
-4.34
-4.51
-5.28
-5.4
-5.21
-5.71
-6.24
-6.07
-5.32
-4.87
-5.07
-5.11
-4.43
-3.69
-3.99
-4.85
-5.41
-5.52
-5.91
-6.22
-5.89
-5.45
-5.4
-5.99
-6.63
-7.15
-7.82
-8.1
-7.79
-7.34
-7.55
-8.2
-8.44
-7.82
-7.09
-7.06
-7.57
-7.58
-6.33
-4.95
-4.86
-5.21
-4.79
-3.53
-2.46
-2.54
-2.99
-2.73
-1.85
-1.94
-2.93
-2.99
-2.2
-2.23
-3.38
-4.17
-3.8
-3.39
-3.4
-3.73
-3.71
-3.2
-2.87
-2.88
-2.75
-2.12
-2.04
-2.36
-2.55
-2.72
-3
-3.1
-2.93
-3.06
-3.68
-4.54
-4.95
-5
-5.4
-6.1
-6.23
-5.73
-5.37
-6.03
-7.18
-8.01
-8.03
-7.88
-8.17
-8.74
-9.26
-9.56
-9.67
-9.47
-9.17
-9.04
-8.97
-8.83
-8.76
-9.08
-9.68
-9.91
-9.33
-8.52
-8.89
-9.8
-9.89
-8.98
-8
-7.54
-7.3
-6.9
-6.7
-6.68
-6.24
-5.39
-4.91
-5.26
-6.13
-6.65
-6.63
-6.24
-6.37
-7.25
-7.88
-7.45
-6.54
-6.33
-6.95
-7.17
-6.18
-4.93
-5.2
-6.35
-6.48
-5.71
-5.22
-5.99
-6.93
-6.56
-5.6
-5.9
-6.97
-7.44
-7.08
-6.74
-6.82
-7.07
-6.81
-5.96
-4.93
-4.38
-4.34
-4.02
-3.7
-3.64
-3.96
-4.92
-5.48
-4.75
-3.8
-3.43
-3.01
-2.3
-1.93
-1.72
-1.23
-0.75
-0.69
-0.76
-0.58
-0.21
0.06
-0.25
-0.87
-1.15
-1.49
-2.12
-3.09
-3.79
-3.83
-4.29
-4.96
-5.05
-4.37
-4.11
-4.22
-3.9
-3.24
-3.12
-3.74
-3.95
-3.34
-3
-3.28
-4.05
-4.43
-4.07
-3.13
-2.78
-3.03
-2.84
-2.03
-1.28
-1.86
-2.93
-3.09
-2.72
-2.74
-2.91
-2.62
-2.06
-1.47
-1.15
-0.99
-0.81
-0.62
-0.12
0.48
0.87
0.59
-0.05
-0.58
-0.74
-0.45
-0.02
0.03
-0.43
-0.79
-0.55
0.12
0.54
0.32
0.25
0.37
-0.01
-0.64
-0.97
-1.03
-1.09
-1.18
-1.31
-1.34
-1.51
-1.56
-1.49
-1.06
-0.32
0.22
0.37
0.32
0.21
0.26
0.24
0.31
0.46
0.66
0.8
0.87
1.02
1.46
1.93
2.08
1.88
2
2.87
3.84
3.51
2.48
2.13
2.4
2.2
1.35
0.84
0.65
0.78
0.67
0.64
1.11
1.91
2.27
2.26
2.71
3.54
3.76
3.45
3.33
3.92
4.63
4.9
4.95
5.54
5.89
5.12
4.26
4
4.08
3.89
3.78
3.82
3.69
3.43
3.51
4.23
4.81
4.6
3.97
3.71
3.76
3.44
3.1
3.54
4.24
4.13
3.42
3.22
3.46
3.14
2.45
2.65
3.67
3.85
2.92
1.95
1.98
2.39
2.91
2.89
2.71
3.06
3.32
2.74
2.01
2.49
3.82
4.47
3.92
3.9
4.58
5.58
6.13
6.43
7.04
7.81
7.9
7.79
7.94
8.11
7.78
7.25
7.16
7.47
7.44
6.72
5.95
5.82
5.93
5.78
5.45
5.75
6.54
6.95
6.76
6.7
7.05
7.44
7.32
7.02
7.52
8.75
9.46
9.14
9
9.77
10.78
10.94
10.54
10.79
11.38
11.25
10.75
10.65
10.96
10.69
9.7
9.06
9.2
9.33
8.42
6.99
6.54
6.86
6.82
5.96
5.34
5.4
5.54
5.49
5.63
5.69
5.61
6.04
6.78
6.96
6.83
7.28
8.13
8.21
7.47
7.07
7.72
8.46
8.47
8.44
8.7
8.95
8.72
8.27
8.24
8.41
7.72
6.69
5.98
5.86
6.49
7.39
7.77
7.51
7.72
8.36
8.53
8.07
8.15
8.8
9.07
8.56
8.02
8.26
8.66
8.31
7.35
6.64
6.56
6.94
7.27
7.51
7.67
7.84
7.9
7.71
7.63
7.7
7.64
7.3
6.71
6
5.6
5.76
5.61
5.09
5.18
5.81
5.92
5.47
5.24
5.11
5.32
5.85
6.43
7.06
7.86
8.46
8.54
8.58
8.67
8.66
8.51
8.2
7.73
7.24
6.8
6.61
6.66
6.57
6.27
6.22
5.92
5.25
4.7
4.32
4
3.71
3.25
2.58
2.45
3.35
4.17
3.94
3.37
3.56
3.93
3.81
3.67
4.01
4.25
4.15
4.04
4.34
4.83
4.99
4.81
4.52
4.36
4.31
4.25
4.1
4.15
4.29
4.11
3.6
3.49
3.76
3.51
2.88
2.75
3.15
3.32
3.32
3.36
3.39
3.52
3.67
3.82
3.89
4.02
4.54
4.57
3.91
3.24
3.29
3.63
3.39
2.42
1.58
1.48
1.69
1.46
1.09
0.93
1.1
1.23
1.38
1.77
2
1.79
1.53
1.42
1.05
0.79
1.35
2.47
3.35
3.13
1.98
1.32
1.62
2
1.71
1.34
1.37
1.44
0.82
0.29
0.46
0.73
0.62
0.59
0.77
0.84
0.5
-0.16
-0.36
0.26
0.61
0.52
0.06
-0.55
-1.15
-1.82
-2.35
-2.6
-2.54
-2.56
-3.02
-3.58
-3.72
-3.28
-3
-3.68
-4.6
-4.58
-3.75
-3.32
-3.78
-3.76
-2.89
-2.22
-2.23
-1.29
0.5
1.53
1.02
0.52
0.65
1.03
1.02
0.51
-0.39
-1.12
-1.91
-2.52
-2.91
-2.89
-2.91
-3.07
-3.07
-2.79
-2.41
-1.99
-1.65
-1.74
-2.23
-2.57
-2.78
-3.21
-3.59
-3.78
-4.05
-4.17
-4.27
-4.26
-4.17
-4.35
-4.55
-5.07
-6.01
-6.74
-6.72
-6.9
-7.75
-8.35
-8.16
-7.68
-7.66
-7.91
-7.6
-6.87
-6.62
-7.13
-7.47
-6.76
-5.78
-5.65
-6.14
-6.31
-6.22
-6.79
-8.09
-8.95
-8.49
-7.72
-7.88
-8.78
-9.38
-9.31
-9.04
-8.84
-8.95
-9.36
-9.48
-8.96
-7.88
-6.97
-6.74
-6.94
-6.89
-6.16
-5.55
-6.1
-7.16
-7.12
-6.64
-6.92
-7.67
-7.61
-6.98
-7.12
-8.23
-9.24
-9.25
-8.76
-8.55
-8.45
-8.09
-7.69
-7.57
-7.58
-7.22
-6.8
-6.88
-7.32
-7.61
-7.7
-7.85
-8.09
-7.85
-7.18
-6.66
-6.46
-6.03
-5.09
-4.22
-4.06
-4.2
-3.65
-2.6
-2.34
-3.21
-4.15
-4.48
-4.38
-4.39
-4.7
-5.02
-4.99
-5.13
-5.78
-6.28
-6.12
-6.12
-6.5
-7.02
-7.42
-7.6
-7.59
-7.61
-7.68
-7.71
-7.75
-7.94
-8.07
-8.14
-8.26
-8.32
-8.14
-7.6
-7.05
-7.09
-7.45
-7.61
-7.22
-6.79
-7.13
-8.22
-8.5
-8.15
-8.33
-8.71
-9.33
-9.74
-10.07
-10.6
-11.3
-12
-12
-11.45
-11.21
-11.6
-11.06
-9.39
-8.28
-8.33
-8.69
-8.46
-8.36
-8.57
-8.74
-8.81
-9.25
-9.46
-8.84
-8.57
-8.88
-8.77
-8.39
-8.36
-8.92
-9.1
-8.42
-7.87
-8.15
-8.73
-8.74
-8.08
-7.8
-8.2
-8.51
-8.05
-7.52
-7.57
-7.99
-8.16
-7.4
-6.44
-6.62
-7.3
-7.41
-7.47
-8.02
-8.61
-8.54
-7.72
-6.86
-7.04
-7.94
-8.37
-7.95
-7.37
-7.02
-6.56
-6.23
-6.35
-6.46
-6.22
-6.02
-6.38
-6.82
-6.47
-5.26
-4.36
-4.42
-4.57
-4.29
-4.56
-5.84
-7.46
-7.86
-6.86
-6.06
-6.26
-6.37
-5.61
-4.66
-4.4
-4.81
-4.93
-4.75
-4.81
-5.5
-6.33
-6.44
-5.81
-5.41
-5.5
-5.44
-5.1
-4.76
-4.69
-4.62
-4.09
-3.37
-3.26
-3.38
-3.05
-2.48
-2.38
-2.69
-2.93
-2.98
-3.19
-3.57
-3.79
-3.8
-3.62
-3.58
-4.18
-5
-5.19
-4.93
-4.95
-5.41
-5.85
-5.77
-5.73
-6.39
-7.01
-6.09
-5.19
-5.31
-6.18
-6.47
-5.86
-5.61
-5.57
-5.04
-4.34
-4.13
-3.95
-3.34
-2.99
-3.24
-3.63
-3.61
-3.6
-4.27
-5.29
-5.25
-4.06
-3.48
-4.26
-4.93
-4.53
-3.77
-3.61
-3.71
-3.55
-3.17
-3.34
-4.13
-4.5
-3.59
-2.79
-3.61
-4.68
-4.99
-4.29
-3.83
-3.96
-4.12
-3.87
-3.77
-3.81
-3.39
-2.34
-1.76
-2.18
-2.34
-1.55
-0.45
-0.53
-1.19
-1.32
-0.98
-0.7
-0.43
-0.18
0.14
0.06
-0.55
-1.08
-1.22
-1.04
-0.89
-1.21
-1.56
-1.61
-1.41
-1.42
-1.64
-1.73
-1.6
-1.34
-1.23
-1.12
-1.03
-1.02
-1.3
-1.77
-1.88
-1.49
-1.42
-1.48
-1.29
-1.21
-1.09
-0.98
-0.93
-0.58
0.29
1.14
0.97
0.15
-0.12
0.52
1.14
1.04
0.54
0.51
1.04
1.68
1.96
2.08
2.08
2.1
2.22
2.28
2.23
2.05
2.35
3.08
3.84
3.88
3.39
3.1
3.41
3.93
3.73
3.14
3.25
4.04
4.34
3.66
3.17
3.56
4.21
3.84
3.35
3.75
4.31
4.06
3.43
3.42
3.78
3.89
3.88
3.89
3.88
4.05
4.15
4.2
3.75
2.98
2.44
2.85
3.45
3.18
2.79
3.4
3.87
3.94
3.78
4.12
4.62
4.32
3.7
3.52
3.74
4.29
5.17
5.92
6.16
6
6.26
6.98
7.15
6.36
5.45
5.64
6.26
5.86
4.75
4.24
4.72
5.08
4.92
5
5.3
5.03
4.26
4.25
5.07
5.32
4.6
4.01
4.43
5.32
5.75
5.51
4.88
4.47
4.59
5.05
5.67
6.09
5.9
5.36
4.83
4.53
4.22
3.79
3.36
2.93
2.72
2.93
3.85
4.55
4.71
4.41
4.12
3.99
4.48
5.04
5.14
5.12
5.1
5.5
5.77
5.99
6.59
7.6
8.36
8.06
7.28
7.32
8.03
8.61
8.64
8.42
8.59
9.31
9.77
9.54
9.25
9.61
10.45
10.95
10.64
9.88
9.35
9.45
9.71
9.28
8.53
8.26
8.71
8.69
8.22
8.12
7.93
7.11
6.29
6.31
6.2
5.42
4.93
5.4
6.3
6.73
6.28
6.61
7.22
7.42
6.69
6.06
6.5
7.57
8.03
7.39
6.44
5.99
6.28
6.36
6.01
5.76
5.97
6.38
6.58
6.41
6.32
6.43
6.74
6.82
6.49
5.68
4.76
4.23
4.04
4.07
3.6
2.95
2.92
3.52
3.82
3.4
3.02
3.08
2.81
2.03
1.61
1.76
1.85
1.37
0.89
1.17
1.95
2.4
2.48
2.77
3.26
3.24
2.9
3.31
4.32
4.9
4.59
3.98
4
4.41
4.21
3.53
2.97
2.67
2.46
2.07
1.37
0.7
0.43
0.13
-0.07
-0.14
0.11
0.42
0.49
0.33
-0.17
-0.8
-1.19
-1.33
-1.65
-2
-2.07
-2.02
-1.93
-1.95
-1.81
-1.36
-0.87
-0.58
-0.54
-0.69
-1.09
-1.54
-1.97
-2.09
-2.05
-1.82
-1.83
-1.89
-1.82
-1.55
-1.32
-1.48
-1.78
-2.07
-1.95
-1.54
-1.15
-1.29
-1.72
-1.59
-0.77
-0.48
-1.12
-1.79
-1.2
-0.22
-0.26
-1.03
-1.29
-0.99
-0.7
-0.86
-1.25
-1.72
-2.22
-2.28
-1.93
-1.58
-1.52
-1.51
-1.43
-1.28
-1.34
-1.18
-0.79
-0.28
-0.07
-0.14
-0.24
0.11
0.11
-0.16
-0.75
-0.7
-1.06
-1.72
-2.55
-3.25
-3.41
-3.01
-3.16
-4.02
-4.64
-4.38
-4.02
-3.77
-3.84
-4.06
-4.56
-4.81
-4.5
-3.85
-3.39
-3.33
-3.41
-3.5
-3.91
-4.38
-4.15
-3.53
-4.29
-6.18
-7.07
-6.08
-5.23
-5.55
-5.87
-5.51
-5.14
-5.54
-6.13
-6.12
-5.64
-5.42
-5.67
-5.71
-5.46
-5.57
-5.98
-6.27
-6.25
-6.25
-6.62
-7.4
-7.4
-8.86
-8.06
-7.15
-7.2
-7.95
-8.06
-7.23
-6.37
-6.61
-7.94
-8.38
-7.83
-7.61
-8.16
-8.16
-8.5
-7.95
-7.95
-9.45
-8.98
-8.16
-8.16
-8.16
-8.47
-8.25
-8.35
-8.99
-9.46
-9.4
-9.11
-9.25
-9.55
-9.27
-8.73
-8.73
-8.58
-8.91
-8.7
-8.25
-8.05
-8.52
-9.57
-10.63
-11.59
-12.71
-13.54
-13.53
-12.84
-12.68
-13.44
-13.88
-13.17
-12.53
-12.53
-11.97
-11.26
-10.88
-11.27
-11.81
-11.36
-10.35
-10.11
-10.97
-11.69
-11.22
-11.22
-10.85
-11.7
-11.7
-11.31
-10.45
-11.02
-11.02
-10.88
-10.03
-9.58
-9.91
-10.12
-9.67
-9.47
-10.33
-11.21
-11.21
-9.47
-9.47
-8.29
-8.05
-7.94
-8.18
-8.28
-8.21
-8.52
-9.09
-9.13
-8.64
-8.35
-8.54
-9.18
-9.43
-9.25
-9.33
-10.11
-10.11
-10.79
-9.59
-9.9
-11
-11.15
-9.89
-9.07
-9.31
-9.65
-9.32
-8.95
-9.28
-9.92
-9.87
-9.72
-9.72
-10.32
-9.42
-8.42
-8.25
-8.5
-8.5
-8.67
-9.13
-9.14
-9.12
-8.87
-8.37
-8.03
-8.23
-8.45
-8.45
-7.89
-6.97
-7.56
-7.56
-8.05
-7.05
-7.05
-6.64
-7.31
-7.34
-6.41
-5.94
-6.5
-7.41
-7.38
-6.69
-6.34
-6.7
-6.83
-6.73
-6.95
-7.47
-7.58
-7.19
-7.2
-7.2
-7.59
-7.52
-7.49
-7.46
-6.97
-5.89
-5.11
-5.11
-4.8
-4.11
-3.25
-3.25
-3.27
-3.58
-3.45
-3.45
-3.64
-3.76
-3.23
-2.59
-2.57
-2.92
-3.01
-2.26
-1.41
-1.32
-1.67
-1.59
-0.89
-0.6
-0.6
-1.34
-1.89
-1.74
-1.9
-1.91
-1.32
-0.47
-0.29
-1.33
-2.27
-2.21
-1.62
-1.53
-1.57
-1.19
-0.74
-1.18
-2.16
-2.42
-2.05
-1.71
-1.74
-1.79
-1.59
-1
-0.68
-0.89
-1.35
-0.94
-0.23
0.05
0.05
0.02
0.55
1.16
1.16
2.24
2.73
2.97
2.71
2.22
1.68
1.49
1.42
1.11
0.47
-0.07
0.18
0.85
0.99
0.47
0.08
0.51
0.51
0.17
-0.5
-0.22
0.37
0.36
0.37
0.78
1.56
1.58
1.58
0.79
1.01
1.01
1.28
0.94
0.94
1.01
1.89
1.49
0.63
0.01
0.17
0.18
0
0.44
0.44
1.66
1.07
0.72
1.11
1.71
1.58
1.13
0.99
1.74
2.53
2.78
3.09
4.19
5.31
5.49
5.07
4.77
4.78
5.19
5.19
5.21
3.65
3.38
3.59
3.59
3.82
3.65
3.54
3.47
3.54
3.47
3.18
2.91
3.08
3.08
3.56
3.56
3.72
4.48
4.68
4.23
4.46
5.37
5.7
4.84
3.89
3.91
4.2
4.17
3.55
2.85
2.73
3.17
3.19
2.43
1.59
1.62
2.26
2.26
2.67
2.61
2.25
2.15
2.32
2.66
2.72
2.3
1.84
1.84
1.8
2.15
2.15
2.83
3.32
3.57
3.78
3.78
4.43
4.61
4.81
5.22
5.57
5.63
5.81
6.07
6.07
5.91
6.15
6.52
6.24
5.69
5.72
6.31
6.08
4.95
4.32
4.73
4.87
4.69
4.72
5.06
5.51
5.67
5.67
6.08
6.08
6.69
7.03
6.9
6.33
6.33
5.32
5.17
5.19
5.13
5.1
5.55
6.07
5.66
5.66
3.44
3.64
3.65
3.65
2.79
2.02
2.55
2.21
1.64
1.51
2.05
2.66
2.2
1.66
2.19
3.55
4.42
4.41
4.76
5.64
6.09
5.67
5.31
5.69
5.69
6.44
6.16
5.9
6.28
6.97
7.42
7.77
8.11
8.29
8.29
8.06
7.51
7.42
7.95
7.78
7.47
7.58
8.28
8.51
8.09
7.44
7.26
7.53
7.64
7.69
7.76
7.76
7.92
7
6.68
7.28
7.67
7.65
7.65
7.39
7.24
7.08
6.79
6.61
6.31
5.58
5.09
4.93
4.93
4.51
4.39
4.39
4.4
4.15
4.48
5.13
5.29
5.06
5.32
6.33
7.25
7.17
6.68
6.84
7.31
7.14
6.35
6.33
7.22
7.53
7.53
6.14
5.93
5.92
5.94
5.64
5.22
4.85
4.94
5.51
5.78
5.39
4.99
4.99
5.27
5.36
4.77
4.77
4.84
5.44
5.44
4.4
3.67
3.66
4.16
4.07
3.17
2.81
3.6
4.34
3.81
3.81
3.28
4.09
4.09
4.73
4.79
4.97
5.5
6
5.95
5.51
5.4
5.6
5.68
5.49
5.69
6.24
6.33
5.53
5.53
3.38
3.33
3.66
3.66
3.12
3.28
4.19
4.91
5.1
5.1
5.02
4.82
4.37
4.37
3.86
3.47
2.64
2.8
3.04
2.98
2.85
3.29
4.07
4.49
4.37
4.14
4.12
4.29
4.3
4.05
3.98
4.45
4.93
4.72
4.04
3.43
3
2.99
3.43
3.34
2.37
1.86
2.25
2.73
2.61
2.09
2.06
2.43
2.23
1.43
0.5
0.31
1.02
1.7
1.79
1.44
1.17
1.43
2.05
2
1.3
0.74
0.81
1.25
1.52
1.63
1.66
1.56
1.56
1.52
1.53
1.16
0.46
0.28
0.65
0.83
0.52
0.34
0.69
0.82
0.34
-0.16
0.19
0.88
0.88
0.46
0.18
0.15
0.15
0.1
-0.13
0.06
0.19
0.16
0.67
1.77
2.41
1.78
0.82
0.75
1.37
1.8
1.46
0.76
0.42
0.5
0.13
-0.74
-1.56
-2.09
-2.74
-3.44
-3.85
-3.64
-3.34
-3.16
-3.16
-3.25
-3.14
-3.14
-2.92
-2.95
-2.68
-2.68
-1.43
-1.57
-1.98
-1.85
-1.42
-1.1
-1.19
-1.6
-1.81
-1.42
-0.93
-0.95
-0.95
-1.81
-1.93
-1.96
-2.35
-2.91
-3.32
-4.17
-5.47
-6.31
-5.93
-5.14
-5.49
-6.62
-6.62
-5.74
-5.14
-5.14
-7.22
-7.37
-7.31
-7.84
-9.23
-10.04
-9.92
-9.71
-10.09
-10.69
-10.68
-10.27
-10.07
-10.05
-9.91
-9.49
-9.49
-9.11
-9.08
-9.08
-9.9
-10.02
-9.55
-9.22
-9.32
-9.68
-9.76
-9.42
-9.07
-8.86
-8.86
-7.92
-8.12
-8.42
-8.42
-8.31
-7.86
-7.86
-6.69
-6.36
-6.54
-6.65
-6.27
-5.82
-6.19
-6.99
-7.52
-7.85
-7.85
-8.2
-8.76
-8.64
-8.7
-8.93
-8.72
-8.72
-8.17
-8.47
-8.45
-8.01
-7.78
-7.83
-7.82
-7.76
-7.82
-7.82
-7.43
-6.76
-6.76
-5.64
-6.16
-6.16
-5.24
-4.68
-5.28
-5.58
-5.21
-5.21
-6.13
-6.72
-6.96
-6.65
-6.85
-7.34
-7.59
-7.33
-6.76
-6.72
-7.3
-8
-8.26
-7.93
-7.44
-7.4
-7.82
-7.88
-7.66
-7.54
-8.01
-8.01
-8.59
-8.01
-7.75
-7.86
-7.86
-7.46
-6.87
-6.96
-7.81
-8.21
-7.8
-7.78
-8.64
-9.18
-8.59
-7.87
-8.17
-8.17
-7.72
-7.72
-6.37
-6.83
-6.91
-6.32
-6.01
-6.18
-5.95
-5.42
-5.25
-5.89
-6.59
-6.44
-6.31
-6.78
-7.34
-7.8
-8.3
-8.68
-8.85
-9.2
-9.72
-9.9
-9.68
-9.29
-9.26
-9.76
-10.33
-10.57
-10.47
-10.43
-10.34
-9.68
-9.68
-8.95
-9.08
-8.55
-7.88
-8.14
-8.78
-8.72
-8.27
-8.09
-7.65
-6.99
-6.74
-7.14
-7.2
-6.8
-6.8
-6.14
-5.71
-5.71
-6.23
-6.52
-6.37
-6.19
-6.2
-6.43
-6.96
-7.4
-7.69
-7.48
-6.95
-6.41
-6.26
-6.26
-6.25
-5.07
-5.39
-5.94
-5.36
-5.36
-4.42
-5.57
-6.16
-5.53
-4.65
-4.64
-5.11
-4.9
-3.98
-3.57
-3.57
-4.56
-4.4
-4.04
-3.92
-3.92
-3.73
-3.55
-3.75
-4.18
-4.69
-5.14
-5.09
-4.7
-4.58
-4.97
-5.56
-5.59
-4.95
-4.95
-4.48
-4.85
-5.43
-4.81
-4.13
-4.19
-4.58
-4.57
-4.18
-3.97
-4.06
-3.99
-3.07
-2.3
-2.21
-2.21
-1.64
-0.45
0.4
0.33
0.04
0.48
1.17
1.42
1.38
1.13
0.76
0.35
-0.25
-1.02
-1.91
-2.77
-2.77
-2.74
-2.92
-3.68
-4.33
-4.37
-4.18
-4.56
-5.37
-5.25
-4.23
-3.96
-4.26
-4.53
-4.19
-3.99
-4.35
-4.35
-4.63
-3.56
-3.19
-4.13
-5.04
-4.88
-4.48
-4.53
-4.4
-3.44
-2.64
-2.86
-3.21
-2.77
-2.06
-1.97
-1.97
-2.07
-1.45
-1.17
-1.17
-1.52
-1.52
-0.46
-0.86
-0.84
0.17
1.02
1.04
0.71
0.76
1.11
0.9
0.9
0.47
1.66
2.11
1.26
0.74
1.36
1.85
1.22
0.44
0.87
1.81
1.49
0.1
-0.6
-0.28
-0.14
-0.33
-0.11
0.34
-0.03
-1.02
-1.02
-1.53
-1.3
-1.46
-1.82
-1.98
-1.61
-1.38
-1.57
-1.95
-1.84
-1.02
-1.02
-0.37
-0.77
-0.72
-0.34
0.08
0.27
0.24
-0.01
-0.11
0.51
1.38
1.94
2
1.76
1.6
1.48
1.11
0.61
0
0
0.47
0.47
0.87
0.62
1.02
1.64
1.65
1.16
0.74
0.39
0.38
0.95
1.56
1.56
1.44
0.9
0.9
1.06
1.06
1.94
2.36
2.55
2.71
2.97
3.55
4.36
5.09
5.64
5.91
5.91
5.98
6.22
6.25
6.05
5.61
5.05
4.63
4.35
4.01
3.61
3.17
2.63
1.84
1.33
1.33
1.33
2.21
2.21
2.58
3.39
3.74
3.74
3.63
3.29
3.34
3.81
4.4
4.49
4.06
3.59
3.81
4.42
4.52
4.43
4.86
5.5
5.5
5.43
5.74
6.25
6.41
6.41
6.23
6.19
5.91
5.57
5.57
5.64
5.39
5.03
5.03
4.82
4.39
4.39
4.06
3.98
4.03
4.25
4.38
4.35
4.42
4.68
4.96
4.93
4.54
3.87
3.03
3.03
3.01
4.86
5.06
4.94
5.01
5.01
5.04
5.25
5.26
4.47
3.91
4.45
5.21
4.96
4.36
3.98
3.57
3.22
3.22
2.86
2.22
2.68
3.06
3.13
3.32
3.61
3.65
3.54
3.95
4.8
5.44
5.56
5.58
5.99
5.99
7
6.72
6.38
6.16
6.05
5.9
5.95
5.94
5.7
5.61
5.83
5.71
5.46
5.48
5.57
5.5
5.5
5
5
4.36
3.96
4.15
3.87
3.23
3.06
3.68
4.16
3.94
3.76
4.02
4.3
4.22
3.8
3.53
3.53
3.53
2.76
2.78
3.33
3.39
3.03
2.79
2.81
2.63
2.07
1.92
2.22
2.39
2.56
2.87
3.4
3.4
3.59
3.57
4.68
5.68
5.8
5.06
5.06
4.09
4.57
4.51
3.95
3.65
3.75
4.19
4.51
4.33
4.33
5.05
5.23
4.76
4.35
4.32
4.13
3.78
3.23
2.54
2.17
2.05
2.38
2.15
1.34
0.92
1.3
1.6
1.04
0.36
0.51
0.51
2.08
1.51
0.79
0.88
1.74
2.23
1.69
0.96
0.39
-0.18
-0.48
-0.68
-0.68
-1.09
-1.37
-0.88
-0.61
-0.61
-0.07
1.69
1.69
0.93
0.81
1.26
1.54
1.45
1.27
1.58
1.67
1.13
1.13
1.8
2.62
2.67
2.05
1.66
2.11
2.27
1.19
0.15
-0.07
0.24
-0.03
-0.59
-0.63
-0.18
-0.22
-1.3
-2.35
-2.35
-1.46
-1.58
-1.58
-2.16
-2.16
-0.63
-0.7
-0.82
-0.35
0.22
-0.06
-1.01
-1.7
-1.83
-1.98
-1.98
-2.44
-2.06
-1.31
-1.34
-1.34
-1.2
-0.26
-0.48
-0.96
-0.91
-0.21
-0.07
-0.84
-1.34
-0.92
-0.64
-1.25
-1.25
-1.97
-1.23
-1.36
-2.56
-3.48
-3.74
-3.79
-3.83
-4.02
-4.1
-3.6
-2.62
-2.05
-2.21
-2.17
-1.59
-1.44
-2.08
-2.39
-2.39
-2.09
-2.9
-3.45
-3.48
-3.53
-3.95
-3.96
-3.44
-2.31
-1.76
-1.76
-2.47
-2.45
-1.68
-1.22
-1.34
-1.7
-1.7
-1.58
-1.59
-2.36
-2.57
-2.54
-2.82
-3.43
-3.62
-3.27
-3.13
-3.44
-3.51
-3.51
-3.74
-4.32
-4.61
-4.28
-4.26
-4.69
-4.54
-3.82
-3.46
-3.44
-3.89
-4.32
-3.76
-3
-3
-3.94
-3.9
-3.9
-2.39
-3.02
-4
-4.06
-3.23
-2.49
-2.49
-2.45
-1.74
-0.95
-1.01
-1.72
-1.51
-0.72
-0.86
-1.76
-1.76
-1.84
-1.53
-1.53
-2.89
-2.47
-1.88
-2.09
-2.78
-3.28
-3.32
-3.17
-3.25
-3.85
-3.85
-4.12
-3.23
-3.31
-2.82
-2.33
-2.05
-2.63
-3.3
-3.5
-3.15
-2.73
-2.88
-3.36
-3.95
-4.15
-4.15
-4.12
-4.52
-4.82
-5.42
-6.38
-6.87
-6.87
-6.26
-4.84
-4.87
-4.86
-4.76
-5.05
-5.56
-5.97
-6.21
-6.21
-6.33
-6.81
-7.23
-6.9
-6.34
-6.1
-6.4
-6.53
-6
-5.63
-5.71
-5.54
-4.84
-4.11
-4.14
-4.69
-4.97
-4.97
-4.41
-3.84
-4.05
-4.22
-4.51
-5.45
-6.24
-6.09
-5.81
-6.46
-7.42
-7.33
-6.43
-6.13
-6.65
-6.67
-6.25
-6.55
-6.55
-8.59
-7.99
-7.99
-6.65
-6.99
-7.42
-8.03
-8.41
-7.84
-6.52
-5.76
-6.22
-6.43
-5.77
-5.15
-5.12
-5.23
-4.98
-4.38
-4.25
-5.38
-6.23
-6.35
-6.42
-6.82
-6.94
-6.68
-6.32
-6.18
-6.4
-6.7
-6.63
-6.29
-6.52
-7.13
-7.37
-7.4
-7.71
-8
-8
-7.71
-7.2
-7.14
-7.65
-8.17
-8.02
-7.37
-7.1
-7.59
-7.96
-8.03
-8.03
-8.1
-8.46
-8.65
-8.37
-8.23
-8.53
-8.8
-8.81
-8.83
-8.6
-8.27
-8.23
-8.56
-8.69
-8.6
-8.6
-8.6
-9.22
-8.98
-8.12
-7.37
-7.4
-7.55
-6.98
-6.36
-6.51
-6.98
-6.96
-6.56
-6.33
-6.71
-7.39
-7.59
-7.59
-7.05
-7.33
-7.65
-7.56
-7.04
-7.17
-7.85
-7.86
-7.67
-8.65
-9.77
-9.06
-7.15
-6.12
-6.12
-6.8
-7.46
-7
-7.64
-8.57
-8.43
-7.72
-7.35
-7.35
-7.27
-6.98
-6.85
-7.14
-7.17
-6.6
-6
-6.1
-6.43
-6.43
-5.87
-5.87
-5.78
-5.99
-5.99
-4.54
-4.67
-5.24
-5.35
-4.82
-4.44
-4.83
-5.55
-5.56
-4.8
-4.41
-5.21
-6.22
-6.22
-6.52
-6.57
-7.82
-8.16
-8.22
-8.55
-9.19
-9.67
-9.41
-9.11
-9.34
-9.61
-8.83
-7.46
-6.48
-6.48
-6.07
-5.46
-5.16
-5.18
-5.36
-5.34
-4.97
-4.81
-5.52
-6.81
-7.53
-7.62
-7.52
-7.44
-7.53
-7.24
-6.5
-6.5
-6.07
-5.33
-4.45
-4.18
-4.82
-5.47
-5.51
-5.25
-5.27
-5.68
-5.86
-5.68
-5.67
-5.53
-5.28
-5.06
-5.06
-4.84
-4.49
-4.59
-4.71
-4.72
-4.81
-4.75
-4.48
-4.24
-4.17
-4.18
-4.05
-4.05
-4.07
-3.76
-3.51
-3.67
-3.9
-3.9
-3.88
-3.88
-3.94
-3.72
-3.54
-3.35
-3.01
-2.2
-1.58
-1.4
-0.53
0.8
0.8
0.86
0.5
1.04
1.58
1.33
1.11
1.56
1.57
1.06
0.86
1.06
1.22
1.15
1
0.8
0.65
0.55
0.55
0.35
0.12
-0.23
-0.3
-0.66
-1.35
-1.82
-1.66
-1.54
-2.18
-3.08
-3.41
-2.76
-1.63
-0.8
-0.96
-0.96
-1.67
-0.96
0.34
0.34
-0.67
-1.6
-1.32
-0.77
-1.28
-2.1
-1.67
-0.57
0.21
0.3
0.37
1.08
1.08
2.7
2.7
2.7
2
2.01
2.54
3.48
3.75
2.95
2.02
1.92
2.4
2.7
2.54
2.08
1.77
1.77
0.88
0.36
0.62
0.89
0.88
0.82
1.41
2.37
2.59
2.1
1.92
2.7
3.63
3.43
2.69
2.93
3.9
4.03
3.62
4.04
5.12
5.65
5.59
5.21
5.25
5.47
5.07
4.41
4.42
5.25
5.81
5.44
5.11
5.51
5.57
4.77
4.15
4.15
4.54
4.43
3.96
5.4
6.82
6.46
5.17
5.38
6.56
7.21
6.72
5.88
5.88
6.26
6.28
6.28
6.03
6.53
6.51
6.21
5.95
5.86
5.68
5.52
5.69
6.03
6.38
6.64
6.75
6.85
7.51
8.05
8.1
8.28
9.14
10.13
10.35
10
9.97
10.39
10.36
9.83
9.34
9.36
9.34
9.14
9.14
8.46
8.98
8.98
7.96
8.04
8.99
9.62
9.41
9.16
9.69
10.33
10.14
9.17
8.39
8.18
7.83
7.13
6.33
5.97
5.82
5.4
4.86
4.86
5.5
5.28
4.61
4.63
5.34
5.47
4.88
4.93
5.74
6.32
6.82
6.82
7.64
8.2
8.2
8.19
7.91
7.47
7.46
8
8.7
9.16
9.43
9.63
9.74
9.81
10.32
10.32
11.06
10.76
10.31
10.31
11.56
11.56
11.1
11.12
11.31
11.29
10.93
10.47
10.19
10.1
9.35
8.66
8.61
9.49
9.49
9.37
9.43
10.09
10.09
9.75
9.64
9.92
10.29
10.03
9.73
10.22
10.7
10.67
10.7
11.1
11.64
11.74
11.74
11.46
11.95
12.05
11.65
11.34
11.71
12.51
12.84
12.5
12.11
12.19
12.22
11.63
11.63
11.05
11.07
11.07
10.77
9.8
9.45
9.41
9.75
9.77
9.27
9.33
10.2
10.5
10.4
10.72
11.08
10.81
10.55
10.94
11.23
11.23
10.63
9.64
9.11
9.47
9.26
8.81
8.55
8.54
8.31
7.82
7.79
8.52
9.25
9.25
8.26
8.49
8.49
9.9
9.54
9.38
10.09
10.81
10.49
9.62
9.69
10.55
10.78
9.78
8.8
9.11
9.11
10.49
10.12
10.12
9.67
10.16
10
9.17
8.65
8.58
8.53
8.26
7.73
7.22
6.6
6.04
6.05
6.16
6.39
6.39
6.97
8.3
8.3
8.3
8.86
9.6
10.2
10.78
11.21
11.36
11.21
10.94
10.54
10.43
10.43
11.04
11.04
10.66
9.74
10.01
9.96
9.35
8.56
8.31
8.59
8.47
7.48
6.28
6.19
6.34
6.02
5.02
4.11
4.11
6.32
7.4
7.4
6.64
5.99
5.86
5.66
5.31
5.45
6.29
6.86
6.61
6.45
7.02
7.7
7.65
7.19
7.19
6.49
6.71
6.71
6.53
6.05
6.16
6.71
6.72
6.17
5.56
5.77
6.38
6.13
5.4
5.4
5.92
5.61
5.16
5.4
6.5
7.42
7.19
6.16
5.23
4.87
4.72
4.07
3.76
4.38
4.75
3.9
3.35
3.71
3.89
3.33
2.79
2.7
2.55
2.14
2.37
2.97
2.92
2.46
2.99
3.82
3.11
2.29
2.52
2.85
1.99
0.46
0.46
-0.62
-0.73
-1.18
-1.5
-1.32
-1.02
-0.76
-0.24
0.05
0.22
0.83
1.17
0.86
0.86
0.55
1.1
1.2
0.56
0.56
0.28
0.42
0.4
0.31
0.09
-0.32
-0.69
-1.07
-1.84
-2.13
-1.87
-1.87
-2
-1.89
-1.76
-1.65
-1.64
-1.27
-0.6
-0.41
-0.77
-0.82
-0.39
-0.66
-1.49
-1.73
-0.84
-0.28
-0.28
-1.05
-2.13
-2.13
-1.78
-2
-1.88
-1.58
-1.74
-2.43
-2.99
-2.77
-2.27
-2.42
-2.91
-3.01
-3.01
-2.63
-3.79
-3.79
-4.59
-4.66
-4.64
-6.59
-6.86
-6.35
-6.32
-7
-7.63
-7.7
-8.02
-8.95
-9.79
-9.77
-9.77
-8.93
-8.85
-8.85
-9
-8.51
-8.97
-9.4
-8.27
-6.99
-7.26
-8.34
-8.42
-6.82
-6.05
-6.77
-7.49
-7.16
-7.16
-7.03
-7.03
-7.65
-6.29
-5.91
-6.1
-6.38
-6.33
-6.51
-6.74
-6.34
-5.63
-4.96
-4.85
-5.18
-5.79
-6.16
-6.22
-6.38
-6.38
-6.69
-7.25
-7.27
-7.49
-7.82
-7.66
-7.13
-6.62
-6.78
-7.3
-7.86
-8.04
-8.28
-8.76
-8.91
-8.56
-8.56
-8.72
-9.45
-9.93
-10.12
-10.46
-10.89
-10.47
-9.78
-9.86
-10.51
-10.54
-9.69
-8.77
-8.79
-9.41
-9.54
-9.54
-9.7
-10.23
-10.66
-10.86
-11.14
-11.65
-11.67
-11.32
-10.97
-10.98
-11.31
-11.82
-11.77
-10.98
-10.09
-9.8
-10.55
-11.1
-9.86
-8.56
-9.34
-10.07
-9.62
-8.37
-8.23
-9.26
-10
-9.84
-9.36
-9.25
-9.25
-9.84
-9.98
-9.97
-10.25
-10.85
-11.36
-11.11
-10.44
-10.19
-10.55
-10.76
-10.6
-10.35
-10.54
-10.99
-11.15
-11.03
-11.03
-11.27
-11.78
-12.23
-12.16
-12.12
-11.96
-11.73
-11.21
-10.39
-9.89
-9.92
-10.24
-10.5
-10.58
-10.65
-10.84
-11.07
-10.81
-10.81
-10.26
-9.97
-10.08
-9.9
-9.66
-9.67
-9.89
-9.99
-9.78
-9.7
-10.28
-11.25
-12.24
-13.35
-14.18
-13.91
-13.28
-13.65
-13.65
-15.23
-14.55
-14.14
-14.55
-14.74
-13.88
-12.63
-12.3
-12.52
-11.93
-10.64
-10.16
-10.16
-9.94
-7.39
-6.97
-7.54
-8.05
-7.55
-6.63
-6.26
-6.51
-7.02
-7.16
-7.19
-7.53
-8.06
-8.16
-8.11
-8.11
-8.15
-8.15
-7.64
-7.64
-6.93
-7.29
-8.25
-9.12
-9.59
-10.24
-11.02
-10.93
-10.04
-9.65
-10.11
-10.81
-11.02
-11.02
-11.19
-11.19
-11.09
-10.54
-10.23
-10.34
-10.76
-10.96
-10.75
-10.24
-9.78
-9.64
-9.47
-9.14
-9.08
-8.98
-8.39
-7.62
-7.25
-7.41
-7.24
-6.78
-6.76
-7.14
-6.6
-6.04
-6.11
-7.07
-7.68
-7.1
-6.19
-5.98
-6.2
-6.31
-5.91
-5.91
-5.65
-5.83
-5.87
-5.34
-4.9
-4.99
-5.07
-4.69
-4.44
-4.59
-4.56
-4.36
-4.3
-4.3
-4.42
-4.32
-4.32
-5.4
-5.58
-5.37
-5.62
-6.37
-6.86
-6.99
-6.7
-6.44
-5.78
-4.78
-4.16
-3.95
-3.76
-3.22
-2.56
-2.14
-2.14
-1.7
-1.11
-0.49
-0.52
-0.59
-0.14
0.44
0.49
-0.03
-0.29
-0.32
-0.48
-0.93
-1.62
-2.42
-3.24
-3.43
-3.25
-2.96
-2.73
-2.38
-1.72
-1.12
-0.99
-1.17
-1.06
-0.67
-0.29
-0.16
-0.4
-0.4
-0.55
-0.55
0.12
-0.65
-1.2
-0.64
0.13
0.37
-0.13
-0.52
-0.18
0.28
0.13
-0.2
-0.08
0.27
0.27
0.11
0.11
0.03
1.02
1.19
1.5
1.98
1.94
1.6
1.41
1.71
1.84
1.52
0.98
1.03
1.34
1.34
1.13
1.02
1.02
1.81
2.07
2.48
2.92
3.09
3.52
4.43
4.49
3.74
3.47
3.91
4.23
3.93
3.38
2.91
2.92
2.92
3.19
2.5
2.59
3.02
2.62
1.98
2.19
3.15
3.53
3.2
2.8
2.96
3.06
2.74
2.74
2.94
3.23
3.23
3.64
3.91
4.06
4.31
4.35
4.25
4.3
4.75
5.5
5.47
4.79
4.79
4.48
4.48
3.47
3.18
3.18
4.23
4.24
3.61
3.01
3.06
3.39
3.47
3.09
2.86
3.01
3.28
3.27
3.19
3.19
3.41
4.08
3.12
2.13
2.36
3.17
2.92
1.81
1.57
2.3
2.39
1.76
1.74
2.66
3.23
3.21
3.21
3.66
4.05
4.05
4.24
4.58
4.59
4.43
4.96
6.6
8.06
8.05
7.16
6.7
6.8
6.67
5.99
5.99
5.39
5.39
5.2
4.19
3.77
3.83
4.01
4.06
4.19
4.69
5.05
4.97
4.99
5.39
5.67
5.59
5.6
5.8
5.88
5.88
5.7
5.7
5.98
5.94
5.88
6.03
6.38
6.77
7.01
7.19
7.47
7.64
7.44
7.44
6.42
6.54
6.31
5.99
5.9
6.16
6.38
6.49
6.62
6.52
6.04
5.5
5.59
5.96
5.8
5.5
5.54
5.54
4.77
4.75
4.75
5.71
5.17
4.84
5.5
6.42
6.59
6.31
6.47
6.87
6.84
6.54
6.98
8.36
8.36
9.13
8.95
8.95
10.8
10.89
10.28
9.98
10.29
10.41
9.58
8.31
7.58
7.81
8.5
8.93
8.84
8.18
7.44
6.78
6.78
6.74
7.15
6.96
6.7
7.09
7.19
6.86
6.87
7.5
8.04
8.64
9.25
9.42
9.47
9.47
9.47
8.4
8.18
8.2
8.02
7.9
7.87
7.78
7.75
7.87
7.26
6.13
5.39
5.2
5.34
5.31
5.31
4.87
4.86
4.86
5.81
5.44
5.15
5.34
5.51
5.61
5.24
5.17
5.75
6.5
6.79
6.78
7.11
7.59
8.02
8.07
8.29
8.83
9.17
8.96
8.64
8.83
9.34
9.41
8.86
8.36
8.36
8.2
8.01
6.3
6.3
6.47
6.47
6.49
4.68
4.25
4.06
3.59
3
2.63
2.4
2.22
2.25
2.9
3.71
3.71
3.91
4.02
4.02
4.03
3.7
3.65
3.89
3.75
3.34
3.32
3.85
4.36
4.44
4.67
5.48
6.19
6.33
6.49
6.49
7.06
7.55
7.26
6.05
6.1
5.87
5.5
5.48
5.81
5.75
5.02
4.49
4.78
4.95
4.54
4.01
4.01
4.18
3.87
3.87
2.7
3.81
4.63
4.32
3.83
3.91
3.85
3.58
2.98
1.9
0.76
0.59
1.14
1.12
0.42
-0.26
-0.76
-1.26
-1.98
-2.55
-2.67
-2.3
-2.11
-2.41
-2.61
-2.15
-1.7
-1.97
-2.34
-2.34
-1.42
-1.78
-2.56
-2.69
-2.23
-2.07
-2.3
-2.09
-1.74
-2.11
-2.73
-2.52
-1.78
-1.87
-2.93
-3.4
-2.72
-2.52
-3.54
-3.54
-4.67
-4.25
-4.26
-4.75
-4.76
-4.12
-3.39
-2.87
-2.58
-2.53
-2.46
-2.47
-2.9
-3.77
-3.77
-4.4
-4.21
-4.55
-5.1
-5.43
-5.69
-6.14
-6.5
-6.93
-7.31
-7.79
-8.22
-8.23
-8.26
-8.51
-9.27
-10.11
-10.48
-10.01
-9.26
-9.26
-8.1
-7.56
-7.17
-6.53
-6.03
-5.9
-5.99
-5.94
-5.4
-4.79
-5.07
-6.09
-6.6
-5.96
-5.96
-6.42
-7.34
-7.01
-5.97
-5.65
-6.05
-6.16
-5.79
-5.76
-5.59
-5.08
-4.85
-5.06
-5.27
-5.27
-5.22
-4.95
-5.45
-6.47
-7.41
-7.85
-7.99
-8.45
-9.22
-9.89
-10.71
-11.59
-11.98
-12.06
-12.34
-12.71
-12.71
-12.47
-11.41
-11.41
-11.5
-11.38
-10.77
-10.91
-11.45
-10.93
-9.51
-8.71
-9.18
-9.79
-9.49
-8.77
-8.26
-7.77
-7.77
-7.93
-8.19
-8.19
-7.83
-8.12
-9.2
-10.43
-10.99
-10.87
-10.6
-10.57
-10.91
-11.44
-11.73
-11.9
-11.9
-12.09
-11.92
-11.92
-12.21
-13.18
-12.8
-12.71
-13.28
-13.58
-13.7
-13.98
-14.3
-14.39
-14.07
-13.51
-13.51
-14.46
-15.22
-15.22
-15.17
-15.17
-15.18
-15.32
-14.93
-14.73
-15.1
-15.25
-14.89
-14.45
-14.45
-14.75
-14.48
-13.32
-12.12
-11.64
-11.64
-11.53
-11.75
-12.43
-12.76
-12.54
-12.32
-12.62
-13.25
-13.63
-13.6
-13.73
-14.21
-14.77
-15.07
-14.91
-14.37
-14.37
-14.87
-14.95
-13.97
-13.19
-13.41
-13.78
-13.34
-12.8
-13.5
-13.96
-12.93
-11.2
-10.69
-11.72
-12.31
-12.24
-11.94
-11.85
-12.19
-12.16
-11.7
-11.66
-11.91
-12.02
-11.57
-11.22
-11.81
-12.83
-13.02
-12.39
-11.92
-12.46
-13.03
-13.03
-11.82
-11.82
-13.52
-14.05
-13.58
-13.62
-14.91
-15.57
-14.8
-14.28
-14.83
-15.25
-14.81
-14.38
-14.82
-15.13
-14.65
-14.47
-14.47
-15.3
-14.64
-14.19
-14.33
-14.12
-13.37
-13.21
-13.94
-14.18
-13.26
-12.3
-12.23
-12.23
-12.23
-11.69
-12.09
-12.94
-12.97
-12.39
-12.09
-12.01
-11.92
-11.97
-12.31
-12.35
-12.22
-12.06
-11.34
-10.35
-10.35
-10.98
-11.5
-11.28
-11.02
-10.85
-10.44
-10.02
-10.12
-10.45
-10.2
-9.46
-9.02
-8.8
-8.55
-8.11
-7.8
-7.77
-7.77
-7.66
-7.75
-7.83
-7.84
-7.83
-7.83
-7.91
-7.9
-7.58
-7.43
-7.92
-8.1
-7.62
-7.38
-7.91
-8.51
-8.51
-7.91
-7.91
-7.71
-7.56
-6.03
-5.96
-6.65
-6.82
-6.24
-6.05
-6.81
-7.34
-7
-6.22
-5.74
-5.74
-5.89
-5.89
-5.72
-5.68
-5.68
-5.58
-6.47
-7.29
-7.19
-6.58
-6.6
-7.04
-6.78
-6.01
-5.25
-4.76
-4.61
-4.56
-4.22
-3.4
-3.4
-3.58
-3.93
-3.53
-3.04
-3.26
-3.57
-3.64
-3.75
-4.43
-4.99
-4.67
-3.84
-3.6
-4.13
-4.13
-4.29
-2.92
-3.35
-3.9
-3.76
-3.02
-2.7
-2.97
-3.2
-2.74
-1.76
-1.56
-2.22
-2.4
-1.84
-1.1
-1.1
-1.06
-1.06
-0.85
-0.85
-1.03
-0.73
-0.06
0.22
0.23
0.22
0.57
0.83
0.15
-0.86
-0.91
-0.48
-0.88
-1.82
-1.82
-2.03
-0.8
-0.76
-0.71
-0.21
0.3
0.41
0.53
0.85
1.31
1.56
1.18
1.19
1.5
1.24
1.24
-0.76
0.03
1.03
0.97
1.06
2
3.04
3.28
3.07
3.28
4.19
5.02
5.11
4.74
4.86
5.11
4.67
4.67
4.12
4.74
5.14
4.93
4.98
5.5
5.91
5.51
4.91
5.02
5.86
6.7
6.68
5.84
5.29
5.29
5.54
6.45
6.45
6.09
5.86
5.79
5.67
5.59
5.74
5.7
5.21
5.14
5.77
6.49
6.78
6.78
6.34
6.34
6.81
7.26
6.58
5.63
5.98
7.17
7.16
5.78
4.9
5.03
4.98
4.61
4.28
4.34
4.82
4.82
5.47
5.83
6.48
6.51
6.45
6.53
6.78
6.81
6.26
5.92
6.34
6.66
6.36
6.33
6.68
6.68
6.45
6.84
7.72
7.72
8.15
8.29
8.4
8.55
8.33
8.06
8.18
8.64
8.8
8.58
8.82
9.61
9.86
9.86
8.32
8.32
7.47
7.4
6.81
6.44
6.57
6.84
6.66
6.23
6.24
6.56
6.88
7.34
7.37
7.37
7.43
8.06
8.82
8.08
7.31
7.31
7.56
7.17
5.99
5.11
5.71
6.95
7.34
7.22
7.44
7.86
8.11
8.53
9.19
9.54
9.44
9.16
8.86
8.83
9.21
9.34
8.76
8.59
8.89
9.04
8.51
8.16
8.75
8.75
7.92
7.92
7.11
9.77
10.04
9.42
9.65
10.59
10.9
10.39
9.96
10.08
10.29
10.28
9.54
8.72
8.56
8.8
8.21
8.21
7.78
8.66
8.32
7.48
7.85
9.32
9.88
9.09
8.14
8.25
8.81
8.65
7.69
7.15
7.58
7.97
7.53
7.53
6.46
6.46
6.17
5.5
4.98
5.2
5.25
4.64
4.44
4.57
4.61
4.81
4.81
5.65
5.64
5.26
4.58
4.29
4.87
5.7
5.95
5.74
6.11
6.84
7.12
7.14
7.51
8.17
8.58
8.58
8.17
8.21
8.29
8.12
7.88
7.37
6.66
6.16
6.09
6.33
6.03
5.31
5.11
5.28
4.96
4.55
4.92
5.47
5.38
4.83
4.67
5.16
5.43
4.58
3.45
3.18
3.7
3.83
2.95
2.14
1.96
2.23
2.25
2.02
1.87
1.87
1.97
2.18
2.04
1.77
1.87
2.09
2.3
2.1
1.7
1.57
1.87
2.09
2.21
2.22
2.38
2.38
2.45
2.45
2.71
2.89
3.54
3.84
3.21
2.3
2.34
3.2
3.64
2.96
2.13
2.28
3.01
3.21
2.8
2.8
2.59
2.45
1.78
1.78
1.62
2.17
1.4
0.1
-0.5
0.05
0.82
0.63
-0.22
-0.7
-0.37
0.05
-0.02
-0.79
-1.53
-1.72
-1.72
-1.74
-2.01
-2.19
-2.2
-2.23
-2.23
-2.32
-2.88
-3.49
-3.68
-3.32
-2.97
-2.92
-2.92
-3.14
-3.32
-3.32
-3.8
-3.79
-3.12
-2.16
-1.78
-1.99
-1.99
-1.74
-1.5
-1.51
-1.53
-1.79
-2.39
-3.01
-3.08
-2.78
-2.69
-2.7
-2.47
-2.17
-2.38
-2.91
-3.48
-4.07
-4.44
-4.05
-3.53
-3.77
-4.44
-4.65
-4.64
-4.91
-5.39
-5.73
-5.77
-5.77
-5.88
-5.38
-4.64
-4.57
-5.22
-5.95
-6.25
-5.81
-5.19
-5
-5.29
-5.84
-6.14
-5.92
-5.77
-6.41
-6.88
-6.34
-5.66
-6.46
-7.68
-7.78
-6.63
-5.47
-5.73
-6.29
-6.38
-6.48
-7.5
-8.43
-8.19
-8.19
-7.24
-7.28
-6.97
-6.48
-6.15
-6.42
-6.67
-6.43
-6.07
-6.1
-6.57
-6.99
-7.28
-7.71
-7.71
-8.64
-8.64
-9.02
-9.13
-9.51
-9.5
-8.99
-8.67
-9.16
-10
-9.67
-8.38
-7.63
-7.63
-7.57
-7.19
-6.94
-7.06
-7.03
-6.92
-7.12
-7.66
-8.11
-8.21
-8.01
-8.07
-8.67
-9.03
-8.77
-8.65
-9.16
-9.67
-9.41
-8.69
-8.69
-8.44
-8.29
-7.7
-7.22
-7.32
-7.85
-7.99
-8.09
-7.93
-7.64
-7.86
-8.39
-8.91
-8.87
-8.27
-7.69
-7.57
-7.57
-7.54
-7.11
-6.86
-7.05
-7.27
-7.35
-7.58
-8.21
-9.04
-8.99
-8.64
-8.76
-9.28
-9.28
-9.49
-9.19
-9.85
-10.95
-9.89
-9.4
-10.16
-10.52
-9.66
-8.79
-9.18
-10.21
-10.41
-9.62
-9.46
-10.32
-11.12
-11.12
-10.84
-10.35
-10.12
