312.92
311.89
313.12
312.56
314.26
315.2
314.97
314.98
315.69
315.6
316.34
317.55
317.73
316.54
317.08
317.19
316.6
316.89
316.01
316.05
316.53
316.18
316.31
317
317.09
316.83
316.7
316.32
316.4
316.98
316.38
316.99
316.11
316.59
316.72
316.21
317.03
316.46
316.22
316.65
316.97
316.05
316.42
316.28
317.08
317.1
316.45
316.99
316.75
316.94
316.76
316.79
316.95
315.17
316.47
316.57
316.37
316.44
317.26
317.2
316.73
315.83
315.47
316.1
315.5
317.18
317.42
317.37
315.83
316.52
316.52
316.55
316.02
317.1
316.32
317.51
316.67
316.22
317.21
317.25
316.72
315.02
316.94
316.88
316.48
316.83
316.52
315.99
315.74
316.48
316.46
317.03
316.85
317
318.12
317.24
317.46
316.49
316.63
317.26
316.66
316.66
317.16
316.97
316.53
315.4
316.94
315.84
316.48
316.71
317.3
316.89
317.46
316.66
316.47
317
316.41
315.99
317.06
316.22
316.47
317.89
317.94
316.88
317.18
317.84
317.18
316.78
317.4
317.18
316.34
317.11
317.35
317.46
317.38
317.27
317.22
316.92
314.37
315.96
315.5
316.87
316.54
317.05
316.4
316.49
316.24
316.57
316.04
315.96
316.15
316.12
316.25
317.33
317.28
316.99
316.59
316.28
316.53
316.56
315.66
315.54
316.12
316.38
316.8
317.41
316.77
317.08
317.14
316.58
316.37
316.84
316.7
317.59
317.14
316.71
317.41
317.34
317.08
316.14
316.99
316.62
316.68
316.83
317.15
316.4
316.09
316.37
316.88
316.52
315.66
316.26
316.13
316.22
316.08
317.11
316.88
316.46
316.91
316.45
316.79
318.65
316.92
316.57
317.26
316.8
317.23
316.88
316.59
315.93
317.2
316.65
316.62
316.68
316.81
317.8
317.58
317.44
316.95
317.5
316.86
316.92
316.64
317.59
317.27
316.22
316.79
317.2
317
317.33
317.04
316.82
316.46
316.9
317.08
317.31
316.71
316.83
316.75
315.65
316.12
316.3
316.34
316.86
316.82
316.29
314.95
315.72
315.62
315.32
316.19
315.02
315.08
315.12
315.01
315.27
315.79
315.08
314.14
314.4
315.11
314.42
315.24
314.81
314.56
315.33
314.51
314.77
315.37
313.99
314.48
314.67
314.36
315.34
314.75
315.65
315.41
315.46
314.32
314.14
313.25
314.17
315.68
314.58
315
315.13
315.12
314.69
315.1
314.94
314.02
314.94
314.65
315.31
314.63
314.63
314.47
314.85
315.45
315.49
315.27
314.82
315.16
315.13
314.74
315.41
314.8
314.07
313.99
314.3
314.2
314.61
314.88
315.06
314.83
314.44
314.41
314.59
315.18
314.63
314.95
314.72
314.15
314.36
314.43
313.8
314.06
314.88
314.37
313.93
314.22
313.5
314.11
313.95
313.38
314.14
314.19
313.78
314
314.16
312.9
315.01
314.55
314.04
313.86
312.87
312.64
312.62
312.82
312.89
313.23
313.15
311.86
312.03
311.66
313.04
312.3
311.82
312.1
312.7
312.43
310.85
311.73
310.8
311.32
311.26
311.95
311.57
312.09
312.54
312.15
311.45
312.41
311.82
310.96
311.77
312.19
312.14
311.85
311.27
311.56
312.1
312.09
311.96
311.54
311.91
311.49
311.94
312.15
311.39
311.17
311.96
312.82
312.88
311.62
311.12
312.23
310.97
309.84
310.3
310.32
310.86
310.26
311.32
311.48
310.45
311.83
310.67
310.05
310.82
311.11
310.58
309.95
310.93
310.45
310.06
310.92
310.69
311.54
310.79
310.52
310.66
310.43
310.63
310.39
310.41
310.54
311.05
310.71
310.58
309.28
310.06
311.14
309.61
309.61
310.45
310.2
310.61
310.77
309.9
309.9
310.51
309.67
310.39
309.75
309.78
309.62
310.11
309.69
309.55
309.93
310.63
310.13
309.56
310
310.38
309.46
309.61
310.34
309.9
310.17
310.16
309.54
309.74
309.95
310.12
309.43
309.67
309.94
309.41
309.19
309.37
309.91
310.29
310.15
308.87
309.41
309.25
308.79
309.02
309.91
309.24
310.12
310.36
309.3
309.97
309.9
309.88
309.8
309.4
309.61
307.79
309.05
308.44
309.44
309.35
309.82
309.34
308.91
309.21
308.01
308.59
307.62
308.89
309.13
309.11
309.98
309.6
310.23
308.67
307.98
307.98
308.49
308.6
308.4
308.37
308.73
308.61
308.57
308.04
308.6
307.8
307.82
307.74
307.85
309.09
309.43
308.21
308.44
308.51
308.32
307.92
307.39
307.76
307.76
307.66
306.09
307.74
307.72
307.89
306.99
307.35
308.22
307.88
308.38
307.34
307.28
307.5
307.54
306.75
307.9
308.13
308.12
307.95
308.23
309.29
308.32
307.49
307.32
307.48
308.03
308.29
307.73
307.48
306.86
307.33
308.02
308.31
308.53
308.18
308.01
307.4
306.94
306.84
307.4
307.59
306.97
306.64
306.2
306.69
307.02
307.3
307.25
306.92
306.98
306.75
306.56
306.84
306.49
306
305
305.65
305.55
306.15
306.74
307.26
306.47
306.32
305.89
306.2
307.5
306.7
306.04
306.14
305.73
305.86
305.52
306.15
306.64
307.13
306.04
305.95
306.14
305.49
305.21
305.06
305.73
305.5
305.8
306.22
306.63
306.34
306.14
305.61
304.93
305.98
307.73
306.47
306.32
305.86
305.47
305.47
306.2
305.12
305.95
307.48
306.8
305.43
306.42
306.49
306.23
306.47
306.92
306.97
306.25
306.72
306.71
306.06
306.44
305.8
304.93
306.05
304.86
305.56
305.95
306.59
306.65
306.5
305.85
306.07
306.13
306.76
305.89
305.2
306.73
305.71
305.78
306.29
306.62
305.92
306.61
306.29
305.77
305.77
305.63
306.05
305.53
306.59
306.88
307.11
306.54
306.2
306.66
305.98
306.33
306.93
308.46
306.48
308.16
307.15
306.47
306.59
306.54
307.3
306.85
306.39
306.82
306.81
306.58
306.78
305.6
306.83
306.49
306.48
306.71
306.85
306.28
306.99
306.87
306.9
307.05
305.9
305.48
306.22
306.27
305.38
305.92
305.62
306.51
305.96
306.22
306.13
306.41
306.58
306.53
306.73
306.68
306.73
306.45
306.41
305.81
307.49
307.77
307.77
306.86
306.86
306.93
307.66
307.68
308.56
308.49
308.31
307.54
308.11
308.11
308.44
308.44
307.67
308.28
307.84
307.62
307.44
307.59
306.91
307.55
308.12
307.55
307.55
308.24
308.4
307.76
307.76
308.61
308.51
308.18
307.64
308.46
307.09
307.73
307.72
308.13
308.02
307.9
307.6
307.86
307.83
307.39
307.39
308.02
308.01
308.07
308.01
307.75
308.4
308.36
307.77
308.14
308.31
308.5
307.91
307.69
308.24
308.9
309.27
309.19
309.19
309.21
309.17
309.23
309.45
309.31
309.31
309.53
310.25
311.02
310.03
310.03
309.67
309.67
309.43
310.17
310.12
310.12
310.22
310.38
310.3
310.3
310.02
310.01
310.46
309.62
309.88
309.88
310.74
310.38
310.33
310.64
310.53
310.68
310.62
311.26
312.17
312.08
311.49
312.77
312.64
312.64
312.18
312.18
312.87
313.12
313.22
313.07
313.43
313.73
313.29
314.17
313.6
313.43
313.37
313.37
314.03
313.84
313.84
312.9
312.65
312.7
312.92
312.92
313.56
312.81
312.95
313.1
313.59
312.88
312.88
312.22
312.22
313.47
313.47
313.12
313.5
314.12
312.89
313.49
314.15
313.41
312.99
313.87
313.55
313.3
313.8
313.83
314.19
314.19
313.35
313.35
312.45
313.74
312.93
312.82
313.64
313.9
313.94
313.13
313.89
313.82
313.82
313.55
313.58
314.03
314.03
313.09
313.54
313.9
313.77
313.83
313.12
313.82
314.26
313.72
314.21
313.79
314.13
314.13
313.86
313.51
314.04
313.4
314.58
314.58
314.22
314.22
313.99
314.35
314.06
313.69
314.56
314.76
314.65
314.46
313.48
313.82
312.35
313.3
313.3
314.39
314.21
313.34
312.53
312.51
313.98
313.84
313.07
314.12
313.62
313.62
313.47
313.47
313.31
313.31
313.21
314.22
314.22
313.72
313.11
313.37
312.97
313.83
313.4
313.55
313.55
313.94
314.22
312.99
312.99
313.68
313.65
313.43
313.8
313.8
313.38
313.38
314.12
313.77
313.39
313.19
312.5
312.5
313.38
313.41
313.41
312.87
312.73
312.93
312.92
313.51
313.58
312.94
313.32
312.48
313.1
312.91
313.76
313.62
314.13
314.11
314.42
313.11
313.11
313.03
313.19
312.82
313.13
313.23
313.47
313.15
313.35
313.35
313.33
313.69
313.37
313.13
313.02
313.52
312.89
313.37
313.89
312.43
312.85
312.28
313.03
312.93
312.92
312.69
313.05
314.01
313.89
313.81
313.15
314.27
314.22
314.22
314.11
313.77
315.02
313.54
313.54
315.19
314.58
315.41
313.9
313.9
315.21
314.44
314.8
314.9
315.13
314.55
315.13
315.77
314.07
315.33
315.22
313.93
313.93
313.22
314.68
314.99
314.1
314.12
314.66
314.77
314.68
314.34
314.73
315.04
315.37
313.93
313.93
315.45
315.28
315.28
317.1
317.1
317.31
315.41
315.12
314.77
314.66
314.51
314.29
314.82
315.34
315.88
315.21
314.82
315.03
314.82
315
314.92
314.12
314.12
315.26
315.53
315.38
315.15
315.43
314.56
313.88
313.77
314.29
314.29
314.78
314.17
314.38
314.18
314.18
313.67
313.42
314.46
315.33
314.16
314.16
314.53
314.09
313.53
314.18
314.19
314.76
314.27
314.79
315.13
314.94
314.94
315.01
314.22
314.22
313.77
314.36
313.87
314.22
315.12
314.24
314.7
314.07
313.98
313.98
313.91
314.34
314.44
314.44
314.57
314.03
314.03
314.26
314.4
314.36
313.48
313.55
314.33
314.75
314.75
314.58
314.58
314.5
314.87
313.76
313.76
314.17
314.29
314.28
312.99
312.99
313.19
313.54
313.43
313.43
313.76
313.96
313.53
311.78
312.62
313.46
313.46
313.39
313.85
313.7
313.51
313.37
313.72
312.94
313.26
312.34
313.46
313.46
312.62
312.93
313.69
312.57
312.77
312.77
312.4
311.99
312.1
312.09
312.78
313.36
313.36
312.99
312.67
313.17
312.63
312.23
312.26
312.19
313.02
314.27
312.59
312.59
313.65
311.43
312.67
313.08
313.08
314.16
312.33
312.94
313.01
313.07
312.94
314.4
314.1
314.1
313.53
314.21
312.91
313.35
312.91
313.22
313.9
313.88
314.27
313.7
312.28
313.83
313.83
313.8
313.55
312.53
313.61
314.14
313.51
313.7
313.2
313.2
312.82
313.86
313.64
312.8
312.4
313.27
313.05
313.66
313.11
314
314
314.01
313.46
313.9
313.9
313.61
314.17
313.35
313.52
313.94
314.19
313.23
314.19
314.14
314.68
314.26
314.3
313.37
313.37
314.16
313.91
313.87
313.87
313.41
312.3
312.91
312.69
312.75
312.75
312.47
312.79
313.08
313.08
312.62
312.62
312.24
312.24
311.95
311.43
312.76
311.66
311.28
311.66
311.3
310.84
312.09
310.61
311.05
311.05
310.25
309.84
309.99
310.07
310.2
309.79
309.71
309.71
309.79
309.07
309.54
309.94
310.41
309.99
310.32
310.67
310.67
309.82
310.42
310.66
309.9
310.22
310.5
310.6
309.69
310.36
311.08
311.08
310.29
309.78
310.05
310.66
309.46
310.05
311.37
310.76
310.66
310.78
310.91
310.22
311.05
310.36
310.36
310.42
310.6
310.4
309.33
310.05
310.88
310.88
310.35
310.01
309.3
309.39
309.45
309.44
309.56
309.56
309.22
307.45
308.75
307.18
307.6
307.6
306.94
305.25
304.89
304.46
304.46
304
304.41
303.22
303.22
303.75
304.59
303.66
303.66
303.16
303.36
303.37
303.76
303.09
303.37
303.77
303.81
303.11
302.78
302.78
303.93
303.23
303.72
303.55
304.09
303.62
303.97
304.08
303.41
303.84
303.84
303
303.12
303.17
303.73
304.16
304.65
303.26
303.18
302.74
302.37
303.97
303.97
303.32
304.8
303.77
303.76
303.76
303.78
302.82
303.71
303.76
303.8
303.29
302.91
303.94
303.56
303.74
303.74
303.65
303.03
303.08
303.08
304.05
303.51
303.91
302.58
302.58
303.53
303.58
304.14
304.76
304.09
303.54
302.71
302.71
303.61
303.98
303.23
303.23
303.41
303.82
303.6
303.29
304.23
302.99
304
303.24
304.13
303.39
304.5
304.48
304.48
304.48
304.48
304.89
304.12
303.63
302.83
303.72
303.45
302.95
302.81
302.81
302.39
302.82
302.74
302.74
302.21
302.76
301.84
301.84
300.94
300.94
300.64
300.13
297.87
298.51
298.94
299.98
299.94
299.94
300.4
299.16
299.1
299.35
300.25
299.3
299.3
299.54
300.05
299.55
299.86
300.02
300.02
299.71
299.59
299.72
299.3
299
299.44
298.47
298.92
299.43
300.08
300.08
299.51
299.08
299.25
299.39
299.38
298.45
299.46
299.21
299.05
299.31
299.07
299.79
299.53
299.61
299.88
299.88
299.63
299.05
298.11
298.88
298.45
297.77
297.77
298.52
298.41
298.69
297.78
297.78
298.54
298.54
298.96
298.87
298.87
298.81
297.53
297.53
298.99
298.99
298.5
298.52
299.07
300.84
300.67
301.31
300.83
301.75
301.03
301.25
301.37
302.09
302.74
302.74
302.39
301.81
301.51
300.8
302.62
301.81
301.86
301.97
301.24
302.35
302.35
302.78
302.38
301.96
301.96
302.1
303.02
302.32
302.47
302.85
303.33
303.35
303.29
303.14
302.89
303.56
301.97
303.97
301.99
302.45
302.44
304.48
304.47
304.47
305.07
305.51
303.55
303.44
303.44
303.73
305.74
304.2
304.7
303.46
304.83
304.83
303.83
304.06
304.06
303.38
304.27
303.97
303.94
305.55
303.32
304.31
304.76
304.76
305.71
305.96
305.12
305.12
305.83
305.67
305.53
305.78
306.14
306.26
305.68
306.66
306.19
305.27
306.77
306.72
305.64
305.66
304.76
305.84
306.58
306.28
306.51
306.36
306.94
305.41
306.21
306.21
305.88
306.39
305.38
305.63
306.17
306.93
306.43
306.64
307.16
307.45
306.51
306.06
307.22
306.11
306.23
305.73
305.92
305.41
306
306.83
306.68
306.38
306.97
306.36
306.29
307
306.16
306.73
307.09
307.36
307.69
307.54
307.33
307.65
307.49
307.11
306.7
307.16
307.24
308
307.55
307.67
307.63
307.63
307.32
307.35
307.61
307.11
307.52
307.98
306.8
306.16
306.69
306.33
307.6
308.23
307.24
307.2
307.48
307.16
307.58
307.51
306.26
307.91
308.5
307.31
307.83
307.9
307.68
307.79
307.82
306.37
308.08
307.92
307.3
306.8
307.76
307.43
308.26
307.49
308.44
307.78
307.67
307.71
308.87
309.38
308.14
309.29
307.85
309.61
309.83
310.22
310.18
310.18
309.3
310.07
309.29
307.49
310.88
310.88
311.47
312.17
311.2
311.28
311.24
310.52
310.48
311.05
310.55
310.48
311.33
311.29
310.82
311.03
311.26
310.25
309.78
311.21
311.11
310.61
310.11
311.38
311.14
310.93
311.83
311.1
311.38
311.59
311.74
310.24
311.31
311.74
310.12
311.05
311.2
310.53
310.62
310.4
311.24
310.42
311.57
310.78
310.26
310.45
311.37
310.67
311.2
311.64
311.88
311.03
310.4
310.81
310.18
310.99
310.35
310.35
310.1
310.65
310.65
308.94
310.91
310.35
311.51
311.51
311.25
311.54
311.14
311.85
311.83
311.1
311.1
311.31
310.82
310.82
311.81
311.74
310.93
311.61
311.9
310.94
310.87
311.87
311.76
311.46
311.17
311.92
311.48
311.48
310.8
311.89
311.89
311.81
310.72
311.44
310.97
310.94
310.44
310.62
311.75
311.39
311.39
311.17
311.17
311.44
311.44
310.02
310.02
311.22
311.21
311.08
312.05
312.05
311.88
309.78
308.88
309.83
310.38
310.38
309.84
310.75
310.71
311.54
311.54
310.67
310.94
310.19
309.89
309.8
310.91
309.4
309.98
310.25
310.25
310.05
309.32
310.79
310.79
309.39
310.34
310.39
311.16
309.72
310.43
311.19
311.01
309.36
309.78
310.83
310.83
310.27
310.27
310.88
310.88
311.1
311.1
310.82
310.33
308.71
310.63
310.86
311.42
311.49
310.62
310.62
310.89
311.27
310.29
311.14
310.1
310.03
310.38
310.51
309.44
309.44
309.91
308.92
308.52
308.98
310.59
309.44
309.5
310.11
309.58
308.55
308.55
309.04
309.23
307.98
309
309.7
309.66
308.79
309.4
309.65
309.09
309.21
309.13
309.17
309.5
308.78
308.81
307.97
308.21
308.07
307.69
308.24
308.91
307.91
306.27
307.76
306.98
307.83
307.46
308
308.36
308.76
308.38
307.27
306.96
307.77
306.14
306.31
307.38
306.48
306.73
306.54
306.43
307.71
305.73
306.38
306.21
306.72
305.34
304.97
305.47
304.5
304.96
305.36
305.5
304.88
304.37
303.34
304.1
304.07
304.17
304.86
303.37
303.84
303.7
302.92
303.31
303.42
302.41
302.96
303.14
303.56
302.31
302.41
302.53
302.04
301.98
302.71
302.36
301.96
302.55
302.43
301.8
302.09
301.51
301.25
302.35
301.21
301.94
302.85
301.95
301.95
301.08
301.08
300.57
301.07
302.25
300.94
302.71
301.83
301.77
301.57
301.24
300.11
300.53
301.56
299.01
300.56
301.27
301.36
301.81
299.82
301.11
300.82
301.4
301.28
300.87
300.49
300.07
300.23
299.57
300.36
299.61
299.41
300.33
300.64
300.35
301.25
299.6
299.84
299.84
299.68
299.84
298.96
299.95
300.35
299.35
299.79
298.64
299.56
299.4
299.39
298.88
299.28
298.66
300.91
299.7
299.01
299.05
299.04
298.76
297.38
298.3
298.57
299.98
299.3
297.89
298.33
299
298.15
299.11
298.61
299.87
298.77
298.38
299.54
299.54
298.75
298.4
298.09
298.09
297.28
297.26
297.42
298.58
298.35
298.68
298.49
298.93
298.62
297.79
298.37
297.96
297.78
297.81
297.57
298.11
298.1
298.18
297.59
298.13
297.16
297.33
297.09
296.95
297.88
297.99
298.19
298.19
298.02
298.36
297.37
296.39
297.72
297.12
296.63
296.58
296.59
296.75
296.81
297.16
296.34
296.97
297.41
296.63
296.39
296.39
296.9
299.12
298.65
298.65
299.28
299.97
299.82
299.77
300.22
300.45
300.13
298.34
299.43
299.45
300.31
299.53
299.76
299.86
299.86
299.36
298.66
299.09
299.88
298.83
299.81
298.95
299.56
299.32
299.61
300.07
299.11
299.09
299.02
299.02
298.58
298.88
298.91
298.98
300.04
299.52
298.14
298.58
298.28
298.49
296.94
298.13
298.67
298.75
298.52
299.13
299.13
298.84
298.57
298.26
298.45
297.91
298.15
298.95
298.68
298.87
298.67
298.48
298.51
297.88
298.18
298.39
299.28
300.44
300.62
299.88
300.35
302.13
299.76
300.42
300.6
300.27
301.09
301.16
299.73
301.35
299.99
300.65
301.39
301.63
301.78
298.68
300.57
301.16
301.27
301.51
301.99
302.06
301.65
301.06
300.72
301.63
302.45
302.89
301.98
302.28
301.59
301.1
301.16
303.12
300.56
301.5
301.74
300.89
301.67
301.23
301.52
301.33
301.14
301.35
301.62
300.79
301.43
302.14
301.69
302.52
302.1
302.23
302.19
301.99
302.28
302.51
302.77
302.95
303.02
302.52
303.12
304.2
304.94
304.49
305.45
306.89
306.33
306.24
306.7
307.54
306.6
307.43
306.1
307.57
307.24
307.13
308.17
307.01
307.62
307.58
308.07
307.64
307.57
306.83
306.08
308.25
307.43
308.47
308.04
307.9
307.89
306.78
307.91
307.6
307.98
307.89
307.96
307.74
307.6
306.82
307.35
307.18
307.49
307.79
307.87
307.58
308.12
308.64
307.78
308.08
307.4
307.38
307.36
306.95
308.3
307.26
306.87
307.99
307.72
308.22
309.05
309.12
308.39
309.66
308.24
308.76
309.83
310.33
309.31
310.21
313.04
310.88
312.65
312.35
312.01
312
312.92
312.39
312.01
312.6
313.25
312.23
313.68
313.75
313.13
313.37
313.04
313.42
313.82
314.81
314.19
313.58
314.28
314.18
312.66
312.99
313.04
312.71
313.9
313.47
313.84
313.56
313.25
313.74
313.82
313.22
313.25
313.53
313.93
313.84
314.1
314.39
313.65
312.92
314.18
313.97
313.25
314.42
313.65
313.51
313.43
313.23
313.78
313.63
313.63
313.46
313.95
314.5
314.65
313.95
314.83
316.65
314.92
314.95
316.74
317.18
317.23
317.98
318.14
318.7
318.26
319.49
319.36
318.61
318.09
319.38
319.28
318.3
318.87
319.17
320.3
318.88
319.42
319.03
319.26
318.9
319.36
319.29
318.96
319.46
319.13
318.55
318.89
319.32
318.12
319.31
318.95
317.59
318.85
318.91
317.99
318.08
317.95
317.74
319.24
319.62
319.43
319.65
319.42
319.27
320.24
319.85
318.83
319.05
318.82
319.41
318.48
318.38
317.67
318.71
320.01
319.82
319.52
319.53
319.54
318.6
319.73
319.59
319.64
319.26
319.03
319.25
320.17
320.21
318.34
319.41
319.25
319.3
318.79
319.52
317.66
318.85
319.81
320.04
319.57
319.7
320.04
319.79
320.34
319.34
320.69
319.55
317.45
319.17
319.76
319.95
319.6
320.33
319.93
319.78
318.76
318.5
317.92
318.12
318.81
318.27
319.22
318.88
318.72
318.25
317.7
317.92
317.01
318.21
318.98
318.03
318.67
318.61
318.95
317.98
318.35
318.86
318.86
317.65
317.92
319.42
318.41
318.05
317.84
318.81
318.48
317.92
317.34
317.26
317.41
318.04
317.17
318.3
318.61
318
318.33
317.84
316.12
317.03
316.93
317.32
317.78
317.19
317.2
317.14
316.93
316.57
317.09
316.61
317.5
316.49
316.84
317.3
318.06
317.48
316.49
316.55
316.45
316.33
316.99
317.44
316.72
316.59
316.15
316.39
316.87
316.95
317.28
317.55
316.62
317.41
317.7
316.4
317.67
317.62
316.55
316.79
316.41
317.11
315.49
315.12
315.89
316.05
315.97
315.75
315.45
315.54
315.1
315.45
315.23
315.01
314.85
315.11
315.05
315.39
315.87
313.54
314.52
313.96
314.68
314.79
315.51
315.26
314.9
315.47
314.3
315.29
314.92
314.46
313.91
314.57
314.27
314.74
313.63
313.9
314.05
314.23
315
315.35
314.88
314.2
314.06
314.15
314.45
314.19
314.47
314.02
314.27
314.65
313.58
314.01
314.29
313.47
312.83
312.26
313.13
313.24
312.63
312.88
314.19
313.52
313.41
313.06
312.98
312.69
311.86
313.71
313.52
313.94
313.62
312.95
313.66
312.7
312.77
312.82
312.16
313.36
313.89
313.64
313.57
313.83
313.89
313.55
311.66
312.47
312.5
312.75
312.16
312.27
312.27
312.4
311.31
311.45
310.25
311.33
309.58
310.55
310.67
310.31
310.53
310.45
310.42
310.3
310.56
310.61
310.96
310.45
311.18
311.41
310.6
310.28
310.65
310.66
310.45
311.22
310.14
310.04
311.15
308.7
309.44
310.08
310.1
309.77
310.43
310.73
309.62
309.5
310.21
310.35
309.5
310.11
310.61
310.91
310.51
310.5
310.59
309.83
309.8
310.71
308.73
309.32
310.91
310.78
310.17
308.81
309.75
310.6
310.61
310.11
309.33
310.89
310.42
310.65
309.96
310.06
310.03
309.75
309.68
308.85
308.23
307.61
308.21
307.67
307.45
307.26
308.06
309.52
308.12
308.82
306.75
306.66
306
305.58
305.29
303.8
303.67
301.95
303.81
304.66
304.72
302.65
303.67
304.23
303.81
304.38
303.89
304.72
303.63
303.08
303.79
303.19
303.88
303.72
304.49
304.49
304.13
303.2
303.58
303.42
303.92
303.77
303.66
303.75
304.27
303.74
303.34
303.78
303.51
304.01
303.76
304.1
304.2
303.49
303.49
304.39
304.25
304.63
304.52
304.48
305.25
303.69
304.02
303.98
304.45
304.11
303.92
303.94
303.87
303.66
303.57
303.98
303.52
303.75
304.03
304.09
303.82
304.37
303.93
304.31
304.29
304.1
304.94
303.98
304.43
303.52
303.73
304.01
304.22
303.67
303.97
304.62
304.35
304.45
305.27
304
303.6
304.32
304.41
304.23
303.73
302.54
302.93
304.65
304.91
304.57
304.44
304.96
304.67
305.16
304.5
305.01
304.99
304.31
303.59
304.33
306.76
306.56
305.96
306.92
305.24
306.24
306
305.99
305.63
305.21
306.21
306.47
306.49
305.99
306.55
306.94
306.58
306.62
305.32
306.5
306.92
306.94
307.49
305.68
307.21
306.67
305.89
305.8
306.5
305.92
306.02
306.02
306.98
307.38
305.6
306.51
306.48
305.08
306.9
307.06
306.79
305.91
306.3
306.24
305.76
306.92
306.58
305.05
306.14
306.09
307.35
306.16
306.53
306.69
306.47
306.24
306.7
306.85
306.92
306.82
307.06
305.55
305.37
306.97
306.43
306.36
307.26
305.25
305.97
306.99
306.2
306.52
306.86
307.01
306.87
306.84
307.18
306.09
306.76
305.8
306.31
306.82
307.3
306.55
306.9
307.37
306.8
305.97
306.28
306.5
305.82
306.84
306.76
305.77
306.02
304.18
305.77
305.39
305.87
306.18
306.04
306.03
306.66
306.31
308.36
307.67
308.13
307.72
308.63
307.61
306.9
307.36
307.53
307.69
307.56
307.91
308.03
307.98
307.72
308.54
308.38
307.66
307.25
308.67
307.98
307.87
309.53
309.03
308.63
308.86
309.07
308.83
308.64
308.97
308.91
307.94
308.28
308.85
309.55
308.35
309.38
309.13
309.2
309.61
309.22
309.51
309.73
309.08
309.12
309.21
309.31
308.68
309.36
308.63
309.76
309.63
309.08
309.47
309.11
310.05
309.71
309.82
309.48
308.78
308.92
308.45
309.27
310.26
309.16
309.16
309.96
310.26
309.83
309.62
310.21
309.51
311.5
311.06
310.39
310.91
310.7
311.13
311.04
310.51
311.26
312.22
311.81
312.57
313.25
313.19
313.76
313.42
313.89
313.59
313.47
313.58
312.56
312.74
313.82
313.12
313.9
313.4
314.07
313
313.51
312.11
313.31
314.2
313.88
313.08
313.67
313.77
313.32
313.57
311.6
313.58
312.72
312.93
313.83
313.7
313.58
313.47
312.49
313.1
312.93
312.88
313.33
312.95
313.21
312.91
312.71
312.87
312.69
313.38
312.33
312.52
312.74
312.55
312.76
313.32
313.2
312.14
313.35
312.96
312.15
312.96
312.28
312.62
312.67
311.84
313.08
313.05
312.93
311.67
312.76
312.88
312.3
313.3
313.59
313.08
313.41
313.08
312.99
312.45
312.91
312.76
312.64
312.45
314.47
313.63
313.56
313.03
313.44
314.7
314.48
314.98
313.91
314.85
315.83
315.8
317.43
317.38
316.55
316.04
316.38
317.07
316.11
315.9
315.34
315.59
314.55
316.52
316.27
316.62
316.14
316.63
316.8
316.47
316.78
316.07
316.18
315.65
315.5
316.28
316.65
315.9
316.93
316.78
317.39
316.91
315.74
317.02
316.51
316.65
315.76
315.41
315.68
316.18
315.34
316.28
317.05
316.58
316.24
315.88
316.1
316.64
316.48
316.47
315.65
315.69
315.99
315.88
316.7
316.54
316.87
317.33
317.24
317.36
316.03
316.34
315.24
316.36
316.72
315.7
314.62
316.35
316.77
317.49
316.19
316.41
316.83
316.89
316.14
315.19
315.46
315.97
316.6
316.99
317.26
316.03
317.28
315.95
316.55
316.57
316.87
316.35
315.88
315.46
316.65
317.03
315.74
316.32
316.89
316.66
316.39
316.35
317.24
317.53
317.65
317.57
317.23
316.99
317.19
317.09
317.36
317.49
317.28
317.1
316.42
317.13
317.17
316.17
316.68
317.62
316.51
316.33
316.37
316.62
316.88
317.42
317.22
316.55
317.56
316.88
316.25
316.06
315.92
316.07
315.08
315.89
315.8
314.99
315.16
314.5
314.55
314.54
314.37
314.85
316.6
315.96
314.3
315.29
314.42
314.32
315.25
315.38
315.01
315.06
314.94
315.69
315.55
315.18
315.69
315.89
315.71
315.52
315.88
315.98
316.66
316.04
315.96
315.96
316.16
316.11
315.7
315.48
315.58
315.86
315.85
315.39
316.12
316.67
315.79
315.49
315.54
315.92
316.3
316.7
316.8
316.02
315.73
316.45
315.74
315.43
315.48
316.04
315.72
316.04
315.58
315.1
315.93
315.69
315.27
315.28
315.01
315.63
315.49
314.3
314.93
315.49
315.58
314.47
315.45
314.18
314.34
313.94
314.09
314.27
314.74
315.36
315.23
315.11
314.77
314.9
313.92
315.22
315.15
315.27
314.09
315.22
315.14
315.65
315.43
314.77
314.25
315.42
315.1
313.4
314.42
315.25
315.68
314.84
315.03
314.5
315.03
315.44
315.05
315.61
315.21
315.27
315.01
315.24
315.1
315.74
315.21
314.8
314.62
315.78
314.95
315.45
315.43
314.34
314.46
314.51
314.82
315.02
315.05
314.61
314.32
314.25
314.24
313.51
313.74
314.04
313.93
314.73
314.35
313.92
313.46
314.05
313.8
313.48
312.68
313.58
314.45
313.51
314.16
314.51
314.66
315.33
313.63
313.95
314.62
314.25
314.61
314.24
314.51
314.48
314.77
314.84
314.73
314.38
314.95
314.77
314.8
313.88
314.25
313.43
314.33
315.03
314.49
314.12
314.6
314.33
314.6
314.99
314.05
314.45
313.44
313.55
312.7
313.06
313.71
314
312.86
312.82
313.37
312.98
313.1
313.19
312.95
312.24
312.34
313.01
312.7
312.1
312.72
311.3
311.93
312.55
312.29
313.05
312.36
310.77
311
311.82
310.52
311.47
311.81
312.52
312.47
312.46
312.37
311.33
311.33
312.15
312.37
310.91
311.72
311.98
311.47
311.63
311.25
311.34
312.63
311.71
311.76
312.61
312.17
311.76
310.78
310.53
311.5
311.8
312.17
311.84
312.05
312.32
311.28
311.21
311.6
311.23
311.43
310.51
311.19
311.25
311.45
312.38
311.48
311.71
310.45
310.8
311.84
311.88
311.52
311.42
311.1
311
312.17
311.62
311.49
311.26
310.87
310.38
309.4
311.9
311.61
311.15
310.39
310.7
310.12
310.26
310.23
309.56
309.88
309.42
308.11
307.2
306.83
306.6
305.49
305.05
304.32
304.66
304.39
304.22
305.28
304.71
304.31
304.02
304.33
303.74
303.91
304.41
304.65
304.29
304.37
303.76
305.3
304.69
303.46
304.07
304.19
304.17
302.79
304.18
304.49
304.9
304.7
303.81
304.57
304.29
304.57
304.89
304.17
304.17
304.42
304.32
304.32
304.75
304.49
304.76
303.94
304.03
304.89
304.49
304.97
303.96
304.4
303.43
304.03
304.03
304.12
303.9
303.95
304.36
304
304.35
303.88
303.91
304.1
304.24
304.53
304.57
303.21
304.3
304.17
304.7
304.32
303.81
304.68
304.24
303.91
304.21
304.09
304.36
304.54
305.52
306
306.59
304.8
306.47
307
305.53
306.18
305.93
306.71
306.59
305.96
306.35
306.07
305.09
305.47
305.43
305.9
306.5
305.66
306.03
306.75
305.78
306.49
305.96
307.13
306.51
306.41
307.86
307.31
307.15
306.48
306.31
305.9
305.18
305.85
306.9
306.96
306.62
306.33
306.25
306.34
306.53
307.13
306.87
307.7
306.55
307.92
307.88
306.63
307.56
306.65
306.26
307.94
307.94
306.56
307.2
307.14
306.74
307.5
307.75
307.18
306.83
307.37
307.55
307.07
308.16
308.2
307.67
307.47
307.39
307.72
307.09
306.68
306.45
307.73
308.51
307.53
307.22
306.74
306.84
307.58
307.27
307.13
307.15
307.13
308.31
306.52
306.66
307.23
306.86
305.76
307.54
306.5
306.72
306.9
307.26
307.64
308.25
307.47
308.07
308.44
307.87
308.63
307.93
308.95
307.62
307.71
308.7
307.73
308.4
308.22
306.79
309.24
308.85
309.21
308.78
309.26
309.23
309.32
308.93
309.13
308.67
309
309.51
309.32
308.62
308.95
309.24
308.63
308.73
309.36
309.32
308.44
308.28
308.46
309.96
309.29
308.62
307.92
309.06
307.49
308.37
308.04
309.22
308.37
309.33
309.34
308.62
308.68
308.83
309.47
309.35
309.56
310.25
310.17
309.74
309.71
310.25
310.28
310.21
310.43
310.26
309.67
310.19
309.87
309.05
309.09
309.86
310.1
309.95
310.54
309.3
309.46
309.83
309.91
309.44
309.91
310.45
311.58
309.84
309.26
310.02
309.78
309.74
310
310.15
310.17
311.19
310.67
309.52
310.17
310.91
309.94
310.74
310.41
310.32
310.89
311.27
310.41
310.72
311
310.49
311.07
311.62
311.3
312.5
312.37
312.91
311.65
312.83
312.17
312.4
313.19
313.55
313.18
315.39
314.82
314.34
315.57
315.39
315.49
314.26
314.62
315.59
315.53
316.24
316.64
315.71
315.98
315.55
314.97
314.98
315.56
315.93
316.02
316.91
315.62
315.13
316.6
316.2
315.82
315.58
315.94
317.38
317.15
317.2
316.2
316.38
316.66
316.97
315.86
316.4
316.22
315.65
316.07
316.65
316.6
317.17
317.24
317.79
317.38
317.29
316.35
316.61
316.94
316.22
316.92
316.92
316.7
317.23
316.54
317.49
316.08
316.48
316.18
316.79
316.5
316.57
316.85
316.51
316.63
317.39
316.86
317.34
317.1
317.49
317.05
316.82
317.01
316.64
316.64
316.78
316.36
316.22
316.38
317.48
316.46
317.17
316.04
316.34
316.31
315.61
317.31
317.11
318.07
316.65
316.37
317.25
317.22
316.58
315.41
316.56
316.85
317.21
317.91
317.18
316.5
317.01
316.21
316.65
316.93
316.76
317.43
317.38
317.36
316.76
317.34
316.9
316.1
316.34
316.48
316.37
316.41
316.45
316.85
316.63
316.53
317.03
316.83
316.41
316.72
317.21
317.62
317.14
317.76
316.66
318.05
317.17
316.63
316.55
316.65
316.28
317.06
317.75
318.4
317.38
317.95
317.42
316.75
317.3
317.58
316.94
316.17
316.79
317.18
318.05
317.91
316.81
317.64
317.37
317.2
317.32
317.04
317.65
317.57
317.66
317.91
318.27
318.51
318.85
318.73
317.8
318.22
317.86
318.02
318.14
317.84
317.98
318.39
318.44
318.35
316.98
316.19
317.27
317.67
317.68
317.58
319.05
319.78
318.2
318.74
317.06
318.88
319.44
318.15
318.14
318.38
317.98
319.19
319.03
318.9
318.6
319.03
318.71
319.3
318.5
319.25
319.54
319.63
320.06
319.77
320.17
320.46
319.7
318.79
319.84
320.01
320.28
320.8
319.9
320.02
319.73
319.55
319.09
320.15
320.49
320.81
320.94
320.33
319.88
320.26
320.07
320.4
319.79
319.97
320.15
319.61
319.95
319.8
319.66
320.13
319.66
319.92
319.68
319.75
319.06
317.61
316.79
317.53
318.01
317.77
318.1
317.66
317.82
317.66
317.56
316.46
316.31
316.85
316.13
316.7
315.33
315.86
315.66
317.26
316.45
316.09
316.28
315.98
315.71
316.58
317.62
316.64
315.99
316.89
316.38
316
316.29
317.34
316.72
316.54
317.18
315.17
315.85
315.02
316.63
316.07
316.28
316.98
316.22
316.65
317.08
316.88
316.76
316.72
315.39
316.71
315.41
316.42
316.67
316.97
316.05
316.59
316.51
316.65
317.11
316.29
316.44
316.12
317.45
317.13
317.64
316.51
315.64
316.18
316.47
315.87
314.77
315.41
315.33
315.06
314.38
314.79
314.33
313.61
313.59
314.39
313.97
313.75
313.85
312.79
313.74
312.52
313.11
313.92
313.72
314.62
314.38
313.72
313.09
312.81
312.61
313.48
313.06
312.96
313.92
313.07
313.12
313.22
313.36
313.24
313
312.7
312.69
312.11
311.43
312.23
313.21
313.13
313.02
312.56
312.37
312.89
312.97
312.65
313.15
313.52
313.28
313.13
312.86
312.49
312.94
313.23
312.89
312.98
313.1
312.42
312.74
311.82
312.09
312.42
312.12
312.09
312.43
311.87
312.22
312.91
312.38
312.66
312.64
312.38
312.18
311.24
312.3
312.19
311.92
311.76
312.22
311.56
311.32
311.71
311.75
310.62
311.14
311.2
310.98
311.27
310.99
311.45
310.86
310.46
310.78
310.73
310.98
311.06
310.05
309.74
309.95
309.37
309.4
308.9
306.73
307.67
308.5
307.33
306.15
305.77
305.07
304.92
305.62
305.95
304.84
305.28
304.66
303.9
304.36
304.24
303.95
304.96
304.55
304.21
304.41
304.52
304.54
303.9
304.56
303.99
303.3
304.07
304.57
303.86
304.3
304.18
304.53
303.89
303.46
304.47
303.2
303.75
303.84
303.95
303.52
303.81
303.65
303.29
303.31
303.84
304.09
303.27
303.3
303.03
304.76
303.16
304.21
304.09
303.75
303.64
303.71
304.1
304.15
303.99
304.07
303.52
303.54
303.19
302.55
303.56
303.54
303.23
303.98
304.32
304.31
303.77
303.74
303.65
303.96
302.93
303.62
304.13
303.48
304.07
304.45
303.8
304.3
302.71
303.2
303.22
303.33
302.82
302.93
303.42
302.86
303.43
303.88
303.49
304.18
304.04
303.04
303.38
303.98
304.2
304.18
303.64
303.29
302.66
303.69
303.84
303.51
303.58
302.99
303.53
303.53
303.85
303.36
303.56
303.73
304
302.3
301.69
302.55
302.78
302.95
303.94
303.82
303.25
303.62
303.39
304.44
302.69
303.49
303.81
303.71
303.37
302.54
304.56
304.49
304.82
303.94
304.26
304.27
304.1
303.82
304.08
304.4
303.7
304.98
305.35
305.87
306.52
305.98
305.74
305.35
305.65
306.42
306.56
306.69
306.43
306.5
306.27
306.08
306.17
306.16
305.63
304.91
306.16
307.36
307.09
306.32
306.54
307.61
307.02
306.79
306.73
307.04
306.54
307.24
306.69
306.69
307.28
306.6
306.71
306.97
306.83
306.93
307.08
306.54
306.03
306.99
306.91
307.05
308.22
307.12
306.96
306.63
307.44
306.62
306.88
306.74
306.97
307.62
307.63
306.46
306.39
308.15
307.67
306.68
306.68
307.66
307.17
307.57
307.32
306.95
307.83
307.23
307.87
307.82
307.42
308.4
307.68
306.28
306.77
306.86
307.12
307.03
307.64
307.91
307.89
308.21
308.66
308.37
308.21
307.14
307.62
307.11
308.38
307.34
307.38
306.69
306.61
307.51
307.19
307.23
307.15
306.87
306.68
308.14
308.02
308.28
309.14
308.62
309.68
309.42
308.29
309.06
309.07
309.29
309.18
309.31
308.26
308.54
308.52
309.4
309.15
308.99
309.63
309.33
308.69
309.29
308.26
309.45
309.17
309.64
309.44
309.69
308.3
308.72
309.42
308.99
308.71
309.32
308.68
308.24
309.07
308.9
309.31
308.56
309.37
308.32
308.39
308.78
309.12
308.92
309.68
309.33
309.19
309.75
309.64
309.6
309.64
309.92
309.34
309
308.98
309.27
308.7
309.21
308.95
307.86
308.69
308.52
310.67
309.82
310.57
310.97
310.45
310.77
309.66
309.53
308.34
308.91
310.97
309.84
308.88
310.48
310.99
310.53
309.86
310.38
310.24
310.1
310.37
310.7
311.16
310.79
309.18
310.1
310.1
310.82
310.29
309.84
310.07
309.62
309.88
310.09
310.4
310.58
311.27
311.75
311.49
310.8
311.11
311.07
311.51
311.6
311.4
311.95
311.64
311.21
311.37
311.73
311.15
310.83
311.85
311.77
310.93
311.3
311.49
311.99
311.3
311.4
311.2
310.71
310.58
310.72
310.81
311.58
311.54
312.4
312.14
312.89
312.51
312.26
312.51
312.75
313.61
312.88
312.76
313.52
312.24
313.37
312.69
312.8
313.11
313.2
313.03
313.49
312.72
313.61
313.44
312.6
313.04
313.31
313.36
313.63
314.4
313.7
312.78
314.09
313.95
313.51
313
313.87
313.87
313.03
313.14
313.29
312.25
312.1
312.96
313.41
313.83
313.81
313.98
313.75
314.43
314.38
314.78
314.92
314.5
314.07
314.29
314.93
315.38
315.7
315.21
315.66
316.44
315.37
314.92
316.02
316.17
315.88
316.1
316.81
316.29
314.3
314.96
316.56
315.47
316.24
315.57
317.53
317.15
316.64
316.15
316.13
316.41
316.02
316.11
316.37
316.08
317.15
317.06
317.9
316.02
317.23
316.73
316.05
316.27
316.65
316.73
316.69
317.11
316.82
316.42
315
315.87
316.66
315.8
316.12
315.95
316.37
317.19
316.63
317.18
316.74
316.46
316.82
315.22
317.06
315.63
316.92
316.69
316.98
316.82
317.45
317.38
317.11
316.92
317.16
315.86
316.21
316.19
317.1
316.82
316.63
317.93
317.47
317.91
316.26
316.85
316.21
316.12
315.25
316.15
316.36
316.15
316.19
316.57
317.19
316.21
317.49
316.82
316.81
315.64
315.93
316.99
316.96
316.66
316.56
316.36
316.33
316.72
316.4
317.1
317.39
317.97
317.39
316.17
315.49
316.15
316.17
316.55
317.1
316.55
316.14
317.28
317.68
316.85
316.55
315.87
316.68
316.95
315.1
315.53
315.32
315.21
315.83
314.71
315.15
315.07
314.23
313.21
314.79
316.26
314.44
314.75
315.23
314.38
314.6
314.71
314.9
314.8
315.33
315.1
314.66
315.41
314.36
315.42
315.68
315.46
314.27
313.9
314.78
315.43
314.86
314.32
314.99
314.97
314.97
314.12
314.73
314.83
314.23
314.6
314.67
314.68
313.62
313.81
315.06
314.31
314.62
313.92
315.02
315.21
315.61
314.82
313.6
314
314.08
314.43
314.91
315.83
315.26
314.57
315
315.26
314.71
315.3
315.13
314.97
315
315.76
314.29
315.34
314.8
314.8
315.28
315.21
315.33
315.62
315.04
314.71
314.19
314.5
314.44
314.44
313.87
314.36
313.96
314.55
314.02
313.88
313.5
314.33
314.36
314.28
312.93
312.89
312.76
312.35
313.81
311.56
312.54
313
312.4
312.43
312.48
312.99
312.36
312.39
312.39
312.33
312.11
313.53
312.79
312.64
312.12
311.8
311.23
311.89
312.07
311.32
310.96
312.31
311.85
312.14
312.24
312.48
312.74
312.83
312.33
311.56
312.15
312.24
312.28
311.86
312.55
313.16
312.59
312.74
311.93
312.91
311.65
311.47
312.06
311.24
312
312.76
312.84
313.4
312.39
312.34
312.22
312.19
311.58
311.52
311.33
311.45
311.07
310.63
311.49
312.49
311.22
311.05
311.29
310.85
310.28
309.97
310.58
310.32
310.59
310.01
311.32
311.02
311.47
310.52
311.81
311.32
310.2
310.92
311.33
311.75
311.06
310.51
309.86
310.64
309.32
311.22
310.73
311.29
311.1
310.58
311.29
311.03
310.89
309.99
310.55
309.59
311.04
310.65
310.08
310.55
310.16
309.77
309.65
309.91
309.94
309.11
310.6
310.96
310.32
309.74
310.61
309.77
310.47
310.66
310.32
310.92
310.92
310.7
310.48
308.88
309.74
310.22
309.77
310.09
309.9
309.43
309.1
309.92
310.05
309.58
309.2
308.8
307.81
308.12
308.72
307.73
307.77
307.09
307.5
307.77
306.45
306.92
306.04
304.64
305.82
306.13
305.24
304.49
304.92
304.64
304.55
305.07
305.06
303.19
303.97
303.89
303.8
303.89
304.16
303.51
304.05
304.38
304.07
304.14
304.38
304.53
303.8
303.9
303.71
303.95
303.54
303.67
303.12
304.23
304.63
303.9
303.62
304.31
303.76
303.05
303.96
303.54
303.87
303.39
303.08
303.61
303.92
303.98
304
304.01
304.34
303.31
304.35
304.37
303.34
303.08
304.06
304.02
303.28
303.24
303.44
303.61
304.4
302.84
303.1
303.39
303.4
303.73
303.93
303.15
302.53
303.57
304.01
304.04
304
304.45
303.78
302.74
302.54
303.21
303.85
304.31
304.19
304.07
302.91
303.26
303.93
303.39
303.35
303.44
304.7
303.93
303.77
303.72
302.88
302.46
302.8
303.08
302.55
303.68
303.54
302.81
303.2
303.45
303.45
302.37
302.25
302.78
302.88
303.43
303.7
301.94
303.37
303.45
303.68
303.68
303.98
302.12
302.71
304.04
303.88
304.15
303.43
303.06
302.64
303.33
302.88
303.01
303.45
303.15
303.07
303
303.31
301.92
303.07
303.47
302.83
302.08
303.84
303.65
303.8
303.33
303.16
302.65
301.98
303.24
303.38
303.12
302.94
303.13
302.99
302.66
303.64
303.48
303.9
302.03
302.77
303.13
302.55
302.95
303.02
302.8
302.99
302.79
303.73
303.78
303.65
303.23
303.1
302.89
303.58
303.45
304.98
303.35
302.9
302.56
302.89
303.05
302.92
302
302.6
302.45
302.74
303.54
303.29
303.05
302.69
302.46
302.59
302.62
302.67
302.5
302.59
304.02
304.22
304.79
303.96
303.84
304.49
304.57
304.25
305.15
304.29
303.66
305.47
305.35
304.66
305.16
305.23
305.15
305.18
304.25
304.56
304.85
303.69
304.14
304.97
304.88
303.99
304.36
304.5
305.92
304.53
305.26
305.2
304.62
304.95
305.05
306.05
305.15
304.66
304.3
304.82
305.02
305.43
306.05
306.29
305.86
306.56
306.25
305.61
305.74
305.45
305.57
306.62
306.25
305.76
306.15
306.94
307.22
306.85
304.98
306.16
305.95
305.53
305.11
305.54
305.68
305.4
306.19
306.06
305.58
305.6
305.9
306.09
305.99
305.91
306.14
306.14
306.1
305.4
306.52
306.5
306.29
306.57
306.39
305.7
306.55
306.9
306.2
306.2
306.15
306.5
305.86
305.48
306.8
307.35
307.51
306.16
306.71
306.15
307.15
306.62
306.36
307.68
306.8
306.88
307.9
307.47
307.14
306.28
306.18
307.41
306.89
307.07
306.98
306.96
307.21
308.37
308.23
308.06
308.58
307.23
307.57
308.23
307.83
307.7
307.9
308.36
308.04
308.5
309.71
308.75
307.83
307.84
307.87
308.93
308.11
308.02
308.5
308.72
308.76
308.87
308.51
308.71
309.16
309.08
308.34
309.29
308.23
308.6
309.29
309.44
310.21
309.42
309
308.6
309.61
310.44
310.48
310.39
310.53
309.88
310.66
309.99
310.21
310.01
310.31
310.84
310.05
311.07
311.16
311.59
311.62
310.86
310.6
310.72
311.48
310.81
311.24
311.21
311.16
311.22
312.14
311.16
311.6
311.14
310.8
310.89
311.95
312.08
311.27
311.85
311.37
312.24
312.1
311.9
312.33
312.45
312.03
311.84
312.01
312.79
311.69
311.04
312.53
312.06
312.8
313.1
313.08
314.27
313.93
314.69
314.75
315.06
314.61
314.44
315.16
315.57
314.52
314.79
314.4
314.89
314.43
314.72
315.17
314.86
315.15
316.08
315.72
315.39
315.68
315.5
315.04
314.99
314.73
314.6
314.82
314.18
315.59
315.9
315.82
316.04
315.58
315.99
315.83
316.41
315.58
317.92
317.1
317.04
317.45
316.73
317.44
317.43
318.08
318.48
318.64
318.95
318.21
317.86
318.73
318.22
318.39
317.78
317.87
319.13
319.35
318.5
320.01
319.65
318.82
318.89
318.52
319.4
319.79
318.78
318.33
319.7
319.16
318.94
319.31
319.06
319.41
319.81
319.86
319.9
319.37
319.86
319.22
319.68
320.08
319.1
320.78
319.66
319.17
319.1
318.93
318.23
318.88
320.02
320.07
320.16
319.18
319.51
319.4
318.55
319.73
320.16
319.97
318.77
318.28
318.73
317.17
318
317.93
316.91
318.15
317.38
317.42
316.66
317.69
317.62
316.75
315.96
315.56
315.87
315.8
316.07
316.67
317.01
316.9
317.1
316.63
316.94
316.58
316.21
316.74
316.3
315.95
316.37
316.38
316.14
316.82
316.07
316.65
316.79
316.04
316.51
316.83
317.07
317.03
316.86
317.14
317.23
316.54
315.93
316.55
315.5
315.82
316.13
315.9
314.84
316.39
316.62
316.35
316.3
317.21
316.08
317.21
315.7
316.56
316.04
315.53
315.52
316.21
316.06
316.43
316.37
316.55
316.31
316.15
316.86
317.34
315.82
315.83
315.8
315.82
315.76
316.92
316.83
317.3
316.28
316.75
316.12
315.72
318.23
316.53
315.51
316.23
315.78
315.89
315.01
315.95
316.46
316.62
315.86
316.26
316.42
315.42
316.3
315.73
316.68
316.48
316.13
316.23
315.88
316.92
316.55
316.72
316.04
316.23
315.65
315.13
314.11
313.53
313.73
314.26
314.28
314.3
313.68
312.15
313.76
313.66
313.68
313.33
313.69
313.29
313.39
313.77
312.56
313.8
313.17
313.84
313.98
313.27
312.95
312.55
311.85
312.46
313.43
313.66
313.05
314.05
312.58
313.12
312.9
313.23
312.8
313.54
313.23
313.3
311.93
311.44
312.74
312.74
313.68
312.86
312.71
313.06
312.86
312.68
312.64
313.86
312.71
313.03
312.96
312.86
312.18
312.44
312.46
312.72
312.9
312.31
312.22
311.75
311.23
310.58
311.25
310.6
311.03
310.72
310.9
310.38
310.54
310.83
310.68
310.06
309.79
309.91
309.66
307.61
308.08
309.57
309.88
310.07
309.29
308.79
308.72
308.42
309.42
308.17
309.01
309.03
308.42
308.53
308.08
308.9
308.24
308.2
308.04
307.98
307.8
307.66
307.57
308.39
307.92
308.08
307.54
307.82
307.47
308.2
308.64
308.3
308.45
307.69
308.42
307.17
307.99
308.13
309.07
307.76
307.22
308.89
307.47
307.27
306.61
307.64
307.15
307.46
306.78
307.62
307.91
307.63
306.75
305.38
303.81
306.27
306.14
306.33
306.53
307.33
306.16
307.07
306.64
306.29
305.39
306.57
306.39
306.2
306.27
306.16
305.95
305.56
305.91
306.71
305.54
304.08
305.12
305.52
305.59
305.47
305.6
305.3
304.72
305.75
304.6
305.32
305.04
305.12
304.96
304.97
304.94
303.84
303.7
304.68
305.27
304.21
304.89
305.18
305.04
304.86
305.05
304.37
304.27
305.01
304.04
303.74
304.29
304.82
304.25
303.84
305.15
304.6
304.03
304.61
304.16
303.83
304.16
303.9
303.83
305.19
304.29
304.16
304.45
303.87
304.2
303.53
304.3
303.83
304.64
304.35
304.21
303.18
304.12
303.96
304.5
303.53
303.99
303.08
303.93
303.06
303.37
304.03
303.79
302.98
302.25
303.41
302.81
302.25
304.23
304.45
302.96
303.29
303
302.66
303.19
303.68
303.82
302.91
302.92
303.13
303.09
302.67
303.74
303.11
303.31
302.57
303.04
302.55
303.2
303.16
303.68
303.41
302.27
302.92
303.54
303.46
303.24
303.05
303.44
302.75
304.18
303.84
304.26
303.28
303.47
303.52
303.4
303.51
303.83
304.06
303.45
303.87
303.37
303.09
302.9
302.41
303.66
302.69
303.09
303.14
303.01
303.72
302.84
304.21
303.38
302.42
303.92
303.77
303.03
302.83
302.68
303.59
304.21
303.54
303.46
302.99
302.85
302.8
303.32
302.76
303.58
303.14
302.95
302.26
303.09
303.69
303.38
303.27
303.43
303.35
303.54
303.48
304.49
304.42
304.21
305.17
304.53
304.34
304.97
305.21
305.02
305.2
304.76
305
304.02
304.74
304.94
304.53
304.36
305.21
303.63
304.54
304.77
304.61
305.16
304.78
305.65
305.63
306.31
305.51
305.54
305.86
305.56
306.53
306.37
306.25
307.11
306.83
306.3
305.4
306.66
306.19
305.52
305.98
305.2
305.64
307.05
306.36
306.83
306.54
306.44
305.95
306.83
306.26
306.84
307.49
307.44
307.03
305.9
306.46
306.73
305.72
307.25
306.12
307.87
307.1
306.82
306.78
306.91
306.44
306.12
307.09
307.23
306.76
307.16
306.6
306.39
306.41
307.08
306.35
306.1
307.38
307.9
307.16
307.16
308.7
307.9
308.11
307.41
307.96
308.49
308.14
307.53
307.65
308.26
308.48
308.95
309.12
308.45
307.98
308.48
308.24
308.19
309.74
309.68
309.06
309.68
309.14
308.19
308.86
308.9
309.13
308.94
309.7
308.78
309.16
309.12
309.03
309.04
309.51
308.72
309.45
309.38
309.33
308.94
309.12
309.21
309.16
310.25
310.64
310.08
310.27
310.53
310
309.47
310.7
310.9
310.79
309.99
310.39
310.64
310.2
310.9
311.64
310.73
310.94
310.85
310.67
310.86
312.18
311.78
311.89
311.48
311.65
311.89
311.99
312.15
312.36
311.82
311.57
310.76
311.35
310.86
311.72
311.19
312.08
311.27
311.66
311.65
312.57
312.22
312.74
312.95
312.31
312.05
312.78
312.42
311.99
312.68
313.61
313.48
313.55
313.48
313.91
314.31
313.56
314.17
313.53
313.72
313.61
315.45
315.24
315.29
315.49
315.4
315.67
315.35
315.1
315.33
313.88
314.41
314.45
315.79
315.54
315.39
316.12
314.37
315.76
315.48
315.62
315.92
315.88
316.37
315.75
315.98
315.69
315.42
315.63
315.31
315.54
314.93
316.08
316.08
316.09
315.14
315.43
314.45
314.55
315.36
315.27
315.59
316.12
315.92
315.98
315.66
315.07
315.31
315.54
316.32
315.27
316.05
315.27
315.52
315.29
315.44
315.52
315.79
315.46
315.06
315.08
314.92
315.74
315.67
316.08
315.74
315.79
315.2
314.87
314.74
314.63
315.4
315.91
316.59
314
314.98
314.95
315.08
315.73
316.28
316.63
314.74
315.14
315.66
315.96
315.62
315.42
316.02
316.33
316.08
316.08
315.84
315.84
315.57
316.47
316.54
315.48
316.92
315.8
316.01
315.84
316.2
316.4
315.3
316.25
316.06
315.97
315.58
316.59
315.79
315.21
316.44
315.74
314.86
315.4
315.01
316.31
315.78
316.08
317.04
316.34
315.16
315.07
315.32
315.21
315.55
315.28
316.09
315.7
316.3
315.23
315.45
316.19
315.58
315.61
315.99
315.58
315.25
316.14
315.88
315.64
315.8
315.78
315.25
315.27
316.02
315.96
315.67
314.45
314.81
315.14
315.62
315.21
316.11
315.98
316.86
316.58
316.67
316.6
316.31
317.5
316.57
316.69
317.3
318.13
317.98
317.57
317.95
318.2
318.13
317.68
318.42
318.73
319.09
318.56
318.62
318.53
319.43
318.56
318.13
318.54
318.64
318.97
318.89
318.35
319.38
317.94
318.96
318.71
317.73
317.44
318.85
318.36
317.87
316.99
318.02
317.46
317.46
317.45
317.96
317.47
317.03
317.08
317.47
317.93
317.85
316.97
317.29
318.24
316.98
317.46
316.73
317.42
317.15
317.13
316.96
316.76
315.64
316.73
317.29
316.95
317.51
317.66
316.76
316.14
316.33
316.53
317.47
318.15
318.09
317.32
317.23
317.91
316.54
317.27
317.83
317.81
317.35
317.78
317.8
317.45
316.62
316.85
317.74
317.91
318.19
317.96
317.09
316.9
317.27
317.86
317.58
318.32
318.36
318.24
317.94
317.06
317.2
316.91
315.72
315.83
316.21
316.19
316.34
316.01
315.96
316.05
314.84
314.99
316.41
315.63
316.12
315.52
316.52
316.92
316.39
316.4
315.45
315.95
316.56
316.47
316.52
316.37
315.93
315.26
314.75
315.75
315.77
315.64
315.11
315.66
316.21
316.26
315.68
315.73
315.34
315.18
315.6
314.83
314.87
315.04
315.83
316.21
315.72
315.97
315.37
315.61
315.77
315.05
315.33
315.7
315.88
316.09
315.62
315.19
315.37
315.31
315.42
315.64
315.36
315.72
315.12
314.36
314.37
314.62
315.79
315.73
315.33
314.78
314.63
315.31
314.67
314.41
314.91
315.62
315.73
314.25
314.1
315.65
315.27
315.27
314.93
314.62
315.22
314.1
314.14
314.23
314.52
315.37
314.9
315.28
315.47
315.13
315.17
314.14
314.15
315.05
315.43
315.26
315.36
314.28
314.23
314.62
313.76
313.31
313.33
312.78
311.68
312.48
312.46
311.78
312.87
311.92
312.53
311.72
310.91
309.31
308.91
309.19
308.13
307.49
307.97
308.2
307.36
307.88
308.23
308.59
307.47
308.31
308.17
307.68
307.58
307.74
308.42
307.98
308.28
308.75
308.34
307.67
307.5
307.88
307.85
307.99
307.91
307.15
306.82
306.73
307.37
307.88
308.22
308.13
308.18
308.64
307.96
308.38
308.32
308.12
307.59
308.96
308.29
307.91
308.54
307.82
307.84
308.18
308.5
308.01
306.88
308.28
308.12
307.7
307.42
307.39
307.53
308.8
308.02
308.03
307.63
308.05
308.57
307.81
307.55
308.57
308.04
307.9
308.18
309.25
308.61
308.95
307.68
307.85
307.96
307.85
307.96
307.7
307.86
307.33
307.66
308.38
308.43
307.69
308.55
307.74
307.1
307.42
308.57
307.89
308.11
308.33
308.04
308.24
307.42
307.37
307.89
308.01
308.32
308.58
308.5
308.71
307.27
307.18
307.69
307.35
307.11
306.07
305.28
305.52
305.3
305.7
303.91
305.2
305.26
304.96
305.25
304.37
304.08
303.64
303.25
303.3
302.64
303.3
303.53
302.9
302.23
301.76
301.82
301.05
301.56
301.51
302.85
302.49
302.14
301.53
301.93
301.46
301.26
301.74
301.83
302.27
301.78
301.53
301.36
301.47
301.78
301.91
301.3
302.31
301.53
301.69
301.41
301.68
301.56
301.53
300.85
301.03
301.28
301.43
301.17
301.01
301.8
301.53
302
301.06
300.98
300.19
301.29
300.5
301.18
301.74
301.79
302.2
302.14
302.62
301.63
302.04
301.39
300.5
301.01
300.79
301.3
301.07
301.58
301.7
301.62
302.65
301.7
300.04
301
300.59
300.96
301.34
302.13
301.74
301.43
301.59
301.71
302.46
301.23
301.51
302.04
301.98
302.22
302.18
301.47
302.43
302.85
303
302.65
303.24
303.2
303.65
304.58
304.58
304.88
305.08
304.05
303.9
304.8
304.05
303.42
304.05
304.41
304.61
304.24
304.46
304.73
304.39
305.1
303.85
304.4
304.32
304.76
304.66
304.77
305.76
304.53
304.85
304.73
304.88
304.68
304.27
304.46
304.93
304.09
302.82
303.51
304.72
303.88
304.55
304.08
304.88
303.9
303.79
304.24
304.33
305.18
304.81
304.95
303.86
302.77
303.2
304.15
303.69
304.79
304.75
304.32
304.34
305.05
303.37
303.37
304.02
304.46
304.13
304.93
303.96
303.83
304.86
304.29
304.27
304.09
304.89
303.62
304.1
304.6
305.48
304.26
304.89
304.55
304.4
304.4
303.87
304
304.76
304.25
303.93
303.29
303.12
304.22
303.9
303.73
303.79
304.12
303.96
304.79
304.38
305.01
304.97
305.32
306.35
304.92
304.94
305.23
304.68
304.76
304.58
305.44
305.14
305.03
305.26
305.71
304.36
304.96
304.4
305.52
305.99
305.05
305.75
305.34
305.22
305.88
305.9
305.49
306.49
306.21
306.25
306.69
307.01
306.67
307.36
307.07
308.24
307.43
307.21
306.35
306.72
307.34
307.64
307.72
307.1
307.82
308.56
307.86
308.15
308.91
309.25
308.97
308.5
308.8
309.3
309.09
309.76
310.34
309.2
309.86
309.19
310.04
309.74
309.59
310.25
311.33
310.54
310.35
309.99
310.54
309.47
309.8
310.38
310.65
311.47
310.96
310.85
310.45
309.83
309.82
309.24
309.29
309.33
309.6
310.33
309.72
309.72
310.35
310.28
310.32
309.79
310.79
310.47
311.07
310.19
309.87
310.23
310.43
310.45
310.57
309.63
310.9
310.51
310.49
309.91
310.17
310.64
309.89
310.16
310.63
311.14
311.1
309.02
310.61
311.13
310.43
311.03
310.45
311.12
310.12
310.28
311.47
311.45
310.71
310.81
310.73
310.26
310.34
309.86
311.24
311.07
311.5
311.02
311.42
311.2
310.74
311.01
311.21
310.66
310.43
311.38
310.62
310.82
310.41
311.02
310.35
311.35
310.4
310.46
310.53
311.1
309.81
310.66
311.47
311.33
310.9
311.51
312.2
313.44
313.46
313.62
313.82
313.58
314.09
315.61
318.8
318.91
318.58
318.17
319.07
319.36
319.08
319.28
318.45
318.28
319.48
319.86
320.01
319.21
317.9
318.28
319.11
318.6
318.35
318.61
318.84
318.05
317.78
319.02
318.57
319.69
319.67
317.13
319.03
318.84
317.79
318.95
319.13
318.02
318.54
318.83
318.31
318.87
319.28
319.7
319.65
319.22
318.78
319.03
319.32
319.79
318.67
318.85
319.48
319.47
319.61
319.38
319.91
319.08
318.78
317.96
318.43
318.1
318.38
318.74
318.3
317.57
318.02
317.92
317.62
317.37
317.55
318.13
318.15
318.42
318.31
317.88
318.11
318.62
319.17
318.62
317.75
317.49
317.55
317.62
318.24
318.4
319.28
318.36
317.6
318.24
318.25
318.27
317.78
317.65
318.04
318.18
318.67
317.89
318.78
317.91
318.21
318.21
318.7
318.52
318.1
317.41
317.45
318
318.66
319.3
318.19
317.27
317.4
316.92
317.04
317.73
317.34
317.21
318
317.37
316
316.57
316.71
316.72
315.97
317.15
316.39
316.94
316.42
316.44
316.26
315.5
316.01
316.4
315.94
316.78
316.93
316.74
316.38
316.32
315.91
316.36
315.87
315.64
315.88
315.61
315.02
314.66
314.94
315.21
315.7
314.96
315.23
316.28
315.97
315.83
315.87
315.74
315.16
315.5
316.02
315.81
314.96
316.46
315.14
314.9
315.2
314.76
314.7
314.4
314.14
313.65
314.41
314.21
313.94
313.63
313.83
313.1
311.97
313.5
313.13
313.14
313.08
312.96
312.74
311.95
312.19
310.97
310.96
311.89
311.87
312.17
311.91
311.69
311.3
311.06
311.33
310.74
311.1
311.41
310.61
310.12
310.53
310.82
310.81
311.24
310.53
310.15
310.42
309.4
310.02
309.9
308.61
310.82
309.49
309.8
309.82
309.76
309.37
311.04
310.07
310.24
310.14
310.02
310.47
310.22
311.48
310.35
309.86
310.43
311.1
310.78
310.75
310.66
310.05
309.88
310.73
310.57
309.56
310.86
311.18
310.7
311.07
311.14
310.85
309.92
310.42
310.37
309.74
309.31
309.61
309.3
309.88
309.14
308.89
310.48
309.59
309.53
309.56
309.91
310.84
310.83
311.09
309.81
309.77
310
310.04
309.67
309.79
310.08
309.78
309.32
309.75
308.94
308
308.71
308.86
308.75
309.14
308.81
309.22
309.32
309.22
309.65
309.42
308.33
309.15
309.5
308.84
307.72
308.25
308.33
309.35
308.41
308.65
308.98
307.65
308.99
308.42
308.28
308.58
308.46
308.67
308.88
308.72
308.47
308.73
309.07
309.36
309.07
308.34
308.97
308.48
308.37
307.93
308.32
308.11
307.03
307.93
307.88
307.64
307.15
307.84
307.7
307.59
306.63
307
305.98
306.68
305.48
305.65
306.47
306.29
305.82
305.7
305.83
305.55
306.39
306.51
305.53
304.83
305.51
304.76
305.23
305.19
306.03
305.54
306.02
305.43
305.48
305.52
306.43
306.22
306.1
305.91
305.72
305.55
306.38
305.5
305.62
305.56
306.59
306.18
305.48
305.87
305.82
305.54
304.93
305.95
305.42
306.2
306.55
306.74
305.44
305.33
305.09
305.56
305.54
306.34
306.1
306.38
306.83
306.26
306.33
305.3
304.67
305.46
305.07
305.37
306.18
306.79
306.82
306.29
305.87
306.39
306.01
305.62
306.34
305.86
305.79
305.52
305.84
305.52
305.68
306.04
307.03
305.67
306.27
305.63
306.26
306.3
306
305.31
306.31
305.82
306.75
306.77
306.68
305.55
305.79
306.87
306.41
305.37
305.93
306.62
305.86
304.71
306.15
306.79
307.13
307.02
306.44
305.64
305.51
305.63
306.11
305.18
305.94
306.4
306.81
306.44
306.88
305.96
305.76
306.35
305.34
305.71
306.29
306.48
306.74
306.8
306.23
306.21
306.36
305.73
305.63
306.24
305.79
305.01
305.52
305.85
305.51
305.59
305.82
305.86
305.04
305.79
306.18
306.14
305.67
306.3
305.98
306.68
306.35
306.3
305.16
306.43
307.05
305.73
304.84
306.11
306.1
305.94
305.66
305.23
305.82
305.98
305.9
306.44
305.84
305.89
305.32
305.82
305.33
305.69
305.64
306.02
306.07
306.13
306.27
305.95
305.39
304.41
304.98
305.64
305.69
306.38
306
306.2
306.27
305.3
306.03
305.86
306.18
305.98
306.09
306.56
305.72
306.06
305.23
305.93
306.11
306.72
305.51
304.5
305.58
305.97
305.9
305.95
306.41
306.07
305.02
305.51
304.75
305.43
306.2
306.45
306.96
307.59
306.94
307.4
307.16
307.61
306.76
307.37
307.26
307.51
308.18
308.46
307.88
307.22
307.74
307.56
307.31
307.31
307.77
308.03
307.2
307.95
308.48
308.44
308.62
308.83
307.72
308.03
307.58
307.86
308.11
308.41
308.06
307.69
307.18
307.38
307.41
307.37
307.5
308.58
308.56
308.51
308.23
308.34
308.47
308.11
307.93
308.52
308
308.04
307.93
308.57
307.64
307.72
307.88
307.06
307.82
308.61
308.49
308.22
307.35
307.96
307.87
308.99
308.07
307.49
307.83
308.26
308.17
308.32
308.97
308.49
308.73
308.31
308.02
306.95
309.04
308.49
309.07
308.92
308.82
309.14
309.22
309.26
309.78
310.07
311.43
310
309.66
310
310.2
309.52
309.41
309.7
309.57
308.86
309.31
309.5
310.16
310.02
309.41
308.86
309.57
309.8
310.09
310.23
309.5
309.51
310.05
310.33
310
311.13
310.96
310.62
310.43
310.25
311.25
310.62
310.57
310.1
310.18
309.99
310.01
310.68
309.9
310.47
310.29
310
310.54
310.27
309.29
310.38
310.22
310.18
310.12
309.86
310.17
310.56
310.15
311.14
310.4
309.33
309.94
310.85
310.93
309.98
309.7
310.28
311.16
310.98
311.14
309.68
309.55
309.69
310.52
310.75
310.38
310.37
310.42
309.99
309.27
310.76
310.09
309.94
309.64
310.2
309.85
310.83
310.29
309.82
309.34
309.23
310.21
311.2
310.67
310.85
310.96
311.02
310.94
309.58
310.85
310.4
310.54
311.63
311.09
311.47
311.05
311.97
310.94
311.45
311.6
311.22
312.09
312.07
311.96
311.61
312.84
313.01
311.77
311.38
312.39
312.17
312.84
310.77
311.97
312.2
312.51
312.36
312.71
311.7
311.64
312.32
311.93
312.6
312.64
311.87
311.73
312.71
313.1
312.07
312.3
312.8
312.28
311.88
311.73
311.61
313.28
313.48
312.12
311.72
311.11
311.21
310.92
309.9
310.27
310.39
311.85
310.23
310.9
309.93
310.47
309.82
310.92
310.08
310.08
310.7
310.49
310.21
309.89
309.86
310.19
310.17
310.24
310.63
310.29
310.6
310.52
310.24
309.74
309.48
309.24
309.25
310.34
310.55
310.74
310.02
309.76
310.03
309.55
310.28
309.89
309.9
310.11
310.27
310.31
310.08
309.93
310.04
310.3
310.23
310.11
310.46
310.16
311.46
311.09
310.65
310.98
311.29
311.12
310.45
310.49
310.44
311.06
311.33
310.31
309.81
310.24
310.93
309.63
310.54
310.21
310.72
310.99
310.64
310.2
311.09
311.6
311.23
311.07
310.82
311.06
311.23
309.97
311.47
311.31
311.29
311.22
310.32
310.13
310.71
310.78
309.82
310.86
310.72
310.03
310.07
310.84
310.82
310.79
310.52
310.75
310.26
310.81
310.63
310.22
309.94
310.77
310.49
309.73
310.04
310.75
310.91
310.31
310.35
310.54
310.54
310.66
311.75
310.47
310.41
310.92
310.4
310.49
310.73
309.68
310.88
311.04
310.28
310.86
310.97
311.04
310.9
309.05
309.95
311.27
310.93
311.6
311.29
311.18
311.97
312.52
311.82
312.06
311.66
311.45
310.67
312.5
311.75
312.7
313.27
311.95
312.65
311.9
311.22
310.82
311.78
312.12
311.6
312.31
311.62
311.56
312.82
312.68
312.82
312.26
311.82
312.24
311.99
311.73
312.08
311.91
312.69
312.89
311.98
312.51
311.76
312.1
312.13
312.37
311.59
312.21
311.68
312.33
311.74
311.97
312.43
312.26
312.02
311.2
312.82
312.25
312.43
312.32
312.63
312.39
312
313.08
313.01
311.89
312.69
312.1
312.43
312.98
312.8
312.69
311.74
312.33
311.87
312
311.2
310.99
310.27
310.31
310.3
310.74
310.75
310.36
310.4
309.95
309.48
309.24
307.59
306.39
306.12
305.51
305.09
304.96
305.28
304.81
305.14
305.19
304.7
305.16
305.02
305.31
305.2
304.55
305.63
305.25
305.24
305.66
304.77
304.86
304.94
304.84
304.94
305.18
305.31
305.66
304.54
304.61
304.97
305
305.4
305.36
304.25
305.52
304.74
305.54
305.2
305.31
305.36
304.98
303.8
305.3
305.08
305.72
304.85
305.55
305.45
305.11
304.69
305.06
306.09
306.19
305.78
304.85
305.15
305.26
304.92
305.46
305.74
305.48
304.45
304.64
303.82
304.61
304.63
304.33
306.02
305.79
305.72
305.12
305.45
305.01
305.17
305.61
304.97
305.26
304.72
304.3
304.8
305.41
305.44
305.55
304.81
306.07
304.8
304.78
305.14
304.91
305.12
305.14
304.25
305.37
305.6
305.46
305.6
305.31
304.53
304.89
305.22
305.26
305.1
305.84
305.21
305.14
305.35
305.48
305.39
305.24
304.49
304.58
305.17
305.53
305.56
304.67
304.33
304.98
305.15
305.53
305.94
306.52
306.11
304.99
305.13
305.35
305.86
305.85
305.51
306.28
306.04
305.42
305.54
306.01
304.67
304.34
305.23
306.3
305.94
305.7
305.99
305.62
304
304.6
304.98
305.59
305.86
305.78
304.95
304.41
304.78
304.93
305.25
304.78
305.05
305.36
305.41
304.7
305.52
305.3
305.32
305.31
305.74
306.98
306.05
305.38
305.34
305.78
305.62
305.57
304.6
305.13
305
304.85
305.07
305.44
305.77
305.63
304.9
305.41
305.17
305.15
305.38
305.32
305.77
305.28
305.45
305.48
306.35
304.89
305.32
304.68
305.26
304.98
305.24
305.44
304.91
305.45
305.06
305.58
305.59
305.44
305.53
305.42
305.33
305.66
305.48
304.89
304.55
304.59
305.93
305.72
305.53
304.89
305.31
305.4
305.9
306.02
304.72
304.93
304.62
304.71
305.48
305.17
305.21
306.59
305.11
306.57
306.55
305.42
305.54
305.69
304.72
305.39
305.69
306.23
306.7
305.15
305.19
305.17
304.71
305.41
305.45
305.84
306.91
306.74
305.82
305.4
304.95
305.7
304.01
304.1
305.47
305.14
305.73
305.12
304.9
304.81
305.56
305.08
304.8
304.51
304.48
304.6
304.54
304.67
303.59
304.51
303.88
303.14
304.16
303.13
303.39
304.09
303.5
303.33
302.81
303.86
303.75
303.92
303.35
304.23
304.4
303.4
303.87
303.33
303.04
303.72
304.11
303.95
303.62
303.83
303.42
304.06
304.25
303.67
304.26
303.86
303.11
303.56
303.37
304.22
303.91
303
303.28
303.92
303.11
303.67
303.94
304.04
303.22
303.29
304.59
304.34
302.47
303.38
302.92
303.36
303.9
305.45
304.7
303.42
304.1
303.21
303.31
302.95
304.11
303.97
302.74
303.02
304.03
304.48
303.78
303.17
303.88
303.43
302.98
303.61
304.76
304.3
304.14
303.19
302.21
304.6
303.12
303.3
304.11
303.72
303.45
302.46
302.33
303.14
304.33
303.46
302.82
302.66
303.14
302.89
303.55
303.42
302.89
302.67
304.14
302.98
303.44
304.31
304.12
303.82
304.05
303.67
303.88
302.68
303.19
303.31
304.07
303.32
303.23
303.94
304.18
303.63
303.21
303.55
304.27
303.2
304.3
303.16
303.68
303.25
303.9
303.46
302.56
303.67
304.36
304.17
304.04
303.29
302.91
303.26
303.27
303.15
303.42
303.42
303.65
303.22
303.54
303.31
303
302.97
302.91
303.35
302.81
303.16
302.93
302.66
302.81
303.52
302.93
303.33
303.44
303.49
303.39
302.16
302.23
302.73
302.89
301.23
302.24
302.92
303.26
303.58
302.47
302.57
302.99
301.89
302.15
302.6
302.37
302.93
302.72
302.38
301.98
302.16
301.43
302.47
301.82
301.67
302.38
302.67
302.21
302.23
301.8
302.47
302.2
301.19
301.38
302.14
301.2
301.69
301.48
301.77
301.98
302
302.29
302.4
302.59
302.31
302.19
302.17
302.33
302.11
301.76
301.96
301.37
302.02
302.08
301.32
301.6
302.07
300.93
301.35
301.93
301.81
301.22
302.1
302.5
301.75
302.64
301.03
300.66
302.69
302.02
301.73
301.88
300.66
300.65
300.42
301.47
301.7
301.03
300.58
301.15
301.29
301.41
301.78
302.16
302.36
301.8
301.31
301.37
300.17
301.84
301.21
300.77
302.2
302.31
301.48
301.65
301.99
300.56
301.79
302.26
301.96
302.89
302.72
302.86
302.8
303.47
304.01
304.47
304.14
303.87
304.47
302.56
303.15
302.9
303.99
303.91
304.04
303.6
303.57
303.7
303.29
303.38
302.85
302.93
303.43
303.48
303.02
303.29
303.11
303.58
303.04
303.39
302.95
301.97
303.27
303.35
303.37
302.66
303.52
302.24
303.31
302.99
302.89
303.01
303.12
303.85
304.27
304.3
303.78
302.72
302.7
303.06
303.29
303.2
303.22
303.01
302.9
303.13
303.04
303.58
301.89
302.63
302.94
302.74
303.6
303.2
302.99
303.44
303.46
303.74
304.46
305.39
304.59
304.26
304.32
303.52
304.67
304.44
304.21
304.29
304.41
305.03
304.02
304.69
304.89
303.92
303.23
303.81
303.68
304.87
304.59
303.97
304.69
305.3
305.39
304.4
305.05
304.47
305.18
304.25
304.88
305.37
305.54
305.32
305.01
305.54
306.1
304.92
306.2
306.23
306.11
307.07
306.72
306.25
305.76
306.01
306.23
307.68
307.03
305.91
305.84
307.04
306.58
307.17
306.81
306.38
304.85
307.31
307.23
307.8
307.31
307.83
307.13
306.83
306.87
306.65
306.64
305.68
306.29
307.59
306.87
306.97
307
306.7
305.44
306.51
307.79
306.38
307.87
307.37
307.18
307.41
307.4
307.27
306.65
306.2
306.6
307.82
307.95
308.77
308.32
308.54
309.65
310.2
310.09
311.71
311.82
312.83
315.13
319.66
320.62
320.8
322.17
321.6
322.77
322.09
322.45
323.21
324.39
324.67
325.03
325.15
325.29
325.31
325.66
325.24
325.1
322.74
321.86
322.33
321.48
320.62
320.73
319.33
319.64
319.06
318.56
318.85
319.04
318.68
318.65
319.17
317.53
317.36
317.77
316.24
315.51
316.53
315.79
315.66
314.94
314.68
315.08
314.61
314.57
314.12
313.91
313.92
314.03
313.99
314.23
313.33
313.85
313.32
312.79
313.93
313.82
313.23
312.89
311.77
312.02
312.15
313.24
312.19
312.12
312.03
312.14
312.03
311.94
311.51
312.07
311.72
311.22
312.08
311.98
312.2
312.01
311.32
311.65
311.66
312.14
311.86
310.75
311.08
311.08
311.76
311.6
311.97
311.3
311.42
312.14
312.16
312.49
311.79
311.63
311.38
311.86
311.73
312.61
312.74
312.31
311.68
312.02
311.04
312.21
311.85
311.97
312.08
312.07
311.99
311.45
310.92
311.94
312.21
311.77
312.31
311.85
310.73
311.97
311.83
311.59
312.03
310.55
311.12
311.75
312.09
311.91
311.33
311.93
310.85
310.75
311.14
311.06
312.01
311.52
312
310.74
311.02
311.59
310.55
311.32
310.18
311.28
311.02
311.09
311.13
311.35
310.76
311.67
311.2
311.38
310.96
311.3
311.41
311.47
311.71
312.5
310.39
310.59
310.94
310.76
311.28
310.39
311.06
311
310.99
311.65
311.47
310.46
310.52
309.34
310.56
311.39
310.58
311.18
312.24
310.18
310.39
310.75
310.01
310.03
309.95
310.51
309.58
310.6
311.64
310.71
310.77
310.24
309.77
309.93
309.83
310.6
310.13
310.58
310.67
309.84
309.32
309.13
309.12
310.36
309.45
310.42
310.13
309.81
310.66
309.74
310.24
310.02
310.08
309.77
310.03
310.21
310.01
309.69
309.77
309.11
309.83
309.08
308.84
310.18
309.92
309.2
309.22
309.64
309.62
308.74
310.26
309.49
309.44
309.59
308.92
309.28
310.09
310.57
309.72
309.77
310.14
309.36
308.54
309.23
308.69
309.07
309.74
309.76
309.38
309.78
309.28
309.53
310.23
310.05
309.33
310.06
309.84
308.81
309.22
309.85
309.56
309.5
310.7
310.08
309.74
309.63
309.26
310.16
310.2
309.66
309.07
309.49
310.11
309.19
309.9
310.11
309.78
309.88
309.02
309.52
309.51
309.97
310.16
310.11
310.12
309.49
310.01
310.94
310.3
311.81
311.56
311.48
311.8
311.71
311.38
312.04
311.13
311.63
311.33
311.82
