311.7
312.11
312.85
312.93
312.55
313.23
313.97
314.41
314.77
315.62
315.59
315.94
316.71
316.5
315.67
315.33
316.2
316.87
316.22
315.54
315.89
316.06
315.61
315.57
315.8
315.85
316.53
316.12
316.09
316.41
315.78
316.28
315.34
317.08
316.87
316.14
315.44
316.06
315.93
314.97
315.84
316.81
316.51
316.11
315.6
316.08
316.23
316.02
316.08
316.13
316.27
316.15
316.37
316.37
314.77
315.44
316.43
315.59
316.3
317.07
316.66
316.32
315.45
315.54
315.61
315.76
316.57
316.59
316.75
315.79
316.3
315.87
315.27
315.7
316.63
316.23
317.29
315.87
314.47
316.09
317.37
316.13
314.99
316.24
316.54
316.63
315.51
315.77
315.57
315.02
316.34
315.47
316.32
315.85
316.34
316.42
316.31
316.47
316.1
315.82
316.55
316.33
316.38
316.77
315.91
316.71
315.17
316.64
316.53
315.95
316.57
316.33
316.46
316.75
316.49
316.05
316.92
315.46
315.51
315.95
315.85
315.67
316.65
316.32
316.34
317.01
317.09
316.23
316.14
316.74
316.47
315.97
317.2
316.5
316.56
316.52
316.77
316.47
316.58
315.48
315.72
315.63
316.87
316.21
315.93
316.31
316.41
315.92
315.66
315.92
315.72
315.96
315.83
316.34
316.32
316.26
316.61
316.11
315.69
315.83
315.93
315.83
315.48
315.98
315.92
318.46
317.1
316.54
316.47
316.3
315.72
316
315.69
316.34
317.01
317.24
315.88
316.35
316.9
315.9
315.33
317.13
316.18
316.23
316.24
316.01
316.02
315.43
315.85
316.06
316.03
315.32
315.89
315.38
316.19
315.92
316.26
316.35
315.89
316.32
315.95
316.04
316.26
316.26
317.62
316.84
316.41
316.32
316.66
316.22
315.93
316.19
316.31
315.42
316.55
316.22
316.76
316.56
317.02
316.57
316.66
316.1
316.64
316.17
316.47
316.82
315.76
316.2
315.98
316.78
316.53
316.51
316.96
316.37
317.17
316.43
316.23
316.41
316.07
316.07
315.23
315.32
316.05
315.58
316.51
316.11
316.41
315.06
315.64
315.1
314.73
315.59
313.51
314.4
314.77
314.72
314.25
315.46
314.82
314.49
314.56
314.49
314.26
314.54
314.43
314.59
314.33
314.21
314.34
313.92
313.93
314.59
314.44
313.83
314.67
314.49
314.8
314.87
314.52
313.72
313.93
313.09
313.7
314.45
314.49
314.6
314.55
314.41
314.18
314.48
314.93
314.21
314.19
314.04
314.65
314.22
313.98
313.71
314.43
315.02
315.51
314.29
313.85
314.34
314.22
313.68
315.02
314.56
313.51
313.36
314.48
313.97
314.48
314.29
314.39
314.3
313.72
314.39
314.33
314.36
314.36
314.81
315.73
314.04
314.06
314.18
313.51
313.82
313.65
314.15
313.72
313.8
313.12
313.73
313.91
314.2
314.04
313.94
313.21
313.02
313.97
312.73
313.74
313.44
313.55
312.92
312.33
312.55
312.36
313.02
312.27
312.43
311.21
311.95
312.05
311.51
310.89
312.58
311.15
312.16
312.34
311.46
310.54
310.15
310.55
311.19
310.96
310.66
311.02
311.6
312.1
311.41
310.94
311.96
311.4
311.27
311.44
311.47
312.07
311.06
310.47
310.8
311.4
311.65
311.34
310.8
311.16
311.19
311.39
311.43
310.61
310.32
311.67
311.75
311.65
310.82
310.54
311.28
310.62
310
309.94
310.39
310.94
309.85
310.18
311.23
310.44
311.01
310.44
309.87
310.05
310.82
310.68
309.46
310.8
310.15
310.18
309.67
310.07
310.57
310.67
310.23
310.35
310.05
310.43
310.45
310.1
309.87
310.75
310.58
310.95
310.32
310.18
310.58
310.15
309.35
310.28
309.55
309.8
310.05
309.07
310.19
309.99
309.37
309.84
309.85
309.41
308.92
309.35
309.45
309.37
310.4
310.79
309.22
308.9
309.29
309.35
310.21
308.94
309.06
309.24
310.19
310.06
309.09
309.39
309.54
309.79
309.22
309.25
309.07
308.36
308.73
309.07
308.74
309.66
309.56
307.91
308.61
308.45
308.37
308.43
309.15
309.11
309.39
309.02
308.83
308.96
309.35
309.44
308.99
308.98
309.1
307.06
308.83
308.51
309.3
308.86
308.99
309.06
308.68
308.66
308.33
308.78
308.1
308.34
308.33
308.84
309.65
308.96
309.43
308.27
308.27
307.88
308.35
307.65
308.37
308.17
308.29
308.15
308.75
307.63
307.74
307.16
306.78
306.93
307.05
308.4
308.49
307.56
307.7
307.85
307.26
307.02
306.86
306.88
308.35
306.17
304.59
307.83
307.15
307.53
307.09
307.11
307.6
306.6
308.03
306.56
307.67
307.03
307.04
306.71
306.91
307.48
307.33
307.39
307.14
307.98
307.17
307.64
307.26
306.84
307.69
306.77
307.65
307.12
306.88
306.69
307.11
307.78
307.86
306.96
306.78
308.06
306.79
306.57
307.36
306.99
306.55
306.4
305.75
306.77
307.08
306.91
306.41
306.55
305.94
306.68
306.71
306.83
306.15
305.47
303.91
305.03
305.3
305.74
305.94
306.26
305.94
306.19
305.82
306.01
306.17
305.94
305.68
305.39
305.18
305.16
305.63
305.73
305.95
306
305.72
305.57
305.17
305.53
305.4
304.75
305.62
305
305.03
305.87
306.15
305.39
305.89
305.57
304.41
305.3
306.49
305.63
306.2
306.06
306.06
305.14
305.88
304.51
305.52
306.63
306.75
305.72
305.7
304.63
305.86
305.73
306.08
307.17
305.71
305.72
306.37
305.69
305.82
305.55
304.61
305.71
305.56
306.57
305.59
305.82
306.03
305.91
305.26
305.7
306.22
306.19
305.18
304.95
305.96
305.82
304.89
305.48
305.77
305.95
306.81
305.67
305.67
305.21
305.43
305.41
305.61
305.87
306.48
306.64
306.28
305.93
305.63
305.52
305.38
305.57
306.09
306.04
306.49
305.92
305.7
306.13
306.32
306.66
306.73
306.52
305.93
306.45
306.65
306.07
305.92
307.69
305.5
305.97
306.07
306.11
305.5
306.87
306.13
306.69
306.51
306.54
305.13
306.29
305.81
305.47
305.3
304.75
306.18
306.04
305.44
305.9
306.15
305.79
306.14
306.53
306.36
305.96
306.02
306.32
306.85
306.92
306.92
307.35
307.35
307.49
306.91
307.34
307.11
306.95
307.33
307.75
307.23
307.23
307.71
307.71
307.95
307.44
307.77
307
307.4
306.69
307.61
307.4
307.24
306.84
306.84
306.87
307.56
307.2
307.2
307.67
307.98
307.18
307.38
307.17
307.33
307.28
306.79
307.04
307.12
307.21
307.52
307.51
307.19
306.51
306.51
307.44
307.03
307.3
307.28
307.02
307.49
307.44
307.83
307.27
307.73
307.99
308.26
307.22
307.4
307.19
308.32
309.02
309.02
309.11
309.57
308.67
308.87
308.75
308.75
309.31
308.93
310.27
309.84
309.84
309.17
309.28
309.39
309.74
310.27
310.27
310.26
310.14
309.93
309.93
308.82
309.32
309.67
309.34
309.39
309.39
309.54
310.05
310.08
310.12
310.55
309.86
309.91
310.1
310.56
311.25
311.12
311.33
311.64
311.64
311.33
311.33
311.76
312.42
312.33
312.31
313.1
312.79
312.66
312.46
312.96
312.89
311.98
311.98
312.94
312.55
312.55
312.81
312.75
312.6
312.55
312.55
311.99
312.86
312.28
312.62
312.89
311.9
311.9
312.57
312.57
313.06
313.06
312.48
311.77
312.65
313.12
312.33
312.03
313.17
312.86
312.49
313.11
313.06
313.26
312.45
313.09
313.09
313.06
313.06
313.14
312.62
312.88
312.69
313.8
313.66
313.46
313.3
313.15
312.68
312.68
312.61
312.94
313.17
313.17
313.45
313.26
313.31
313.16
313.59
313.27
312.73
313.25
313.68
313.79
312.92
313.25
313.25
313.44
312.97
312.71
312.6
312.81
312.81
313.66
313.66
313.53
313.04
313.33
313.84
313.18
313.97
314.46
314.19
314.02
313.76
313.79
313.21
313.21
312.88
314.68
313.72
313.56
312.96
310.93
313.17
313.49
312.4
312.99
312.99
313.3
313.3
312.55
312.55
312.92
313.24
313.24
313.18
313.41
312.2
312.45
312.82
313.28
312.8
312.8
312.63
313.48
313.26
313.26
312.14
312.71
312.42
312.62
312.62
313.6
313.31
312.72
313.26
313.15
312.17
312.96
312.96
312.22
313.43
313.43
312.94
312.16
312.22
313.01
312.47
312.93
312.76
312.49
311.92
312.97
312.3
311.39
312.68
313.06
313.37
313.24
313.9
313.9
313
312.49
312.6
312.85
312.29
313
312.91
312.82
312.08
313.04
313.26
313.21
313.11
312.3
312.45
312.19
311.28
312.43
313
311.91
311.95
311.82
311.98
312.56
312.87
312.36
312.96
313.17
314.03
313.59
313.79
313.13
313.13
313.44
313.11
313.5
313.56
313.56
314.01
313.83
313.7
315.1
315.1
313.67
314.92
314.34
313.9
314.31
314.32
314.34
314.69
313.37
314.62
314.87
314.37
314.37
312.63
313.55
314.77
314.1
313.24
314.11
314.22
314.11
313.31
313.39
314.23
314.76
314.15
314.15
314.57
314.13
314.13
315.76
315.76
316.31
315.76
314.71
314.44
313.98
313.85
314.93
314.2
314.55
314.86
315.58
314.93
314.61
314.54
315.06
314.4
314.07
314.07
314.41
314.82
315.04
314.99
314.51
314.28
313.13
313.24
313.4
313.4
314.54
314.19
313.5
314.49
314.49
313.73
314.01
313.39
313.71
314.46
314.46
313.63
313.91
313.38
313
313.77
313.54
313.73
313.65
313.53
313.75
313.75
314
313.74
313.74
313.64
313.51
313.91
313.51
313.36
314.35
313.3
313.91
315.16
315.16
313.72
314.64
313.65
313.65
313.87
313.95
313.95
313.66
314.24
313.85
313.48
313.06
313.1
313.43
313.43
312.59
312.59
313.78
313.87
313.82
313.82
313.75
313.69
313.74
312.08
312.08
312.36
312.63
312.55
312.55
313.55
313.1
313.39
311.65
311.62
312.35
312.35
312.58
312.94
313.26
312.94
313.13
312.95
312.42
313.61
313.45
312.15
312.15
312.62
311.91
312.13
311.85
311.57
311.57
312.51
311.65
311.06
311.11
311.87
312.73
312.73
312.63
312.15
311.8
311.95
312
311.74
311.63
311.84
312.87
313.04
313.04
312.48
312.57
311.59
312.25
312.25
312.98
311.88
311.81
312.53
312.37
312.55
311.09
313.33
313.33
313.4
312.79
312.7
312.87
312.82
313.02
312.67
312.89
313.2
313.02
312.87
313.42
313.42
312.83
312.89
312.94
312.19
312.33
312.9
313.31
313.17
313.17
312.98
312.43
313.03
313.37
312.29
311.4
312.39
313.07
312.52
313.63
313.63
313.01
312.45
312.18
312.18
312.19
312.46
312.93
312.84
312.72
312.2
312.12
312.5
313.83
313
313.79
313.74
312.94
312.94
312.87
313.15
313.26
313.26
313.47
312.99
312.43
312.16
313.39
313.39
312.75
311.84
312.4
312.4
312.49
312.49
312.39
312.39
311.19
311.14
311.42
311.9
310.73
310.4
310.67
309.85
310.19
309.68
309.65
310
309.61
309.52
309.6
309.88
309.18
309.86
309.5
309.5
309.5
309.15
309.04
309.02
309.51
309.84
309.87
310.02
310.02
310.42
309.08
309.62
309.17
309.12
309.81
309.22
310.82
309.62
310.01
310.01
310.55
309.91
310.14
309.67
310.06
309.6
310.09
310.78
309.84
310.05
309.54
310.81
309.75
309.51
309.51
309.8
309.98
310.14
310.3
309.71
309.3
309.3
310.18
309.73
309.21
309.26
308.76
308.69
308.6
308.6
308.4
308.51
307.66
308.91
307.47
307.47
306.78
306.63
304.66
303.87
303.87
303.41
303.71
303.77
303.77
302.68
302.11
303.75
303.75
303.14
302.75
303.91
302.86
303.64
302.74
303.37
303.24
302.93
302.47
302.47
302.8
302.75
302.65
302.94
303.04
304.02
303.59
303.68
304.05
303.01
303.01
303.21
302.56
302.79
302.66
302.69
303.19
302.91
302.97
302.44
302.66
303.34
303.34
303.3
302.12
303.12
302.63
302.63
302.73
303.02
302.39
302.62
303.83
303.5
302.75
302.97
303.62
303.31
303.31
302.7
303.13
302.49
302.49
302.49
303.56
302.84
303.65
303.65
302.65
302.97
303.52
303.22
303.44
303.47
303.13
303.13
302.39
303.35
302.25
302.25
303.13
302.91
303.64
303.54
302.9
303.98
304
304.01
303.46
304.21
303.43
303.62
303.62
303.15
303.15
304.02
303.72
303.17
302.59
302.71
303.43
302.89
303.04
303.04
302.25
302.39
301.69
301.69
301.75
301.19
301.56
301.56
300.14
300.14
300.39
299.72
299.34
298.32
298.03
298.35
298.94
298.94
299.65
298.23
298.67
298.56
299.24
299.18
299.18
298.98
298.64
299.3
298.62
299.1
299.1
299.44
298.83
298.77
298.81
298.45
299.53
299
299.36
299.24
298.82
298.82
298.89
298.46
298.05
299.16
299.32
297.94
298.01
298.47
298.12
298.57
299.08
298.44
299.1
299.03
299.03
299.03
299.43
298.79
298.77
297.42
297.69
298.23
298.23
298.04
298.3
298.11
298.59
298.59
296.78
296.78
297.99
297.44
297.44
297.72
298.6
298.6
298.33
298.33
298.29
297.98
298.36
298.97
299.76
300.39
300.58
299.82
300.18
300.9
301.47
301.1
301.3
301.3
302.31
301.28
300.91
300.74
300.33
300.51
301.19
301.2
301.28
301.53
301.53
301.92
302.3
302.15
302.15
301.87
302.01
302.64
302.16
302.14
302.43
302.53
303.1
302.81
302.24
302.41
302.73
302.26
302.51
303.33
302.72
303.58
303.78
303.78
303.52
303.86
304.77
304.18
304.18
303.12
303.85
304.54
303.53
303.76
304.3
304.3
303.62
304.33
304.33
303.93
303.55
304.3
303.85
302.87
305.64
304.08
304.19
304.19
304.61
305.39
304.76
304.76
304.95
305.64
303.88
304.95
305.95
305.6
305.57
305.16
305.49
305.63
304.73
305.02
305.37
305.98
305.78
305.52
305.09
305.64
305.6
305.23
305.91
305.91
305.55
305.74
305.28
305.39
306.1
305.66
305.19
305.1
306.36
305.79
305.77
305.98
306.56
305.47
305.88
306.11
305.3
306.07
305.18
304.83
305.16
305.58
306.17
306.32
307.14
306.17
305.82
305.38
306.05
305.56
306.62
307.64
308.12
306.24
305.95
307
308.03
307.36
307.74
306.98
307.5
306.52
307.46
306.75
306.84
306.84
306.99
306.94
307.29
307.06
307.05
307.04
307.76
306.88
306.41
306.48
305.64
306.71
307.24
306.61
306.43
306.9
307.26
307.73
307.16
306.02
306.86
307.22
306.8
306.81
307.23
306.74
306.58
306.68
306.44
306.28
307.47
307.17
307.07
307.11
307.06
307.02
307.35
308.55
307.39
308.18
307.88
308.47
307.93
308.56
308.32
308.47
308.75
309.15
309.32
309.32
309.21
309.06
308.72
309.51
308.88
308.88
310.63
311
310.85
309.8
310.76
311.61
310.95
310.9
311.03
310.46
310.12
310.81
311.6
311.03
310.8
310.33
310.19
309.96
311.09
311.09
311.14
310.61
310.86
311.19
310.34
311.05
310.53
309.71
310.86
311.16
310.6
311.57
311.05
309.8
311.26
310.68
310.79
310.38
309.7
311.52
311.21
310.39
310.56
310.1
310.01
310.71
310.7
310.56
310.2
310.66
310.5
309.66
308.98
309.46
309.47
309.47
310.26
309.78
309.78
310.58
309.12
309.85
309.53
309.53
310.67
311.04
310.69
310.94
310.82
311.33
311.33
311.76
311.18
311.18
310.56
311.39
311.62
311.55
311.29
310.92
310.94
310.59
311.2
311.01
311.25
310.41
310.94
310.94
311.22
310.87
310.87
310.99
310.66
311.49
312.37
312.16
310.7
310.23
310.28
311.44
311.44
311.79
311.79
310.42
310.42
310.07
310.07
310.36
310.91
311.14
310.3
310.3
310.48
311.14
309.33
309.91
310.38
309.35
309.59
309.59
309.95
310.15
310.15
310.75
309.75
309.98
308.78
308.98
309.66
309.76
309.61
309.89
309.89
309.69
309.39
309.91
309.91
310.56
309.48
309.66
309.59
310.32
310.27
310.37
310
310.67
309.8
310.55
310.55
310.46
310.46
310.17
310.17
310.37
310.63
310.52
310.1
310.34
309.47
310.34
310.62
310.53
310.54
310.54
309.42
310.79
310.57
310.51
310.29
309.43
309.65
310.23
309.07
309.07
309.05
309.12
308.74
308.23
308.4
310.8
309.19
310.41
308.94
309.69
309.69
309.04
308.62
308.23
308.34
308.58
309.05
309.18
308.33
308.61
309.02
308.84
308.24
309.11
308.74
308.41
308.27
308.25
307.29
308.37
308.37
307.22
307.65
308.11
307.48
307.2
306.74
306.78
307.25
307.69
308.38
307.56
308.92
307.87
307.77
307.29
307.05
306.67
306.47
306.62
306.68
306.45
306.13
306.09
305.95
305.69
305.72
305.57
305.26
305.14
304.65
304.31
305.25
304.9
304.63
304.86
304.31
303.59
303.7
303.5
302.88
303.22
303.91
303.65
303.45
302.79
302.6
301.98
303.06
302.83
301.86
302.55
302.2
302.03
302.51
302.53
301.96
301.43
301.74
302.36
301.57
301.95
301.57
301.84
301.76
302.03
301.45
301.67
300.75
301.01
301.14
301.14
300.88
300.88
301.18
300.76
300.84
301.42
300.64
301.27
301.43
301.07
301.33
300.94
300.55
299.33
300.98
300.71
300.33
300.71
300.9
300.74
300.82
301.11
300.36
300.95
300.33
300.62
300.15
299.98
300.3
300.14
299.85
300.47
301.15
300.32
299.02
299.94
300.43
299.38
299.38
299.24
299.45
300.26
299.93
299.99
299.85
299.14
298.72
298.71
299.25
298.32
298.66
297.5
297.62
298.25
298.56
298.95
298.47
299.08
298.39
298.74
298.68
298.84
298.65
298.74
298.69
298.27
297.84
298.29
298.18
298.16
298.25
298.35
298.06
297.1
297.1
298.01
297.49
298.36
298.36
295.92
296.95
297.38
298.11
298.29
298.24
297.64
297.85
297.58
298.3
297.25
297.92
297.95
296.94
296.83
296.94
297.33
297.3
296.91
296.21
297.22
297.2
297.42
297.56
296.65
297.41
297.48
297.48
297.07
297.08
297.17
296.45
296.51
297.35
297.5
296.11
297.09
296.12
296.65
296.05
296.34
296.77
296.3
296.98
296.35
296.35
295.96
297.17
298.67
298.67
298.7
298.69
299.18
298.75
299.05
298.44
299.78
299.67
298.83
298.77
298.58
299.11
299.62
298.78
298.78
298.92
298.56
298.31
298.99
300.6
299.13
299.2
298.83
300.02
299.59
298.76
299.49
298.3
296.95
296.95
298.66
298.61
299.53
299.24
298.23
298.71
298.97
297.55
298.4
298.09
298.78
297.52
297.92
298.56
298.06
298.44
298.44
298.1
298.33
298.16
297.82
297.81
297.87
297.31
298.14
297.36
298.75
297.96
298.35
297.47
297.73
298.2
297.26
298.92
299.14
299.52
299.64
300.31
300.59
299.86
300.43
300.17
299.76
300.14
300.35
300.37
300.63
300.17
300.99
300.92
300.61
300.93
300.67
301
300.2
300.92
300.69
301.51
301.53
300.64
300.56
300.85
300.99
301.74
302.05
301.69
302.13
301.35
301.15
301.1
301.63
301.69
300.94
300.81
300.81
301.71
300.03
301.16
301.12
301.04
299.97
300.96
300.82
301.18
301.02
300.78
301.7
300.57
301.12
301.84
301.65
302.05
302.29
302.05
302.66
302.44
302.25
302.68
304.28
304.83
304.6
305.55
305.94
306.19
305.89
306.39
307.02
306.41
307.08
306.25
307.37
306.24
306.65
307.68
307.17
306.49
307.04
307.13
307.46
307.47
306.04
306.48
307.47
307.18
307.2
307.85
307.64
307.46
305.71
307.3
307.21
307.27
307.27
306.75
307.27
306.94
306.92
307.01
306.94
307.12
307.51
306.92
307.8
307.46
308.9
307.7
306.91
307.3
307.1
307.19
306.89
307.49
306.8
306.52
306.63
307.37
307.83
308.3
307.98
308.05
309.25
308.05
308.41
308.91
309.81
309.39
310.09
310.47
311.41
312.26
311.55
311.17
311.26
311.34
311.72
310.93
312.6
313.13
312.31
312.47
312.95
312.36
312.19
312.7
313.1
314.08
314.81
313.55
312.6
313.17
313.55
313.01
312.39
311.99
313
313.5
312.52
314.04
313.91
314.11
314.09
313.58
313.08
312.92
312.86
313.76
313.31
313.62
313.49
313.07
313.64
313.64
313.23
313.28
313.23
312.86
313.59
312.86
313.72
311.82
313.56
313.13
312.59
313.6
314.44
314.61
314
313.72
315.21
315.03
314.85
315.96
316.56
316.43
317.77
317.5
317.57
317.94
318.49
318.84
318.54
317.31
318.48
318.63
317.83
318.46
318.22
318.92
318.4
318.61
318.81
318.34
318.64
318.62
318.6
318.44
318.81
318.59
318.6
318.61
318.35
317.42
319.65
319.02
317.46
318.75
318.17
317.73
317.98
318.19
319.45
318.6
318.38
318.66
319.04
320.32
318.67
318.69
319.61
318.97
318.71
318.4
319.02
319.21
318.71
318.43
318.75
319.48
319.08
318.6
319.3
318.91
318.61
318.52
319.17
319.5
318.91
319.61
318.94
319.67
319.25
318.14
319.43
318.94
318.88
318.56
319.26
317.92
318.49
319.18
318.9
319.01
318.51
318.94
319.06
319.05
319.19
319.77
319.14
319.55
318.89
319.08
318.94
319.17
319.46
319.37
319.03
318.35
318.21
317.87
317.63
318.52
317.75
318.09
318.77
317.92
317.8
317.48
317.21
317.01
317.57
318.27
318.01
317.76
318.59
319.22
317.66
317.63
318.19
318.09
316.72
317.34
318.12
317.36
317.86
317.81
318.15
317.12
317.44
317.68
317.1
317.08
317.66
317.52
318.03
318.06
317.41
317.04
317.52
316.92
316.53
316.57
316.23
316.85
317.38
315.9
317.12
315.72
316.8
316.61
316.17
316.88
316.42
315.71
316.86
317.44
316.91
315.99
316.72
315.82
316.2
316.6
316.82
315.95
316.75
316.59
314.54
315.86
316.88
318.13
316.35
316.3
316.95
317.06
315.91
317.29
317.58
316.4
316.28
315.8
315.78
315.1
314.9
314.99
315.53
315.66
315.43
315.23
314.37
315.27
316.4
315.58
314.92
314.72
314.52
314.59
314.68
314.94
314.77
314.92
313.58
313.85
314.01
313.92
314.9
314.13
314.08
313.9
314.33
314.18
314.26
314.23
313.4
313.41
314.29
313.8
314.16
313.77
313.92
315.17
314.41
314.4
313.34
313.62
313.55
313.93
313.77
313.78
313.57
313.73
313.5
312.82
313.35
313.28
312.61
312.92
312.12
312.91
313.72
312.95
312.72
313.08
313.22
313.15
312.85
312.41
312.6
312.16
312.58
312.58
313.21
312.77
313.02
313.29
312.95
313.48
313.5
312.04
312.47
312.81
313.37
313.18
313.78
313.66
312.85
312.1
311.79
312.62
311.92
311.42
311.44
311.51
311.42
310.49
310.95
310.18
310.63
310.72
311.15
310.76
309.77
310.16
310.03
309.89
310.09
309.77
310.64
309.46
309.65
310.22
310.01
309.67
309.92
309.99
309.95
310.06
310.27
309.54
309.67
310.15
309.12
309.42
310.23
309.48
310.38
310.06
309.96
309.09
309.41
309.74
309.65
309.7
309.38
309.72
309.95
310.22
310.24
310.11
309.3
309.83
310.03
309.47
310.52
310.37
310.28
309.58
308.95
309.43
309.96
310.32
309.42
308.75
309.6
309.37
309.96
309.56
309.79
308.76
309.31
309.08
308.94
308.6
308.19
308.29
307.51
307.43
307.35
307.82
308.82
307.74
307.69
306.57
306.13
305.34
304.93
303.92
303.17
303.6
303.05
303.57
304.02
304.17
302.42
303.17
303.09
302.88
303.91
303.1
303.61
303.12
303.39
303.53
302.99
303.45
304.81
304.17
302.76
303.79
303.46
303.31
302.46
302.57
303.16
303.6
304.23
303.47
303.72
302.85
303.02
302.98
303.53
304.52
303.63
304.55
302.94
303.1
303.78
304.01
303.87
304.61
303.45
303.6
303.01
303.6
303.65
304.26
303.71
304.3
304.03
303.52
303
303.47
303.59
303.48
303.33
303.43
303.44
303.4
304.23
303.25
303.96
303.85
304.41
304.34
302.36
302.36
303.37
303.47
303.54
304.38
303.06
302.97
304.11
303.86
304.09
304.24
303.79
303.66
304.07
303.75
304.14
304.65
303.58
303.26
303.45
303.66
304.25
304.21
304.12
304.08
304.37
303.99
304.68
304.56
304.3
304.22
304.39
305.62
305.68
304.88
305.66
304.58
305.68
305.14
306.09
306.53
305.42
305.66
305.92
306.41
305.95
305.96
306.08
305.68
306.15
305.2
305.73
306.26
306.14
305.96
305.86
305.94
305.82
305.29
305.9
306.58
305.3
305.77
306.06
306.39
306.58
306.62
305.68
306.14
305.43
305.78
305.88
306.4
306.21
305.01
306.04
304.92
306.06
305.95
305.02
305.74
305.54
306.22
305.61
305.59
305.62
306.38
305.78
306.21
306.41
306.57
306.25
306.08
305.56
305.71
305.89
305.98
306.11
306.6
306.52
306.39
306.6
306.44
306.95
306.14
305.91
306.56
306.31
306.36
305.86
306.18
305.38
305.92
306.08
305.8
306.15
306.3
305.88
305.76
306.06
305.64
306.12
305.63
305.69
305.71
305.57
305.63
304.96
305.9
304.8
305.77
306.06
306.2
305.62
305.55
306.68
307.52
307.47
307.48
307.58
307.61
306.67
307.31
307.68
307.41
307.6
306.35
307.18
307.25
307.22
305.76
307.52
307.77
307.1
306.86
307.19
307.77
307.93
308.37
307.96
308.08
308.67
308.31
308.23
307.4
308.46
308.71
308.02
308.38
308.37
308.23
308.34
308.21
309.06
308.81
308.72
309.18
308.97
309.38
308.73
308.71
308.66
308.72
308.9
308.79
308.13
309.44
309.31
308.5
308.85
308.47
309.08
309.03
309.31
308.31
307.57
308.58
308.6
307.87
309.33
308.39
308.74
309.35
309.33
309.12
309.18
309.08
310.02
311.15
310.55
309.76
310.5
310.37
310.53
310.73
310.78
311.06
311.72
310.31
311.81
312.58
312.6
312.96
312.86
312.54
313.36
312.59
312.36
312.19
312.42
312.53
311.68
312.68
312.71
313.09
312.46
312.65
311.71
311.99
312.76
313.06
313.14
312.9
313.12
313
313.28
310.92
312.14
311.91
312.43
313.29
312.72
313.56
312.53
312.7
312.51
312.47
312.39
313.05
312.27
312.63
311.9
311.98
312.36
311.94
312.46
312.26
312.04
312.42
312.28
312.84
312.8
311.88
312.3
312.52
312.43
312.21
312.35
311.49
312.41
312.59
311.88
312.68
312.74
312.74
311.34
312.55
312.52
311.83
312.08
312.29
312.49
312.29
312.68
311.95
311.82
312.5
312.59
312.52
312.45
314.04
312.9
313.25
313.9
313.43
313.64
312.7
314.33
314.06
314.79
315.43
314.95
315.12
315.58
316.17
315.23
315.72
315.63
315.65
314.98
315.98
315.69
314.98
315.3
315.24
316.52
316.21
316.36
316.36
316.23
315.96
315.83
315.34
314.33
315.22
315.3
315.87
315.16
316.16
315.67
316.65
316.13
315.36
316.65
315.94
316.01
314.94
314.56
314.75
315.16
315.32
316.17
316.08
316.24
315.9
315.48
315.58
315.57
315.59
316.23
315.25
314.89
315.19
315.57
316.17
316.36
316.05
316.41
316.38
316.1
315.48
314.84
314.66
315.86
316.69
315.46
316.03
315.64
315.9
316.39
316.22
315.92
315.86
316.54
315.79
314.71
314.67
315.54
316.11
316.32
316.21
315.11
316.55
315.59
315.81
316.28
316.73
316.37
316.06
314.82
316.41
315.92
315.53
314.66
316.12
316.35
316.28
316.08
316.62
316.48
316.86
316.78
317.49
315.86
316.05
315.57
316.58
316.95
316.61
316.27
315.83
316.99
316.95
315.71
316.5
316.43
316.27
315.97
316.04
315.86
316.43
316.18
316.12
315.95
317.2
316.03
314.93
315.35
314.9
314.99
314.68
314.66
314.99
314.37
314
312.6
313.73
313.65
313.84
314.15
315.78
315.95
314.54
315.1
314.76
313.54
314.37
315.67
314.91
314.61
314.7
315.13
314.81
314.44
314.81
315.05
314.52
315.05
314.55
314.96
315.58
315.89
314.98
315.34
315.62
315.67
313.65
315.12
314.1
314.81
315.34
314.31
315.17
315.28
315.2
315.47
315.09
315.48
316.06
316.36
315.71
315.42
314.92
315.18
315.63
315.05
315.54
314.86
315.36
315.71
313.98
314.7
315.54
315.31
314.87
314.81
314.55
314.74
315.09
313.31
314.74
314.63
314.71
314.18
314.24
313.91
313.77
313.74
313.55
314.49
314.09
314.37
314.87
315.74
314.2
314.25
314.62
314.71
314.54
314.55
315.57
315.12
314.82
314.74
314.72
314.47
314.17
314.66
313.77
313.5
313.76
315.19
314.9
313.89
313.37
315.21
314.71
314.28
314.59
314.73
314.53
315.21
314.51
314.59
314.37
314.64
314.87
314.29
314.7
314.27
313.61
314.65
314.8
314.15
314.12
313.98
314.18
315.08
314
313.93
313.9
313.34
313.38
312.93
313.06
313.36
313.93
314.04
313.37
313.46
313.08
313.45
313.44
313.05
312.78
313.43
313.93
313.56
314.05
312.78
313.63
315.85
313.3
313.37
314.09
313.38
314.11
313.9
314.15
313.75
313.76
314.07
313.92
314.07
314.86
314.16
314.07
313.05
313.68
313.06
313.28
314.42
314.45
315.04
314.84
314.27
314.33
314.09
313.57
313.24
312.96
312.54
312.8
312.81
313.17
313.12
312.56
312.74
312.13
312.23
312.17
312.84
312.67
312.49
312.27
312.02
311.9
312.22
311.69
310.91
311.68
311.3
311.44
312.13
312.1
311.02
311.78
312.36
309.91
311.07
311.46
311.84
311.57
311.35
311.39
311.15
310.59
311.7
311.7
309.92
310.83
310.76
310.15
311.17
311.26
310.39
312
311.3
311.3
312.24
311.57
311.12
310.12
310.17
310.91
310.39
311.36
311.74
311.17
311.56
310.78
311.14
311.46
311.19
310.62
310.52
310.47
311.43
311.25
311.85
311.32
310.76
310.15
310.99
310.64
310.72
311.05
311.28
310.63
310.65
311.43
310.43
311.08
310.52
310.03
309.79
309.45
311.48
311.39
310.07
310.31
309.71
309.55
309.65
308.87
308.91
309.38
308.43
307.88
306.34
306.61
305.6
304.63
305.7
304.33
303.82
303.8
303.96
304.73
304.28
303.86
303.74
303.9
303.01
303.43
304.3
303.16
303.74
304.11
303.48
304.47
303.48
303.05
303.75
303.36
303.21
303.1
304.11
303.23
303.81
304.43
303.46
303.8
303.32
304.72
304.53
304.05
303.6
303.75
305.12
304.14
304.17
304.17
304.19
303.8
303.73
304.34
304.78
303.98
302.65
303.34
303.46
303.72
304.06
303.48
303.44
303.75
303.85
303.54
304.14
303.34
303.72
303.36
303.9
303.43
303.63
301.97
303.03
303.83
304.19
303.2
303.29
303.84
302.92
303.64
303.86
303.79
303.4
304.36
305.3
305.22
305.65
305.54
305.74
305.89
304.42
304.57
304.58
305.6
305.93
305.86
306.09
305.26
305.54
305.49
304.86
305.54
305.22
305.09
305.98
305.69
306.5
305.43
306.62
306.1
306.43
306.08
306.5
306.49
306.1
305.48
305.39
305.4
304.98
305.79
305.85
306.15
305.93
305.89
307.05
306.06
305.77
306.12
306.37
307.05
305.19
306.82
307.19
305.87
306.8
306.04
305.93
307
306.79
306.53
306.02
307.12
306.06
307.98
307.39
305.74
306.49
306.12
306.47
306.95
307.2
307.28
307
306.75
306.94
306.66
306.75
305.36
306.43
306.84
307.15
306.07
306.57
306.35
306.55
306.65
306.48
307.12
305.64
307.05
306.43
306.58
307.45
307.16
307.07
306.51
307.31
306.08
305.87
306.89
306.83
306.49
307.45
307.41
307.5
308.62
308.85
307.96
308.18
308.16
307.37
308.18
308.09
306.99
307.22
307.74
306.58
308.12
308.45
309.26
309.23
308.56
308.95
308.65
308.61
307.52
307.49
308.22
309.08
308.55
307.6
307.18
307.68
308.19
307.88
308.37
308.48
308.11
306.98
307.81
308.54
308.17
307.77
307.15
308.18
307.71
308.16
308.25
308.24
307.96
308.1
307.94
308.6
308.92
308.59
309.95
308.46
308.83
309.04
309.48
308.8
308.81
309.07
309.78
309.58
309.16
308.83
308.96
309.44
309.33
308.31
309.02
309.6
309.43
309.28
309.75
309.33
309.46
308.64
308.81
308.7
309.54
309.61
310.1
308.83
309
309.15
310.65
309.78
309.22
309.63
309.44
310.37
310.6
309.41
309.97
310.23
310
310
310.08
308.96
309.69
310.25
310.2
310.01
310.4
310.37
310.43
310.59
310.49
311.46
311.51
311.89
311.69
311.43
311.5
311.12
312.14
312.53
312.96
313.66
313.9
313.7
315.06
314.41
314.28
314.1
314.33
314.89
314.47
316.06
316.25
315.12
314.74
314.9
314.67
314.96
315.03
315.16
315.3
316.04
315.03
314.97
314.37
315
315.55
315.67
315.7
316.71
316.75
316.62
315.83
316
316.02
315.77
314.4
316.22
315.85
315.58
315.39
316.27
316.48
317.26
317.03
316.67
316.25
316.28
316.07
315.77
316.26
315.46
316.04
316.13
316.61
317.06
315.92
316.65
316.7
315.91
315.63
316.47
316.52
315.99
316.09
316.45
316.54
316.68
316.59
316.74
316.55
317.44
316.64
316.41
316.77
316.09
315.71
316.83
315.89
316.12
316.06
316.57
316.22
316.66
315.96
315.96
315.92
315.58
316
317.74
317.65
316.81
315.02
316.8
316.5
316.12
316.16
316.16
316.44
316.29
317.41
316.47
316.7
315.85
315.4
316.85
316
315.85
316.1
316.37
316.72
316.36
316.48
315.81
315.83
316.24
315.43
315.97
316.45
316.39
316.22
316.57
316.15
316.25
316.15
315.44
315.42
316.8
317.19
316.3
317.01
316.77
317.41
316.3
316.08
315.92
316.52
316.38
316.73
317.32
317.27
317.19
317.19
317.1
316.24
316.98
316.76
316.3
315.88
316.07
316.98
317.33
317.25
316.66
317.68
316.9
316.7
317.33
316.37
317.4
317.11
317.4
317.09
317.49
317.27
317.27
318
318.04
317.62
317.46
317.63
317.44
317.24
317.39
317.51
318.09
317.65
316.56
315.99
317.15
317.37
317.89
317.89
318.36
318.94
318.32
318.16
317.34
318.66
317.73
317.85
318.47
318.38
317.58
318.45
319.01
318.69
318.53
318.27
318.27
318.85
319.1
318.69
319.39
318.87
319.72
319.47
319.45
319.28
319.17
318.68
319.43
320
318.74
319.68
319.43
319.81
318.3
318.69
319.06
319.16
319.53
319.99
320
319.86
319.28
319.15
318.96
319.7
319.55
318.03
319.34
319.19
319.46
319.22
319.57
320.02
319.53
319.55
319.66
318.7
318.47
317.36
316.59
316.7
317.36
317.36
316.25
316.71
316.33
316.35
316.63
316.38
315.24
316.29
316.35
316.28
315.71
315.15
315.28
316.38
315.78
316.26
316.25
315.47
315.55
316.16
316.4
316.38
315.03
315.68
315.14
315.69
315.66
316.08
316.21
316.21
316.27
315.21
315.66
315.28
315.96
315.65
316.03
315.76
315.3
315.38
316.48
315.85
316.03
316.98
315.3
316.02
315.04
315.39
314.69
315.38
315.64
315.59
316.12
315.7
315.97
315.21
316.01
317.07
317.22
316.55
317.13
316.06
315.74
315.44
315.63
315.17
314.23
314.62
315.54
314.42
313.74
314.03
313.94
313.98
313.4
313.36
313.24
313.04
313.03
312.67
312.61
312.43
312.35
313.11
313.35
313.2
313.31
312.83
312.22
313.06
311.89
312.39
312.52
311.63
313
311.92
314.09
313.16
313.01
312.39
311.72
312.75
312.19
311.22
311.51
311.57
312.32
312.15
312.17
312.21
312.06
311.94
312.17
312.13
312.21
312.67
312.46
311.99
312.49
312.28
313.02
313.63
313.03
312.4
312.72
311.78
312.34
311.95
311.39
311.38
310.92
311.41
312.59
311.45
311.52
311.9
312.03
312.4
312.75
311.96
311.53
310.19
311.6
311.62
311.71
311.74
311.28
311.19
311.21
310.96
311.01
310.8
310.9
310.83
310.53
310.17
310.23
310.79
310.2
309.79
309.55
309.84
310.19
310.6
310.37
309.07
309.07
308.43
308.38
308.42
308.08
307.6
307.38
306.81
305.24
304.81
305.11
304.67
304.51
304.4
304.33
304.58
304.52
303.71
303
303.51
303.17
304.03
303.78
302.93
303.74
303.84
304.26
303.63
304.22
303.47
302.91
303.33
303.05
303.73
303.57
304.03
304.33
303.99
302.62
303.71
303.52
303.12
303.74
304.21
303.22
303.25
303.45
303.31
302.93
303.4
303.29
302.8
302.73
302.68
302.82
303.14
303.08
303.5
302.8
303
302.79
303.41
303.63
303.99
303.52
303.06
302.85
302.87
302.28
302.8
303.67
302.4
303.24
303.95
303.16
302.63
303.18
302.97
303.43
302.84
302.61
303.76
303.14
303.14
303.5
303.05
303.04
302.84
302.71
302.83
303.34
302.13
302.16
302.97
302.52
302.26
303.42
302.91
303.79
303.06
302.46
302.88
303.45
303.78
303.41
302.18
302.35
302.59
303.22
303.66
302.65
302.4
302.5
302.97
303.41
303.76
302.8
302.99
303.03
303.9
303.03
301.94
302.4
302.19
302.52
303.46
302.88
303.06
303.36
302.59
303.3
302.69
303.52
303.08
302.7
303.05
302.81
304.13
303.72
303.68
303.79
303.96
303.57
303.17
303.72
303.32
303.72
303.03
304.63
304.89
304.91
305.43
306.03
305.31
304.71
305.36
308.15
305.75
305.94
305.12
305.47
306.06
305.81
305.69
305.6
304.59
304.57
305.66
306.04
305.71
305.6
306.19
305.82
306.53
306.2
305.57
306.52
306.51
307.23
306.46
305.94
306.24
305.67
306.36
305.91
306.82
306.22
307.1
306.32
306.63
306.44
305.37
306.12
307.57
306.09
306.88
306.29
306.74
306.54
307.28
305.92
307
306.6
307.14
306.41
305.84
306.81
307.08
306.2
306.35
306.72
307.08
307.76
307.01
307.33
307.29
307.4
307.01
306.84
306.56
306.95
306.92
306.32
306.44
306.5
306.44
306.44
306.85
307.19
307.72
308.28
307.27
307.17
307.82
306.61
307.32
305.62
306.53
306.51
306.84
306.48
307.08
306.7
306.9
307.14
306.62
306.5
306.3
306.84
308.08
307.46
308.68
308.39
309.08
308.33
308.28
308.47
308.56
308.52
308.34
308.67
308.29
308.64
308.18
309.44
308.61
307.93
308.84
309.01
307.81
308.75
308.72
309.12
308.77
307.98
309.24
309.61
307.61
308.13
308.97
308.37
308.2
308.23
308.73
307.68
308.32
308.17
308.8
307.9
309.08
308.39
306.83
308.93
309.23
308.75
309.29
308.38
308.65
308.86
309.14
309.27
309.08
309.02
308.7
308.38
308.11
308.87
308.97
308.56
307.99
307.42
307.53
308.23
311.04
308.97
310.19
309.56
309.66
309.62
309.08
309.07
308.97
309.69
310.16
310.05
309.42
309.48
310.01
309.23
309.27
309.92
309.9
309.34
309.27
310.71
309.68
309.92
309.27
310.01
309.81
310.01
309.87
309.31
309.13
308.59
310
309.42
310.4
309.88
310.78
311.25
310.65
310.3
310.76
310.45
311.17
310.95
310.12
311.32
311.26
310.35
310.49
311.04
310.47
309.73
311.2
311.43
311.16
310.71
310.84
311.84
311.07
310.86
310.87
310.64
310.32
310.42
311.08
311.53
310.7
312.45
312.01
312.27
312.24
311.64
311.86
312.15
312.04
312.63
312.17
312.45
311.67
312.17
311.29
311.78
314.05
313.29
313.01
313.31
312.49
313.06
312.5
311.69
312.57
312.35
311.91
312.84
313.24
313.5
312.61
312.95
313.68
313
312.19
313.19
313.25
312.7
312.52
311.97
311.95
311.87
312.37
312.72
312.89
310.97
313.45
312.93
313.19
313.93
314.3
313.77
313.96
313.94
313.66
315.02
315.02
315.3
315
315.05
315.81
314.94
315.25
315.8
316.22
315.24
315.6
316.67
315.95
315.38
315
315.84
314.94
315.64
315.49
315.8
315.85
315.88
316.57
315.99
315.97
315.23
315.69
315.75
315.73
316.55
316.37
316.79
316.12
317.19
315.99
314.16
315.49
315.75
315.91
315.87
316
316.35
316.32
315.14
315.53
315.76
315.28
315.49
315.47
315.58
316.76
315.99
316.25
316.11
315.71
316.52
315.65
316.56
315.59
316.4
316.19
316.3
316.63
316.34
316.65
316.23
316.29
316.66
316.01
316.41
317.16
317.09
317.6
316.3
316.96
315.91
316.23
315.69
315.97
315.84
315.51
315.13
315.42
315.57
315.95
316.53
315.9
316.7
315.39
316.38
316.92
316.2
315.93
315.68
315.66
316.13
315.79
316.63
316.13
316.13
316.51
315.47
315.84
316.35
317.25
316.72
316.11
315.59
315.58
315.88
317.26
317.15
316.45
316.51
316.59
316.92
316.18
316.26
315.42
316.33
316.21
314.93
315.32
314.83
315.28
314.69
314.1
314.37
314.64
313.6
313.24
313.9
314.62
314.57
314.35
314.09
314.23
314.23
314.29
313.97
314.19
315.49
314.99
314.53
314.71
314.16
314.71
314.8
313.85
314.22
313.4
313.76
315.21
313.61
313.94
314.31
313.94
314.33
314.47
314.16
314.33
313.94
314.12
314.51
314.39
312.96
313.77
314.37
313.04
314.47
313.83
314.68
315.06
314.78
314.1
313.83
313.47
313.53
313.93
314.69
314.54
314.61
313.93
314.4
314.58
314.62
314
314.55
314.18
314.34
315.1
314.64
314.51
314.38
314.15
314.84
313.94
314.14
315.01
314.73
314.07
313.62
313.5
313.7
314
313.66
313.7
313.5
313.39
314.8
313.76
313.02
313.48
313.8
313.65
312.99
311.98
312.98
311.5
312.69
312.58
312.19
312.7
312.58
312.17
311.99
312.73
311.67
311.32
311.42
311.94
312.2
312.57
311.51
312.22
311.3
311.71
311.13
311.65
311.73
311.04
310.66
311.3
311.54
311.65
311.68
311.42
311.98
312.61
311.62
311.2
311.78
312.39
311.43
311.85
312.16
312.7
311.74
311.65
311.72
312.07
311.93
310.68
312.02
310.79
311.26
311.99
311.81
313.04
311.64
311.05
310.99
311.23
311
310.91
310.8
310.29
310.8
310.56
310.71
310.42
310.64
309.63
310.2
310
309.5
309.74
309.94
309.96
309.84
309.11
310.87
310.19
310.89
310.23
310.67
310.91
309.57
310.42
311.03
310.86
310.53
311.01
309.26
309.93
309.54
309.95
310.71
310.49
309.99
309.91
310.47
310.22
309.99
309.91
309.66
308.92
309.61
308.89
309.7
310.29
309.62
309.24
309.32
309.42
308.89
309.44
309.75
310.1
309.46
309
309.53
309.34
309.54
309.76
309.13
309.26
309.88
309.6
309.41
308.04
309.74
310.12
310.28
309.47
308.64
308.78
308.35
309.38
309.24
308.81
308.65
308.46
307.76
307.68
307.56
307
307.62
307.2
306.96
307.01
306.67
306.02
306.11
305.18
305.49
304.83
305.25
304.31
303.82
304.59
303.78
304.09
304.41
302.77
303.49
303.74
303.4
303.35
303.96
302.33
303.16
304.22
303.65
303.83
303.81
303.52
303.46
303.08
303.02
303.47
303.21
303.25
302.77
303.55
304.19
302.15
302.9
303.68
303.12
302.8
303.19
303.15
303.18
303.31
302.98
303.23
303.35
303.54
303.82
304.64
303.65
302.79
303.64
303.93
303.33
302.37
303.47
303.53
302.65
302.22
302.86
302.42
303.24
303.71
303.27
303.15
303.23
303.55
302.93
303.06
302.58
302.68
303.63
303.34
303.35
303.78
303.65
301.35
302.08
303.3
303.07
302.8
303.02
303.35
302.71
303.17
303.03
302.66
303.42
302.84
303.29
302.52
303.91
303.26
302.63
302.49
302.63
302.23
302.15
302.66
302.56
302.5
301.9
303.1
302.66
302.1
302.71
301.81
302.13
302.96
302.8
302.42
302.57
303.05
302.9
302.95
302.94
301.68
302.29
303.08
302.87
303.43
302.89
302.81
301.96
302.43
302.67
303.06
302.06
303.36
303.97
303.04
303.06
301.6
302.54
303.09
302.65
302.18
302.64
302.96
303.14
302.94
302.55
301.65
302.36
301.89
303.24
303.2
301.96
302.91
302.49
302.76
302.91
302.74
303.4
301.59
302.2
302.81
302.05
302.05
302.17
302.25
303.88
302.17
303.21
303.48
302.39
302.32
302.53
302.05
302.47
302.51
303.08
301.71
302.47
302.22
302.15
302.69
301.69
301.44
301.03
301.82
302.8
302.81
302.84
302.25
302.61
301.87
301.72
302.08
302.21
301.16
300.87
303.06
302.03
303.09
303.63
303.54
304.15
304.25
304.36
304.44
303.53
303.4
304.21
304.49
303.77
304.94
304.69
304.37
303.98
304.12
303.67
304.18
304.01
304.08
304.62
304.37
303.32
303.57
304.18
304.53
304.26
304.9
304.34
304.2
304.56
303.76
304.74
304.08
303.57
304.12
304.58
304.45
304.62
305.01
305.27
305.68
305.81
306.62
305.25
305
304.79
305.15
305.49
305.29
304.94
304.43
305.78
306.25
305.95
304.82
305.87
305.58
305.53
304.88
305.61
305.02
305.87
305.45
305.01
305.65
305.75
305.01
304.5
305.36
305.71
305.54
305.4
305.25
305.52
306.2
306.03
305.68
306.03
305.89
305.63
306.12
306.16
305.99
305.58
305.45
305.48
305.31
305.48
306.2
306.72
307.06
305.56
305.85
305.74
306.87
305.59
306.74
306.91
306.28
306.98
307.17
306.44
306.44
306.06
305.93
306.85
306.05
306.83
305.78
306.78
306.72
307.34
307.4
307.25
307.89
306.89
307.59
307.38
307.96
307.2
307.1
307.51
307.19
308.1
309.44
309
308.34
308.47
306.88
308.35
307.72
307.41
308.08
307.92
308.95
308.8
307.9
308.77
308.8
308.15
308.47
307.65
307.83
308.3
308.26
307.95
309.9
309.19
309.21
309.14
308.69
308.82
309.85
309.23
309.9
309.9
309.6
309.69
309.9
309.49
309.95
310.24
309.23
310.66
311.31
312.1
311.59
309.75
310.28
310.79
309.6
310.72
310.89
310.7
310.55
311.17
311.55
311.01
311.53
311.1
309.96
310.3
311.12
311.29
310.36
311.02
311.28
310.73
311.26
311.53
311.8
311.79
311.36
311.57
311.33
312.19
312.04
311.38
311.58
311.71
312.19
312.23
312.54
313.12
312.68
314.22
314.36
314.59
315.63
314.22
314.54
315.11
314.31
314.03
313.5
314.32
314.14
314.9
314.31
314.16
315.13
315.08
315.26
314.75
314.84
314.27
314.45
314.34
314.68
314.49
314.27
314.07
315.06
315.21
314.54
314.88
314.86
315.89
315.46
315.91
316.17
317.34
316.44
316.74
317.15
316.92
316.96
316.88
317.27
317.43
317.63
318.21
317.33
317.77
318.18
318.08
317.13
317.87
317.66
317.74
318.44
317.2
318.13
318.48
317.35
318.18
317.91
317.78
317.71
319.09
317.96
318.87
318.49
318.08
318.62
318.27
318.87
319.61
319.54
318.9
318.23
319.57
319.19
319.39
319.41
319.04
319.42
318.93
318.54
318.81
318.63
317.96
318.13
319.5
318.66
319.29
319.08
319.24
318.9
317.96
319.15
319.03
319.85
317.81
317.08
317.83
317.05
317.15
316.79
316.31
316.44
316.33
317.37
316.16
316.77
317.3
315.82
315.27
315.28
314.98
315.53
315.63
315.9
315.47
316.63
316.32
316.21
316.47
315.97
316.03
316.04
315.56
315.33
315.45
316.1
315.25
316.14
315.68
315.86
316.13
315.31
316.66
315.92
315.73
316.93
316.24
315.76
315.75
316.21
315.48
316.39
315.08
315.13
315.27
315.82
314.94
315.31
316.29
315.72
315.58
315.81
315.73
315.68
315.52
316.12
315.16
314.66
315.35
315.68
315.41
315.93
316.04
316.26
316.42
315.73
316.01
316.61
315.95
316.26
315.49
315.4
315.42
315.83
316.02
316.1
315.97
316.34
313.48
315.86
316.51
315.49
315.09
315.74
315.27
316.08
314.81
315.69
315.95
315.45
316.11
315.84
316.13
315.15
315.49
315.71
315.62
316.08
314.89
315.04
314.94
316.08
316.17
315.68
315.66
316.01
314.34
314.81
313.64
313.25
312.46
313.86
313.12
312.7
313
311.06
312.66
313.25
312.93
313.25
312.36
312.56
312.92
311.58
312.57
312.73
312.51
312.69
312.71
312.9
312.64
311.2
311.33
311.99
312.59
312.63
312.31
312.9
311.03
313.12
313.01
312.23
312.43
312.6
312.51
312.95
312.63
311.71
312.18
312.72
313.1
312.79
312.71
312.36
312.83
311.77
311.99
312.69
312.11
312.29
311.16
312.18
312.05
312.25
311.27
310.92
311.55
310.72
310.91
311.53
310.93
309.87
310.36
310.21
310.24
310.54
310.12
310.11
310.31
309.82
309.71
309.34
309.5
309.36
309.24
307.97
308.03
308.38
309.55
308.99
309.02
308.59
307.69
308.01
307.74
307.56
308.1
308.48
308.06
307.05
307.54
307.83
307.95
307.33
308.54
307.95
306.85
306.78
306.74
307.43
306.56
307.41
307.12
307.36
307.09
307.33
307.85
307.89
308.05
306.78
307.87
307.99
307.4
307.25
308.68
307.63
307.22
307.28
307.59
306.86
306.09
306.66
306.66
306.85
305.82
306.65
307.05
306.33
306.34
306.12
305.65
305.8
305.55
305.78
305.03
306.69
306.04
305.84
306.44
305.81
304.86
306.09
306.1
306.08
305.9
305.5
304.57
304.93
305.43
305.5
305.65
303.93
304.44
304.72
304.98
304.58
304.9
305.17
303.82
304.32
303.94
304.02
303.62
304.72
304.84
304.12
304.13
303.42
303.39
304.23
304.69
303.5
304.32
304.84
304.4
304.49
304.33
303.76
304.1
304.65
304.38
302.94
304.1
304.23
304.54
303.65
304.22
304.22
303.45
304.07
303.68
303.63
303.27
303.4
302.97
304.39
304.58
304.13
304.29
304.39
304.1
303.5
304.25
303.14
303.93
303.74
303.62
303.02
303.43
303.38
303.41
303.76
303.27
302.47
303.06
302.59
302.45
303.22
303
302.31
302.85
303.08
302.04
302.99
302.45
303.76
302.49
303.26
303.27
303.12
304.08
303.66
303.05
302.59
302.2
302.78
302.75
302.72
303.79
302.32
302.78
302.68
302.72
301.96
302.66
302.36
303.54
303.28
302.03
301.02
303.04
302.87
302.61
302.77
302.82
302.06
303.26
302.8
303.15
302.97
302.66
302.93
302.94
302.61
303.18
302.69
302.58
303.68
303.17
302.94
302.07
301.76
303.63
303.45
303.35
302.33
302.62
303.22
302.12
301.82
302.12
302.97
302.77
302.63
302.41
302.34
302.41
302.93
302.21
302.37
302.96
302.18
302.37
302.82
302.72
302.46
302.72
302.51
302.34
300.21
302.34
303.52
302.99
302.25
302.91
302.6
303.08
303.41
303.65
303.97
304.26
303.83
303.36
302.52
303.98
304.3
305.07
304.61
304.11
303.58
304.36
304.77
304.21
303.94
304.05
304.84
304.37
303.56
303.96
304.35
304.8
304.17
304.16
305.12
305.47
305
305.82
304.9
305.38
305.39
306.38
305.94
306.17
306.37
306.48
305.23
306.18
306.46
305.45
305.28
305.38
305.41
306.82
305.64
306.9
306.44
306.16
305.74
306.5
305.8
305.82
305.2
306.54
306.31
305.35
306.17
306.62
306.33
306.27
306.05
307.19
306.52
305.82
306.23
304.44
305.71
305.26
307.06
305.78
306.09
306.51
306.2
306.05
306.69
306.76
306.42
305.65
306.64
306.95
306.8
306.34
307.13
307.34
307.75
307.13
307.72
307.99
307.65
307.1
307.21
307.64
307.62
308.02
308.64
307.66
306.8
308.45
307.7
308.06
308.99
308.97
307.93
308.9
308.86
308.76
308.19
308.01
308.58
308.17
308.89
308.67
307.68
308.48
307.98
307.62
308.5
307.73
308.26
309.05
308.64
308.21
308.69
308.95
309.1
309.26
309.39
310.16
309.45
309.53
309.72
309.1
309.62
309.66
310.7
309.19
309.95
310.42
309.91
309.58
310.12
310.91
310.42
310.19
310.45
310.4
311.39
311
311.31
311.07
311.05
311.27
311.76
310.86
311.65
312.04
311.04
312.07
310.59
310.57
310.5
310.15
310.84
310.64
311.07
311.22
311.49
311.82
311.95
312.33
311.9
311.58
312.55
312.12
311.72
312.45
312.93
313.83
313.12
313.01
312.84
313.34
313.34
313.72
312.72
313.74
313.45
315.59
314.8
314.81
314.58
314.46
315.44
315.32
314.37
314.56
313.25
313.99
313.76
315.04
315.09
314.61
315.1
314.55
315.17
314.91
314.84
315.31
315.09
314.21
315.01
315.33
314.95
313.8
314.63
314.71
315
314.76
316.3
315.58
315.91
315.21
314.91
314.52
314.3
315.2
314.75
314.34
314.96
315.25
315.6
315.14
314.83
314.44
314.88
314.4
314.4
316.05
314.97
315.05
315.1
315.19
314.32
315.3
315.06
315.01
315.34
314.63
314.79
314.97
315.36
315.21
315.9
314.59
314.65
314.65
313.27
315.78
315.57
315.74
314.65
314.79
314.25
314.65
316.19
315.94
314.68
314.74
315.25
315.08
314.74
314.92
314.78
314.65
315.58
315.13
315.42
314.24
315.91
314.92
315.39
315.04
314.65
315.45
315.26
315.07
315.38
315.27
315.99
314.98
315.49
314.69
315.05
314.99
315.4
315.6
315.05
314.97
314.9
314.33
315.05
314.65
316.29
315.99
315.2
315.74
315.73
315.2
315.25
315.47
315
314.69
314.39
315.35
315.75
315.87
314.43
314.34
314.79
314.75
314.93
315.14
315.72
314.79
316.23
314.74
315.01
315.34
315.69
314.22
314.61
315.07
315.18
314.65
313.93
314.74
315.21
314.84
314.87
314.94
315.62
316.25
316.58
315.34
315.85
315.35
316.26
315.7
315.99
316.12
318.56
316.73
316.93
317.53
317.4
317.59
316.98
317.82
318.18
317.98
317.82
318.09
317.83
317.91
318.2
318.03
318.04
318.49
318.36
318.2
317.73
318.32
318.53
318.42
317.87
317
316.76
316.75
317.35
316.8
317.4
316.6
317.22
317.29
316.74
317.18
316.64
316.86
316.62
315.84
316.36
316.27
316.45
316.96
316.91
315.49
316.89
316.26
316.62
316.87
316.53
316.96
316.55
315.45
316.23
316.44
316.2
316.71
317.49
315.43
316.07
316.09
317.18
316.39
317.33
316.66
316.38
317.05
317.36
316.41
316.44
316.85
317.48
316.91
317.29
317.87
317.31
316.38
316.21
317.16
316.66
317.52
316.05
317.09
316.22
316.4
317.71
317.5
317.63
317.6
317.47
317.76
317.16
316.66
316.72
315.49
315.68
316.05
315.56
315.02
315.48
315.46
316.07
315.21
315.07
315.83
315.48
315.1
315.3
315.73
315.75
315.26
316.49
315.02
315.14
315.99
315.52
315.7
316.72
315.52
314.57
314.7
316.53
315.88
315.97
314.25
315.02
315.58
315.39
315.35
315.21
315.27
314.98
314.14
314.45
314.45
314.04
315.99
315.43
315.07
315.9
314.84
315.02
314.3
313.75
314.73
313.66
314.7
315.18
314.05
314.71
313.99
314.43
314.74
314.72
314.57
314.61
314.48
313.97
314.41
313.64
314.71
314.67
315.22
314.8
314.32
314.01
314.43
313.81
314.21
314.3
314.34
314.05
314.43
314.72
314.48
314.56
314.73
313.75
313.9
313.66
313.98
314.17
314.58
314.69
314.4
315
314.3
313.86
314.97
314.57
313.88
314.6
315.13
315.38
314.93
313.56
313.35
313.89
313.34
312.92
312.69
311.68
310.88
311.28
311.48
311.49
312.16
310.84
312.83
310.47
310.09
309.06
308.44
308.65
307.96
306.88
307.44
307.68
306.84
307.31
307.69
307.51
307.37
307.48
307.18
306.97
307.14
306.71
306.34
307.28
306.89
307.32
307.36
307.01
307.2
307.74
307.65
306.93
306.36
306.5
306.46
306.21
306.99
307.2
307.78
307.91
307.49
307.85
307.61
307.87
307.57
307.67
305.6
307.35
307.35
307.55
308.16
307.61
306.86
307.43
307.14
307.69
306.78
306.92
307.79
307.25
306.97
306.22
307.43
307.85
307.97
307.67
307.06
307.16
307.41
308.07
307.56
307.81
307.45
307.72
307.94
308.27
308.07
308.37
307.51
307.29
307.63
307.31
307.7
307.39
306.55
306.35
308.12
308.38
306.87
306.91
307.91
306.39
306.97
306.68
306.9
307.11
307.72
307.61
307.72
307.03
307.54
306.67
307.35
307.97
307.36
307.82
307.83
307.7
307.59
306.58
307.4
306.72
306.3
305.86
305.04
304.77
304.87
304.78
303.87
305.35
304.96
304.82
304.58
303.87
303.39
302.75
303.11
302.47
302.44
302.43
302.23
301.73
301.18
301.54
301.07
300.98
301.01
301.19
302.28
301.89
301.68
301.35
301.88
300.93
300.84
302.17
301.03
301.7
300.89
301.19
301.43
301.21
301.53
300.32
301.29
301.01
301.31
301.04
300.8
301.04
300.9
300.97
300.17
301.32
301.2
300.98
300.74
300.38
300.92
300.02
301.06
300.44
300.35
300.42
300.31
299.84
301.42
301.06
300.63
301.09
301.16
301.42
301.09
300.24
301.5
300.62
300.6
300.43
302.04
300.62
302.08
301.87
301.27
301.39
300.85
300.65
300.01
300.77
300.75
301.26
301.36
301.35
300.81
301.16
300.72
301.61
301
301.62
300.62
301.7
300.99
301.31
301.69
301.92
302.24
301.83
302.44
303.6
303.05
303.99
303.36
303.57
304.36
304
303.9
304.04
303.67
303.19
303.26
303.5
303.77
303.33
302.83
304.22
304.01
303.7
304.18
303.7
303.56
303.43
303.84
304.01
304.57
304.96
303.77
304.44
304.05
304.09
304.25
303.24
303.83
304.39
303.73
302.45
303.81
304.9
303.18
303.49
303.69
304.17
303.68
303.21
303.59
304.08
304.21
304.19
304.07
303.75
303.74
302.77
303.65
302.98
303.86
303.6
303.87
304.09
304
303.6
303.05
303.51
303.85
303.87
303.88
303.54
303.57
304.48
303.95
303.82
303.51
304.17
303.24
303.54
304.16
304.41
303.32
304.81
303.45
303.64
303.51
303.68
303.74
303.53
303.93
303.05
303.02
302.89
303.08
303.14
303.26
303.68
304.02
303.65
304.27
304.25
304.04
304.32
304.87
305.56
304.41
304.17
304.87
305.01
304.16
304.89
304.3
304.88
304.43
304.98
305.13
304.24
304.65
304
305.18
305.54
304.93
304.79
304.71
304.58
305.56
305.11
304.84
305.18
305.89
305.83
306.11
305.89
306.15
306.07
306.47
307.71
307.23
307.14
306.02
306.76
306.53
307.24
307.27
307.18
307.06
307.24
307.62
307.92
308.62
308.71
308.48
308.06
308.59
308.96
308.92
308.87
309.07
308.5
309.58
308.94
309.66
309.18
309.17
309.45
310.46
309.92
310.05
309.35
309.64
309.36
309.43
309.95
310.19
309.75
309.6
310.21
310.09
310.38
309.32
308.41
308.43
309.28
309.1
309.95
308.98
309.49
310.02
309.32
309.42
309.84
310.27
310.11
310.42
309.78
309.38
309.68
309.65
309.8
310
309.95
309.02
309.21
310.32
308.75
309.04
309.71
309.73
309.87
310.38
310.32
310.38
309.51
310.59
310.45
309.8
310.91
310.34
309.86
309.52
309.85
310.43
310.76
310.24
309.97
309.82
310.02
309.23
309.47
310.59
310.27
310.71
310.29
310.61
310.47
310.14
310.1
310.69
309.46
309.63
310.92
310.53
310.58
310.44
310.13
310.48
310.1
310.14
311.61
311.12
310.17
309.53
310.69
311.28
310.47
310.68
311.29
311.29
312.39
312.47
313.27
314.98
313.64
313.45
314.79
317.77
318.33
318.74
318.84
317.93
318.68
318.82
318.7
318.57
317.85
318.96
319.11
319.01
318.44
318.75
317.96
318.18
318.19
317.66
316.95
317.94
317.6
317.44
318.08
318.33
319.4
319.12
318.96
318.11
318.82
317.35
318.33
318.84
317.61
318.58
317.06
317.95
318.18
319.25
319.58
318.86
318.76
317.78
318.24
318.29
318.98
317.91
317.72
319.07
318.65
319.27
318.83
319.68
318.52
317.86
317.74
317.28
317.49
317.65
318.39
318.08
317.04
317.17
317.29
317.51
316.33
317.04
317.53
317.64
317.67
318.04
317.58
317.86
317.86
318.45
317.96
317.33
317.78
316.78
316.66
317.47
317.76
317.64
316.51
317.08
317.33
317.85
317.21
317.16
317.25
317.67
317.82
317.53
318.04
317.65
317.72
316.16
317.52
317.83
317.32
317.78
316.67
317.38
317.68
317.47
317.91
317.36
317.4
316.99
316.75
316.27
316.24
316.83
316.47
316.72
316.58
315.85
315.9
316.2
316.04
315.72
315.83
315.59
315.65
315.78
316.2
315.74
315.53
314.87
315.47
315.7
315.87
316.14
316.27
316.6
314.87
315.33
315.86
315.33
315.64
315.46
315.6
314.09
315.09
315.15
316.16
314.37
313.93
314.54
314.98
315.35
315.12
315.38
314.75
315.05
315.09
315.39
315.25
314.09
315.29
314.84
314.36
313.25
314.75
313.94
314.29
313.63
313.37
313.82
314.25
313.7
313.24
313.63
312.15
312.33
311.75
312.27
311.95
312.56
312.35
311.75
311.82
311.43
309.66
310.41
310.98
310.78
310.78
311.23
311.17
310.3
309.94
310.56
310.48
310.52
310.46
309.26
309.99
310.35
310.27
309.66
310.53
309.98
309.8
309.77
309.03
309.34
309.18
308.3
309.81
309.42
309.43
309.57
309.16
309.5
309.75
310.09
309.32
309.8
309.18
309.75
309.77
310.7
309.8
309.45
309.5
310.11
309.99
310.12
310.05
310.02
309.52
309.67
309.06
309.57
310.14
310.46
309.84
309.84
310.18
309.56
309.75
309.75
310.43
309.33
309.39
309.32
309.35
309.87
308.97
308.62
310.13
309.31
308.72
308.38
309.54
310.52
310.23
311.91
309.94
308.83
309.01
308.85
308.97
309.28
309.38
309.38
309.06
309.03
308.52
308
309.1
308.68
308.16
308.9
308.35
309.04
308.92
308.88
308.91
308.93
308.03
308.21
308.8
308.86
307.9
308.39
308.07
307.29
307.49
307.25
308.88
307.47
308.72
308.37
307.91
307.56
307.6
307.92
308.98
308.02
308.6
308.39
307.96
308.66
308.17
307.94
308.21
307.32
307.54
307.15
308.21
307.05
307.06
307.01
307.06
307.59
306.77
307.12
307.55
306.63
306.25
305.48
304.85
305.88
305.25
305.77
306.08
305.81
305.46
305.61
305.3
305.2
305.38
305.51
305.32
304.47
305.2
304.36
304.93
304.99
305.44
304.83
305.51
305.24
305.14
305.3
305.73
305.95
305
305.08
305.36
305.21
305.33
303.84
305.26
305.02
305.65
305.08
305.17
305.76
305.01
305.32
304.84
305.72
305.18
306.06
306.02
306.16
305.3
305.05
305.14
305.8
304.68
305.29
305.51
305.9
305.99
305.48
305.41
304.59
304.84
304.88
305.25
304.68
305.3
305.6
305.42
306.08
304.97
305.47
305.11
305.04
305.14
305.45
305.11
304.61
305.43
305.08
304.98
305.33
305.79
305.36
304.55
304.9
304.58
305.43
305.63
304.79
306.15
305.28
305.82
305.58
307.08
304.88
304
305.96
305.71
305.44
306
305.4
304.61
304.81
306.4
306.34
306.31
306.31
306.04
305.62
305.23
304.9
305.45
304.64
305.7
306.1
306.29
305.9
306.07
305.23
305.26
305.89
305.37
304.38
305.01
305.65
306.15
306.31
305.49
305.23
306.94
305.23
304.71
305.54
305.08
304.74
304.73
305.98
305.2
305.64
305.12
305.04
304.2
304.91
304.99
305.27
305.14
305.41
305.28
306.01
304.62
305.99
305.01
305.54
306.21
305.69
304.81
305.38
305.43
305.32
305.49
304.87
305.65
304.75
305.06
305.14
305.9
305.47
304.52
305.65
304.85
305.38
304.85
305.32
305.77
305.61
305.74
305.77
305.15
304.81
305.82
306.13
304.89
305.23
304.76
305.86
305.94
305.05
305.12
304.8
304.79
305.32
305.77
305.89
305.59
304.6
304.32
304.5
305.21
305.09
304.5
304.54
304.6
305.08
305.61
305.15
305.54
305.13
305.42
305.02
304.79
304.54
305.22
305.92
306.77
306.81
308.02
306.33
307.14
306.66
306.97
307.11
307.28
306.85
307.18
307.61
307.28
306.65
307.07
307.16
306.88
307.04
307.59
307.43
307.03
307.43
308.18
308.08
307.53
308.32
306.86
307.33
306.92
306.56
307.72
307.83
307.52
306.58
306.76
306.79
306.83
305.48
306.96
307.39
307.33
307.41
307.59
307.51
308.11
307.68
307.3
307.87
307.95
306.75
306.47
307.89
306.98
307.04
307.02
307.25
307.34
307.85
306.87
306.93
307.29
307.81
307.94
308.02
307.77
306.92
307.64
307.61
306.87
307.87
308.04
307.37
307.9
308.17
307.7
307.15
307.59
307.08
309.38
309.36
308.39
308.8
308.19
308.98
309.06
309.7
310.44
309.64
309.47
309.57
309.02
309.08
309.16
309.18
308.59
308.67
308.26
308.95
309.84
309.47
309.12
308.58
308.65
308.95
309.1
309.51
308.73
309.1
309.1
310.02
309.92
309.77
309.71
310.48
310.16
309.78
310.51
310.44
309.99
309.08
309.41
309.93
309.58
310.68
309.69
309.18
310.13
310.49
310.35
309.85
307.78
310.24
309.66
309.02
309.02
308.72
309.95
310.08
309.66
310.27
310.01
309.57
309.74
310.31
310.61
309.96
309.29
309.5
310.44
310.49
310.28
308.32
309.38
310.09
309.7
309.96
309.66
309.88
310.11
309.06
309.51
310.25
309.94
309.75
309.4
309.14
309.64
310.12
309.9
309.32
309.68
308.7
309.56
310.32
310.62
310.4
310.22
309.86
310.57
309.07
309.69
310.28
309.6
310.55
310.56
310.49
310.39
311.24
310.61
310.75
310.88
311.33
311.44
311.42
311.38
310.99
311.59
311.89
311.38
311.2
311.79
311.83
311.66
310.93
311.03
312.03
311.55
311.53
311.44
311.36
311.04
312.16
310.99
311.97
311.87
311.25
312.08
311.69
312.63
311.54
311.47
312.54
312.1
311.34
311.63
311.18
312.63
312.82
312.14
311.11
311.28
310.62
309.39
310.1
309.85
309.84
309.55
310.36
309.74
309.33
309.73
309.66
309.62
309.52
309.8
309.77
309.82
310.08
309.67
308.82
309.52
309.46
309.6
309.63
309.82
309.83
310.28
309.78
309.44
309.54
309.2
308.97
309.15
309.28
309.57
309.64
309.64
309.6
309.31
310.06
309.9
309.94
309.88
309.95
309.22
309.83
309.01
308.97
309.24
309.4
309.6
310.7
309.99
310.55
310.47
309.75
310.36
310.41
310.43
309.8
310.01
309.31
310.59
309.77
309.46
309.78
310.07
310.72
309.21
309.48
309.86
310.25
310.68
310.11
310.23
309.57
311.69
310.63
310.45
309.87
309.98
310.01
310.13
310.6
310.66
310.48
310.5
309.83
309.81
310.46
310.35
309.46
310.15
310.28
309.64
309.76
310.09
310.2
309.44
309.97
310.5
308.94
309.56
310.76
310.13
308.94
309.7
310.09
309.58
309.4
310.52
310.51
309.34
309.38
309.61
310.06
310.58
311.36
310.6
309.53
309.91
310.17
309.2
310
309.52
310.51
310.56
310.24
310.13
310.18
311.57
310.53
309.52
310.73
311.06
310.15
310.95
310.61
310.6
311.45
311.95
311.4
311.36
311.15
310.28
310.29
311.15
311.81
311.53
311.8
312.13
312.01
311.76
310.37
310.72
311.34
311.63
310.86
311.88
310.76
310.54
312.75
311.92
312.38
311.39
311.35
311.4
311.43
311.14
310.76
312.1
312.04
312.09
311.51
311.78
311.77
311.37
311.13
311.61
311.43
312.25
311.57
312.19
311.32
311.15
311.74
311.93
311.44
310.75
312.19
312.24
312.21
311.22
312.15
311.85
312.03
312.89
311.96
311.41
312.55
311.89
311.96
312.22
312.4
311.64
311.38
311.73
311.65
311.13
310.79
310.46
310.03
309.46
309.67
309.8
310.06
309.49
309.84
309.5
308.88
308.42
307.27
305.4
305.73
305.51
304.61
304.52
305
304.78
304.56
304.97
303.96
304.16
304.62
304.61
304.78
303.92
305.36
304.8
304.75
304.77
304.29
305.13
304.38
304.44
304.38
304.61
304.52
304.84
304.17
303.39
304.05
303.42
304.71
305.73
304.04
304.15
304.82
304.95
304.24
304.64
304.99
304.48
303.95
304.95
304.91
304.66
304.77
304.88
304.63
304.46
303.92
303.98
305.57
305.42
305.55
304.29
304.6
304.39
304.3
304.51
304.34
305.35
304.49
303.88
303.81
304.21
304.37
304.18
304.7
304.62
305.4
304.64
303.49
304.39
304.38
304.61
304.14
304.88
304.58
304.5
304.48
305.07
305.02
305.21
304.78
305.54
304.32
304.04
304.08
303.89
303.88
304.29
303.66
304.67
305.02
304.8
305.16
305.02
304.47
304.38
304.19
304.78
304.66
305.28
304.87
304.5
304.74
304.53
304.86
304.3
303.4
304.09
305.21
305.07
305.2
305.23
303.97
304.49
304.75
304.6
305.24
305.41
304.67
304.52
304.13
304.4
304.37
305.3
305.27
305.71
305.21
305.11
305.08
304.19
304.61
303.53
305.69
305.98
304.56
305.52
304.98
305.57
304.62
304.07
304.07
304.8
305.21
305.48
305.04
304.45
304.72
304.53
304.36
304.57
305.21
304.44
305.25
304.4
304.65
303.4
304.68
305.21
304.96
304.79
305.57
305.44
305.12
305.05
305.42
305.27
304.79
305.07
304.35
305.09
304.81
305.22
305.29
305.06
304.5
304.77
304.33
304.76
304.7
304.77
305.59
304.98
304.86
304.68
304.42
304.31
304.91
304.33
304.34
305.33
304.39
305.5
305.11
304.66
304.35
305.19
304.72
304.71
304.56
304.55
304.6
304.95
304.89
304.21
303.79
304.34
305.46
305.36
304.3
304.19
304.15
304.97
305.56
305.23
304.19
304.75
304.31
304.38
305.5
305.07
306.61
305.57
304.52
305.38
305.44
304.89
304.85
304.62
305.12
304.38
305.25
305.83
305.81
303.82
303.63
304.33
304.21
304.44
305.17
304.96
304.98
305.84
306
304.91
304.99
304.23
303.53
303.31
304.45
304.58
305.17
305.37
304.32
304.19
304.45
304.34
304.62
304.14
304.3
303.7
303.98
304.11
303.55
303.59
303.73
302.65
302.85
302.93
302.64
303.27
303.12
303.63
302.76
302.72
302.66
304.38
303.51
303.41
303.62
303.03
303.16
303
302.71
303
303.51
303.33
302.98
302.85
303.28
303.79
302.95
302.56
303.21
303.07
302.39
302.61
302.57
303.66
303.44
302.8
302.64
303.01
303.1
302.82
304.36
302.88
302.54
303.79
302.62
303.21
302.21
303.9
304.01
303.33
303.59
304
303.14
302.32
302.52
302.74
302.55
302.46
303.74
302.7
303.19
303.08
303.7
304.23
303.32
302.93
303.38
302.5
303.38
302.32
302.45
303.49
303.41
303.3
303.33
303.54
301.96
303.29
303.66
303.55
301.92
302.85
302.07
302.73
303.42
300.48
301.28
301.91
302.4
302.9
303.02
302.47
302.69
303.09
303.25
302.54
302.64
304.02
303.51
302.6
303.59
303.08
303.14
302.18
302.15
303
302.92
303.06
302.55
302.94
303.06
302.3
303
302.88
303.83
303.13
303.84
303.28
303.36
302.85
303.95
302.89
301.86
302.7
303.39
302.25
302.71
302.68
301.61
302.41
302.87
302.52
302.85
302.88
302.57
302.99
303.37
303.25
303.03
302.14
301.86
302.85
302.49
302.61
302.68
302.41
302.11
302.41
301.96
302.6
302.57
302.32
302.78
301.5
301.94
302.83
302.17
300.2
301.83
302.23
301.98
302.91
301.77
301.36
302.08
301.3
302.07
301.97
301.44
300.93
301.85
302.45
301.88
301.55
301.15
302.82
301.23
302.48
301.89
302.24
301.55
301.57
301.86
302.07
301.48
300.67
301.49
301.15
300.54
300.98
301.5
301.1
301.9
301.41
301.9
301.89
302.25
301.69
301.66
302.35
301.11
301.36
302.15
301.43
300.73
301.29
301.21
301.06
300.75
301.52
300.74
300.55
301.24
301.24
300.99
301.5
301.73
299.62
300.97
300.6
300.26
301.47
300.86
301.49
300.85
300.17
300.61
299.93
301.05
301.01
300.66
300.58
300.23
300.83
301.03
300.78
301.71
301.84
300.67
300.75
300.86
300.51
301.48
301.21
300.67
301.54
301.75
301.11
301.01
301.83
300.52
301.72
300.96
301.55
302.88
302.61
302.32
302.4
303.57
303.44
304.88
303.98
302.79
303.03
302.42
302.8
301.74
302.88
303.19
303.27
302.94
303.74
304.07
302.96
302.66
301.13
302.8
302.64
303
302.62
302.38
302.22
303.4
303.51
302.99
302.56
302.13
302.47
302.8
302.43
302.22
302.95
300.86
302.83
302.85
302.27
302.93
303.05
302.84
303.18
304.14
303.33
302.68
302.28
302.34
302.61
302.8
302.37
302.7
301.55
302.8
302.93
302.33
301.89
301.95
302.76
302.57
302.74
303.06
302.68
302.58
302.73
303.41
303.73
303.28
304.11
303.47
303.91
303.49
303.64
304.22
303.62
303.93
304.29
304.5
304.29
303.62
303.67
302.49
302.7
303.38
303.5
303.91
303.95
303.63
304.56
304.46
304.23
304.03
304.41
303.63
303.92
303.93
303.21
305.14
304.73
304.27
304.63
304.89
306.61
305.37
305.74
305.9
305.07
306.15
305.79
305.55
305.01
305.38
306.17
306.68
305.96
306.2
305.55
306.34
306.19
306.4
306.1
306.48
304.49
307.08
306.78
306.82
305.72
307.08
306.57
306.53
306.52
306.76
305.72
305.04
305.82
306.7
306.73
305.89
306.06
306.07
304.61
305.96
306.68
306.17
306.81
306.45
306.25
306.89
306.7
306.12
306.22
306.09
305.75
306.6
307.06
307.49
308.32
307.78
309.3
309.81
309.44
311.37
310.69
312.16
315.05
319.46
319.15
320.53
321.06
321.45
323.15
322.04
321.85
322.8
323.17
323.57
323.94
324.9
324.96
325.17
324.93
324.58
324.49
321.07
320.39
321.66
320.55
320.29
319.68
319.3
319.21
319.05
318.5
318.55
318.5
318.23
317.88
318
317.56
316.9
317.34
315.43
315.27
314.8
315.29
315.18
314.2
314.07
314.4
314.53
314.4
313.49
313.29
313.75
312.79
313.55
313.87
312.56
313.06
313.27
313.04
312.95
312.49
312.37
312.07
311.48
311.82
313
312.1
312.03
311.29
311.33
311.49
311.7
311.64
310.64
311.37
311.01
311.68
311
311.62
311.74
311.64
311.41
310.88
311.66
311.97
310.93
310.41
310.49
310.72
311.1
311.32
311.03
311.62
311.36
311.64
311.6
311.66
311.13
311.12
311.04
311.24
311.15
310.99
311.35
311.7
311.45
311.5
310.8
311.44
311.42
311.45
311.74
311.05
311.08
311.27
310.97
310.82
311.16
311.4
312.8
311.68
311.36
311.08
311.35
310.53
310.7
308.73
310.27
311.27
310.44
311.7
310.53
310.63
310.45
310.03
311.04
310.39
311
312.58
311.82
310.74
310.36
310.91
310.07
310.91
309.83
311.09
311.46
310.47
310.33
310.48
310.26
311.01
310.15
310.53
310.5
309.81
310.8
311.02
311.37
311.06
311.06
310.2
309.69
310.31
310.36
310.09
310.68
311.03
309.64
311.27
309.64
310.93
309.53
310.02
310.48
310.21
309.31
310.75
309.59
309.59
309.93
309.89
309.73
309.07
309.45
309.76
309.58
310.15
310.65
310.43
309.77
309.4
309.09
310.6
309.45
309.98
308.57
309.98
309.61
309.33
308.55
309.16
308.92
310.25
308.68
309.63
309.15
309.58
309.55
309.96
309.78
308.81
309.04
309.36
309.3
309.63
309.28
308.8
308.53
308.65
308.99
308.69
309.04
308.91
309.22
309.27
308.07
308.71
308.68
308.61
308.97
309.12
309.27
308.47
307.76
307.86
308.33
309.96
309.73
309.19
310.12
309.14
308.43
309.05
308.39
308.66
309.33
309.42
309.03
309.3
308.73
309.11
310.01
309.26
309.09
309.03
309.31
308.79
308.8
308.4
310.51
309.23
308.81
309.13
309.29
309.74
308.27
309.04
309.21
308.64
309.24
310.38
309.3
307.89
309.36
309.45
309.39
310.05
308.79
308.84
309.28
309.47
309.28
309.17
309.34
309.43
309.94
310.19
309.5
311.52
311.22
312.01
310.91
311.24
311.17
310.65
310.67
310.89
311.11
