90.72
90.7
90.65
90.67
90.66
90.66
90.72
90.64
90.63
90.69
90.76
90.76
90.79
90.87
90.88
90.89
90.92
90.81
90.72
90.77
90.82
90.78
90.81
90.9
90.87
90.87
90.88
90.91
90.91
90.96
90.98
90.95
90.89
90.88
90.81
90.78
90.81
90.78
90.74
90.78
90.88
90.78
90.76
90.8
90.81
90.83
90.83
90.8
90.78
90.82
90.82
90.85
90.84
90.86
90.86
90.82
90.84
90.89
90.88
90.95
91.09
91.03
90.97
91
91
90.95
90.95
91.01
91.01
91.02
91.14
91.2
91.1
91.11
91.05
90.92
90.88
90.83
90.75
90.72
90.82
90.89
90.85
90.92
90.94
90.87
90.84
90.94
90.88
90.76
90.8
90.82
90.81
90.89
91
90.94
91
91.06
91.02
90.95
90.91
90.86
90.88
90.86
90.94
90.95
90.87
90.88
90.81
90.73
90.79
90.86
90.85
90.85
90.85
90.78
90.77
90.95
91.03
91.01
91.03
91.02
91.04
90.98
91
91
91
91.09
91.09
91.08
91.07
91.1
91.1
91.07
91.09
91.07
90.99
90.98
91.05
91.04
91.1
91.18
91.08
91
91.05
91.06
91.05
91.04
91.11
91.02
90.95
90.97
90.89
90.87
90.93
90.98
90.88
90.94
90.98
90.94
90.93
91.03
90.98
90.93
90.91
90.89
90.83
90.81
90.91
90.94
90.92
90.96
90.98
91
90.97
90.98
90.9
90.88
90.95
90.97
91.04
91.14
91.16
91.02
90.94
90.97
90.83
90.84
90.94
90.91
90.87
90.93
90.97
90.95
91.01
91.07
90.99
91.08
91.14
91.16
91.11
91.14
91.14
91.09
91.07
91.17
91.2
91.16
91.19
91.2
91.15
91.15
91.21
91.18
91.13
91.23
91.24
91.28
91.33
91.38
91.39
91.35
91.42
91.37
91.29
91.26
91.27
91.25
91.28
91.3
91.26
91.25
91.24
91.19
91.08
91.11
91.12
91.1
91.07
91.17
91.21
91.09
91.13
91.18
91.15
91.17
91.13
91.11
91.08
91.08
91.07
91.14
91.17
91.17
91.14
91.11
91.11
91.11
91.08
91.17
91.13
91.09
91.15
91.22
91.23
91.15
91.14
91.15
91.15
91.18
91.14
91.05
91.1
91.11
91.1
91.08
91.13
91.06
91.02
91.02
91.08
91.1
91.16
91.23
91.12
91.08
91.14
91.07
91.05
91.1
91.09
91.02
91.03
91.14
91.08
91.08
91.12
91.12
91.11
91.14
91.21
91.18
91.25
91.35
91.33
91.25
91.26
91.28
91.21
91.2
91.29
91.23
91.2
91.24
91.28
91.29
91.29
91.34
91.26
91.23
91.25
91.18
91.16
91.26
91.28
91.26
91.33
91.41
91.27
91.16
91.19
91.18
91.16
91.15
91.19
91.21
91.26
91.32
91.25
91.2
91.22
91.23
91.15
91.18
91.22
91.24
91.22
91.31
91.31
91.29
91.26
91.25
91.21
91.24
91.24
91.22
91.24
91.3
91.28
91.24
91.2
91.21
91.19
91.17
91.18
91.12
91.2
91.31
91.28
91.26
91.29
91.29
91.24
91.19
91.2
91.21
91.21
91.27
91.35
91.34
91.31
91.32
91.2
91.09
91.15
91.27
91.17
91.11
91.17
91.13
91.12
91.17
91.18
91.19
91.25
91.28
91.25
91.35
91.43
91.39
91.28
91.27
91.23
91.2
91.17
91.25
91.22
91.24
91.26
91.21
91.18
91.24
91.31
91.25
91.23
91.25
91.19
91.21
91.25
91.21
91.17
91.26
91.38
91.38
91.37
91.35
91.34
91.21
91.17
91.16
91.1
91.14
91.18
91.21
91.23
91.27
91.24
91.25
91.27
91.24
91.16
91.12
91.17
91.13
91.12
91.24
91.26
91.2
91.23
91.21
91.11
91.04
91.17
91.24
91.22
91.26
91.25
91.17
91.17
91.28
91.33
91.29
91.32
91.35
91.35
91.38
91.4
91.34
91.33
91.41
91.35
91.29
91.33
91.32
91.23
91.23
91.31
91.34
91.32
91.34
91.26
91.19
91.26
91.34
91.28
91.19
91.16
91.17
91.19
91.24
91.34
91.3
91.24
91.23
91.15
91.14
91.23
91.31
91.31
91.37
91.41
91.34
91.3
91.34
91.3
91.29
91.28
91.34
91.34
91.34
91.37
91.37
91.29
91.37
91.37
91.25
91.21
91.27
91.26
91.23
91.27
91.18
91.17
91.21
91.19
91.16
91.19
91.28
91.28
91.26
91.28
91.24
91.18
91.28
91.33
91.26
91.21
91.27
91.22
91.13
91.21
91.24
91.25
91.32
91.42
91.4
91.35
91.33
91.27
91.25
91.27
91.27
91.2
91.17
91.22
91.24
91.23
91.28
91.32
91.3
91.27
91.31
91.29
91.32
91.33
91.37
91.31
91.36
91.42
91.35
91.29
91.28
91.29
91.29
91.35
91.39
91.34
91.35
91.41
91.32
91.25
91.31
91.3
91.27
91.25
91.25
91.15
91.17
91.33
91.28
91.19
91.22
91.25
91.27
91.33
91.31
91.25
91.25
91.31
91.32
91.22
91.15
91.19
91.12
91.1
91.19
91.12
91.11
91.18
91.22
91.16
91.17
91.2
91.14
91.16
91.2
91.17
91.08
91.08
91.13
91.11
91.06
91.13
91.12
91.13
91.25
91.3
91.28
91.25
91.3
91.34
91.34
91.42
91.4
91.29
91.32
91.32
91.27
91.3
91.21
91.1
91.02
91.13
91.21
91.24
91.28
91.36
91.37
91.34
91.38
91.29
91.23
91.16
91.09
91.05
91.05
91.1
91.07
91.07
91.09
91.16
91.18
91.25
91.28
91.22
91.21
91.27
91.27
91.2
91.17
91.17
91.17
91.3
91.3
91.31
91.3
91.34
91.3
91.28
91.26
91.22
91.2
91.21
91.26
91.19
91.12
91.13
91.17
91.08
91.08
91.07
91.03
90.99
91.1
91.16
91.18
91.21
91.3
91.28
91.27
91.32
91.32
91.31
91.35
91.3
91.25
91.32
91.39
91.3
91.25
91.26
91.2
91.16
91.18
91.27
91.29
91.28
91.28
91.24
91.18
91.22
91.23
91.2
91.22
91.31
91.24
91.2
91.25
91.29
91.26
91.36
91.26
91.25
91.25
91.3
91.3
91.28
91.3
91.33
91.37
91.35
91.34
91.19
91.28
91.28
91.31
91.31
91.31
91.35
91.34
91.28
91.39
91.43
91.44
91.52
91.47
91.36
91.36
91.43
91.38
91.36
91.36
91.31
91.27
91.32
91.36
91.38
91.33
91.33
91.26
91.23
91.28
91.23
91.23
91.24
91.29
91.21
91.21
91.28
91.19
91.1
91.12
91.2
91.24
91.25
91.32
91.18
91.13
91.15
91.19
91.22
91.25
91.35
91.28
91.36
91.36
91.38
91.32
91.32
91.23
91.13
91.13
91.19
91.18
91.1
91.1
91.1
91.12
91.14
91.07
90.99
91.08
91.08
91.08
91.06
91.15
91.15
91.19
91.23
91.27
91.19
91.36
91.36
91.39
91.33
91.29
91.16
91.02
90.97
91.04
91.08
91.16
91.29
91.32
91.36
91.46
91.46
91.3
91.3
91.34
91.31
91.25
91.22
91.27
91.22
91.21
91.28
91.25
91.21
91.23
91.23
91.23
91.28
91.28
91.22
91.21
91.31
91.24
91.24
91.21
91.13
91.11
91.17
91.23
91.22
91.22
91.3
91.3
91.18
91.18
91.2
91.13
91.14
91.26
91.33
91.24
91.25
91.31
91.28
91.25
91.28
91.25
91.27
91.21
91.21
91.16
91.16
91.23
91.28
91.28
91.33
91.25
91.16
91.11
91.05
90.99
91.14
91.14
91.14
91.14
91.26
91.26
91.22
91.26
91.23
91.14
91.13
91.27
91.25
91.25
91.29
91.32
91.26
91.27
91.27
91.28
91.31
91.38
91.33
91.32
91.32
91.32
91.32
91.31
91.34
91.32
91.35
91.41
91.39
91.31
91.27
91.33
91.28
91.31
91.21
91.21
91.19
91.28
91.31
91.3
91.38
91.4
91.38
91.3
91.33
91.34
91.34
91.43
91.43
91.28
91.28
91.33
91.34
91.34
91.39
91.38
91.32
91.3
91.31
91.27
91.28
91.28
91.29
91.27
91.38
91.38
91.34
91.34
91.41
91.24
91.24
91.29
91.33
91.37
91.34
91.47
91.45
91.54
91.54
91.5
91.43
91.43
91.43
91.33
91.35
91.41
91.37
91.32
91.41
91.44
91.45
91.41
91.52
91.51
91.44
91.43
91.37
91.36
91.44
91.44
91.32
91.31
91.39
91.33
91.33
91.34
91.37
91.34
91.4
91.48
91.49
91.47
91.47
91.39
91.28
91.34
91.36
91.29
91.25
91.31
91.28
91.3
91.4
91.36
91.28
91.34
91.4
91.38
91.3
91.32
91.24
91.31
91.31
91.37
91.37
91.34
91.26
91.26
91.23
91.33
91.36
91.37
91.37
91.44
91.42
91.4
91.45
91.41
91.36
91.35
91.3
91.26
91.35
91.28
91.29
91.29
91.38
91.32
91.26
91.29
91.31
91.34
91.39
91.47
91.42
91.39
91.39
91.39
91.25
91.25
91.38
91.36
91.36
91.44
91.44
91.34
91.28
91.29
91.3
91.35
91.36
91.3
91.3
91.34
91.33
91.32
91.31
91.35
91.3
91.35
91.41
91.32
91.32
91.36
91.34
91.28
91.28
91.31
91.34
91.33
91.4
91.43
91.43
91.35
91.32
91.29
91.36
91.36
91.32
91.32
91.38
91.45
91.39
91.39
91.42
91.31
91.24
91.26
91.23
91.25
91.29
91.34
91.33
91.35
91.35
91.32
91.3
91.3
91.28
91.29
91.26
91.29
91.31
91.36
91.39
91.36
91.32
91.32
91.39
91.36
91.42
91.42
91.41
91.64
91.64
91.71
91.64
91.41
91.38
91.28
91.23
91.28
91.28
91.09
91.09
91.11
91.1
91.29
91.29
91.34
91.37
91.32
91.33
91.33
91.38
91.47
91.49
91.49
91.52
91.46
91.43
91.39
91.39
91.28
91.28
91.27
91.2
91.13
91.2
91.22
91.2
91.18
91.2
91.13
91.17
91.17
91.21
91.23
91.27
91.31
91.29
91.29
91.33
91.3
91.23
91.26
91.24
91.24
91.24
91.29
91.23
91.2
91.32
91.35
91.29
91.26
91.29
91.3
91.33
91.33
91.23
91.24
91.29
91.33
91.33
91.36
91.31
91.28
91.29
91.35
91.35
91.27
91.28
91.28
91.22
91.34
91.5
91.49
91.36
91.33
91.31
91.19
91.25
91.29
91.33
91.42
91.42
91.37
91.28
91.28
91.24
91.22
91.19
91.29
91.33
91.33
91.35
91.33
91.26
91.21
91.18
91.14
91.17
91.27
91.1
91.04
91.04
91.1
91
91.04
91.04
91.06
91.08
91.23
91.21
91.12
91.24
91.29
91.26
91.31
91.32
91.24
91.2
91.33
91.33
91.36
91.42
91.4
91.4
91.39
91.45
91.41
91.35
91.37
91.37
91.31
91.32
91.33
91.33
91.51
91.51
91.38
91.38
91.35
91.39
91.4
91.37
91.37
91.26
91.3
91.42
91.42
91.36
91.38
91.35
91.26
91.21
91.31
91.35
91.36
91.33
91.4
91.4
91.34
91.37
91.36
91.38
91.37
91.35
91.21
91.29
91.29
91.25
91.25
91.32
91.37
91.36
91.43
91.51
91.43
91.39
91.53
91.53
91.44
91.43
91.35
91.24
91.31
91.38
91.28
91.21
91.28
91.29
91.22
91.28
91.33
91.3
91.3
91.34
91.36
91.41
91.43
91.41
91.33
91.33
91.37
91.29
91.21
91.23
91.19
91.17
91.2
91.2
91.17
91.22
91.3
91.23
91.27
91.27
91.23
91.21
91.27
91.32
91.32
91.28
91.3
91.18
91.18
91.24
91.23
91.17
91.17
91.29
91.27
91.19
91.26
91.32
91.32
91.35
91.4
91.34
91.33
91.33
91.29
91.29
91.34
91.32
91.23
91.19
91.21
91.22
91.24
91.35
91.35
91.29
91.26
91.33
91.25
91.25
91.31
91.26
91.16
91.15
91.11
91.1
91.1
91.19
91.17
91.12
91.17
91.17
91.16
91.21
91.19
91.12
91.14
91.2
91.23
91.23
91.33
91.36
91.36
91.3
91.25
91.15
91.15
91.24
91.23
91.29
91.41
91.41
91.33
91.32
91.38
91.3
91.28
91.34
91.32
91.32
91.36
91.39
91.38
91.38
91.46
91.38
91.35
91.38
91.32
91.24
91.31
91.4
91.35
91.27
91.29
91.26
91.26
91.35
91.35
91.37
91.39
91.49
91.42
91.3
91.31
91.29
91.29
91.29
91.33
91.29
91.38
91.38
91.21
91.18
91.17
91.17
91.13
91.13
91.16
91.11
91
90.96
90.85
90.75
90.79
90.79
90.78
90.73
90.71
90.64
90.56
90.55
90.55
90.52
90.53
90.6
90.51
90.68
90.68
90.72
90.66
90.62
90.67
90.67
90.65
90.74
90.75
90.7
90.76
90.76
90.67
90.64
90.75
90.62
90.57
90.55
90.4
90.27
90.25
90.23
90.19
90.24
90.29
90.28
90.24
90.24
90.21
90.13
90.14
90.24
90.25
90.17
90.17
90.17
90.19
90.08
89.89
89.89
89.94
89.94
89.92
89.87
89.87
89.8
89.7
89.7
89.64
89.64
89.59
89.61
89.6
89.6
89.62
89.61
89.52
89.51
89.47
89.4
89.26
89.27
89.14
89.14
89.14
89.17
89.08
88.98
88.99
88.99
88.91
88.96
89.01
89.12
89.12
89.19
89.15
89.11
89.11
89.04
88.95
88.95
88.98
88.95
88.91
89.02
88.96
88.9
88.9
88.96
88.85
88.86
88.88
88.84
88.72
88.66
88.64
88.64
88.62
88.65
88.58
88.6
88.6
88.6
88.59
88.63
88.67
88.58
88.58
88.58
88.56
88.65
88.65
88.59
88.51
88.56
88.61
88.54
88.47
88.56
88.5
88.5
88.53
88.51
88.48
88.48
88.56
88.54
88.48
88.58
88.53
88.49
88.44
88.46
88.37
88.36
88.41
88.33
88.27
88.36
88.39
88.3
88.27
88.32
88.25
88.21
88.29
88.3
88.28
88.34
88.34
88.31
88.28
88.32
88.3
88.24
88.34
88.44
88.42
88.38
88.34
88.25
88.23
88.28
88.22
88.1
88.04
88.01
87.99
88.07
88.2
88.23
88.2
88.24
88.23
88.18
88.1
88.04
87.94
87.92
87.96
87.98
87.97
88.07
88.08
88
87.96
88.02
87.95
87.85
87.89
87.91
87.9
87.9
87.99
88.01
88.02
88.05
88.03
87.9
87.89
87.93
87.97
88.03
88.15
88.07
88.03
88.08
88.13
88.12
88.2
88.18
88.08
88.03
88.15
88.15
88.18
88.23
88.23
88.16
88.13
88.18
88.17
88.14
88.22
88.3
88.26
88.27
88.25
88.19
88.16
88.27
88.23
88.14
88.1
88.17
88.13
88.11
88.13
88.03
88.01
88.1
87.98
87.98
87.98
88
87.91
87.85
87.84
87.84
87.81
87.93
88.04
87.94
87.92
87.96
87.97
87.92
87.91
87.86
87.77
87.84
87.91
87.89
87.75
87.77
87.77
87.8
87.81
87.83
87.8
87.84
87.86
87.82
87.81
87.88
87.82
87.75
87.75
87.81
87.73
87.75
87.8
87.76
87.75
87.77
87.87
87.82
87.9
87.92
87.92
87.95
88.07
88.05
88
88
88.02
87.95
87.93
87.99
87.92
87.89
87.93
88
87.94
87.94
87.94
87.94
87.94
88.02
87.93
87.87
87.9
87.9
87.9
87.87
87.91
87.9
87.9
87.95
87.95
87.85
87.9
87.9
87.91
87.82
87.92
87.92
87.95
88.02
87.95
87.85
87.94
88
87.91
87.81
87.73
87.73
87.72
87.74
87.74
87.66
87.7
87.73
87.7
87.67
87.73
87.74
87.68
87.72
87.72
87.68
87.68
87.77
87.77
87.7
87.7
87.73
87.7
87.72
87.66
87.66
87.6
87.61
87.6
87.57
87.58
87.64
87.54
87.63
87.62
87.56
87.56
87.62
87.55
87.47
87.45
87.47
87.41
87.39
87.42
87.5
87.5
87.58
87.65
87.7
87.7
87.79
87.8
87.75
87.78
87.76
87.66
87.6
87.65
87.6
87.66
87.81
87.81
87.9
87.9
87.82
87.82
87.71
87.73
87.68
87.67
87.78
87.85
87.84
87.79
87.79
87.69
87.69
87.76
87.68
87.61
87.6
87.63
87.64
87.6
87.65
87.53
87.53
87.68
87.71
87.77
87.75
87.82
87.73
87.69
87.66
87.58
87.6
87.6
87.57
87.46
87.43
87.45
87.52
87.6
87.69
87.75
87.71
87.68
87.64
87.6
87.56
87.64
87.7
87.74
87.75
87.72
87.71
87.65
87.65
87.57
87.59
87.67
87.62
87.61
87.68
87.72
87.67
87.69
87.72
87.76
87.72
87.83
87.83
87.76
87.77
87.8
87.62
87.58
87.57
87.51
87.55
87.67
87.66
87.61
87.58
87.62
87.61
87.57
87.65
87.71
87.7
87.75
87.84
87.86
87.81
87.77
87.68
87.7
87.79
87.74
87.7
87.72
87.73
87.64
87.61
87.64
87.65
87.6
87.63
87.63
87.59
87.53
87.6
87.54
87.51
87.61
87.66
87.62
87.7
87.69
87.57
87.46
87.54
87.5
87.47
87.49
87.51
87.55
87.55
87.64
87.64
87.61
87.64
87.63
87.56
87.65
87.67
87.59
87.53
87.55
87.5
87.46
87.59
87.58
87.55
87.54
87.58
87.5
87.5
87.58
87.58
87.58
87.62
87.63
87.62
87.57
87.59
87.56
87.57
87.62
87.58
87.59
87.64
87.62
87.59
87.61
87.62
87.62
87.52
87.67
87.59
87.6
87.6
87.6
87.51
87.45
87.52
87.56
87.56
87.61
87.62
87.61
87.57
87.6
87.54
87.47
87.51
87.49
87.43
87.53
87.55
87.54
87.58
87.66
87.54
87.45
87.48
87.42
87.38
87.47
87.52
87.49
87.62
87.62
87.62
87.55
87.55
87.55
87.49
87.57
87.63
87.6
87.56
87.6
87.63
87.58
87.58
87.56
87.52
87.48
87.51
87.44
87.42
87.52
87.52
87.48
87.48
87.51
87.48
87.49
87.54
87.56
87.52
87.5
87.47
87.47
87.46
87.59
87.56
87.49
87.52
87.53
87.48
87.47
87.52
87.49
87.45
87.51
87.49
87.48
87.44
87.4
87.35
87.35
87.5
87.51
87.57
87.57
87.53
87.47
87.49
87.49
87.47
87.51
87.63
87.63
87.62
87.59
87.56
87.58
87.65
87.58
87.58
87.47
87.53
87.54
87.43
87.4
87.4
87.35
87.39
87.47
87.41
87.33
87.37
87.39
87.43
87.43
87.55
87.49
87.39
87.48
87.54
87.52
87.58
87.62
87.54
87.52
87.65
87.61
87.52
87.55
87.54
87.64
87.64
87.65
87.53
87.51
87.51
87.49
87.47
87.43
87.44
87.4
87.36
87.5
87.5
87.5
87.51
87.52
87.39
87.37
87.41
87.39
87.44
87.59
87.61
87.58
87.57
87.56
87.49
87.38
87.47
87.44
87.45
87.53
87.47
87.46
87.45
87.45
87.38
87.41
87.5
87.51
87.46
87.43
87.37
87.33
87.31
87.42
87.45
87.41
87.4
87.38
87.37
87.39
87.47
87.47
87.5
87.57
87.55
87.49
87.53
87.58
87.55
87.52
87.57
87.53
87.45
87.5
87.51
87.43
87.49
87.55
87.47
87.37
87.43
87.4
87.37
87.48
87.54
87.6
87.62
87.7
87.67
87.68
87.71
87.61
87.47
87.41
87.35
87.39
87.45
87.6
87.65
87.59
87.66
87.63
87.53
87.47
87.48
87.44
87.35
87.41
87.47
87.41
87.42
87.47
87.47
87.52
87.58
87.55
87.55
87.52
87.49
87.38
87.32
87.36
87.28
87.24
87.37
87.4
87.38
87.4
87.45
87.46
87.5
87.53
87.54
87.47
87.53
87.54
87.49
87.51
87.52
87.45
87.45
87.47
87.49
87.49
87.46
87.45
87.44
87.44
87.56
87.55
87.54
87.6
87.61
87.49
87.43
87.39
87.36
87.38
87.5
87.56
87.59
87.55
87.55
87.44
87.36
87.35
87.28
87.34
87.41
87.45
87.48
87.54
87.6
87.51
87.46
87.51
87.45
87.39
87.45
87.5
87.46
87.47
87.49
87.43
87.32
87.37
87.41
87.38
87.38
87.37
87.28
87.27
87.31
87.28
87.26
87.29
87.37
87.33
87.35
87.44
87.48
87.42
87.44
87.41
87.34
87.33
87.35
87.39
87.33
87.41
87.45
87.43
87.5
87.52
87.49
87.49
87.49
87.35
87.27
87.37
87.41
87.4
87.46
87.52
87.4
87.39
87.49
87.41
87.36
87.43
87.47
87.44
87.4
87.47
87.41
87.41
87.47
87.49
87.46
87.46
87.48
87.47
87.45
87.49
87.42
87.38
87.45
87.47
87.44
87.43
87.48
87.45
87.36
87.39
87.45
87.41
87.4
87.34
87.27
87.2
87.29
87.34
87.35
87.39
87.42
87.35
87.37
87.38
87.31
87.25
87.3
87.35
87.43
87.5
87.45
87.3
87.26
87.34
87.33
87.35
87.5
87.44
87.38
87.39
87.45
87.45
87.44
87.5
87.5
87.55
87.6
87.56
87.43
87.32
87.33
87.27
87.28
87.36
87.36
87.32
87.39
87.48
87.47
87.42
87.48
87.49
87.43
87.44
87.45
87.41
87.45
87.54
87.51
87.48
87.55
87.53
87.53
87.47
87.46
87.37
87.35
87.39
87.39
87.37
87.43
87.48
87.45
87.46
87.47
87.42
87.34
87.29
87.23
87.22
87.33
87.42
87.45
87.47
87.47
87.38
87.33
87.35
87.36
87.29
87.31
87.37
87.39
87.39
87.44
87.43
87.39
87.39
87.42
87.34
87.33
87.4
87.33
87.27
87.4
87.48
87.5
87.46
87.46
87.39
87.37
87.4
87.42
87.38
87.44
87.46
87.47
87.55
87.6
87.56
87.51
87.57
87.54
87.47
87.45
87.44
87.39
87.36
87.43
87.39
87.34
87.35
87.34
87.29
87.3
87.37
87.39
87.42
87.45
87.41
87.32
87.31
87.35
87.35
87.37
87.52
87.47
87.47
87.48
87.47
87.4
87.42
87.43
87.37
87.33
87.42
87.44
87.46
87.56
87.62
87.5
87.47
87.5
87.52
87.5
87.57
87.52
87.51
87.57
87.59
87.56
87.49
87.44
87.4
87.4
87.49
87.52
87.49
87.48
87.57
87.57
87.56
87.59
87.56
87.52
87.54
87.55
87.52
87.54
87.64
87.67
87.61
87.68
87.67
87.57
87.54
87.63
87.6
87.52
87.56
87.61
87.66
87.71
87.7
87.58
87.51
87.52
87.47
87.43
87.45
87.49
87.42
87.3
87.33
87.29
87.28
87.32
87.31
87.28
87.35
87.45
87.42
87.42
87.47
87.46
87.34
87.31
87.28
87.18
87.17
87.19
87.13
87.19
87.3
87.31
87.22
87.22
87.31
87.25
87.24
87.31
87.32
87.38
87.46
87.5
87.47
87.41
87.38
87.33
87.31
87.4
87.4
87.39
87.42
87.51
87.51
87.47
87.47
87.34
87.19
87.27
87.21
87.2
87.24
87.29
87.24
87.18
87.2
87.18
87.12
87.1
87.12
87.1
87.13
87.23
87.28
87.34
87.5
87.45
87.43
87.31
87.35
87.31
87.31
87.38
87.42
87.36
87.37
87.36
87.22
87.23
87.3
87.28
87.27
87.3
87.29
87.25
87.2
87.3
87.34
87.33
87.4
87.33
87.27
87.21
87.19
87.19
87.2
87.31
87.3
87.29
87.33
87.34
87.29
87.35
87.41
87.38
87.36
87.4
87.39
87.26
87.29
87.31
87.26
87.3
87.39
87.38
87.35
87.42
87.46
87.43
87.52
87.52
87.43
87.39
87.43
87.42
87.34
87.41
87.44
87.37
87.39
87.39
87.33
87.31
87.35
87.33
87.27
87.32
87.4
87.45
87.43
87.57
87.53
87.57
87.53
87.48
87.4
87.44
87.46
87.38
87.37
87.47
87.44
87.35
87.33
87.28
87.22
87.25
87.31
87.3
87.34
87.44
87.43
87.39
87.39
87.31
87.23
87.19
87.28
87.27
87.24
87.31
87.29
87.23
87.29
87.41
87.4
87.39
87.41
87.42
87.4
87.44
87.46
87.4
87.41
87.51
87.45
87.37
87.34
87.35
87.31
87.31
87.32
87.3
87.22
87.28
87.34
87.39
87.45
87.48
87.47
87.43
87.47
87.48
87.4
87.49
87.52
87.48
87.42
87.42
87.35
87.36
87.41
87.45
87.49
87.55
87.51
87.48
87.48
87.58
87.56
87.51
87.5
87.45
87.38
87.35
87.53
87.54
87.45
87.44
87.42
87.39
87.47
87.43
87.41
87.43
87.45
87.41
87.33
87.37
87.38
87.34
87.41
87.44
87.4
87.46
87.53
87.56
87.56
87.64
87.68
87.61
87.63
87.63
87.58
87.51
87.54
87.51
87.43
87.4
87.44
87.43
87.41
87.46
87.49
87.49
87.55
87.57
87.58
87.54
87.52
87.51
87.5
87.54
87.51
87.55
87.52
87.5
87.46
87.44
87.5
87.49
87.42
87.43
87.44
87.37
87.4
87.41
87.34
87.32
87.47
87.41
87.38
87.4
87.35
87.23
87.18
87.32
87.32
87.35
87.42
87.39
87.34
87.34
87.38
87.36
87.36
87.41
87.41
87.33
87.33
87.35
87.35
87.35
87.39
87.33
87.27
87.33
87.34
87.32
87.39
87.42
87.32
87.41
87.45
87.36
87.29
87.31
87.38
87.36
87.41
87.44
87.44
87.39
87.42
87.44
87.43
87.51
87.49
87.43
87.45
87.61
87.63
87.59
87.7
87.76
87.71
87.7
87.7
87.63
87.6
87.68
87.69
87.7
87.74
87.86
87.83
87.86
87.88
87.87
87.74
87.76
87.74
87.74
87.71
87.76
87.72
87.73
87.78
87.77
87.78
87.83
87.81
87.77
87.77
87.85
87.87
87.89
87.95
88
87.98
87.98
87.99
87.98
87.98
88.13
88.12
88.1
88.1
88.09
88.02
88.09
88.14
88.14
88.12
88.24
88.21
88.13
88.09
88.09
88.07
88.03
88.05
88.03
88.08
88.15
88.17
88.07
88.08
88.1
88.04
88.03
88.11
88.14
88.07
88.08
88.13
88.08
88.09
88.2
88.18
88.1
88.14
88.12
88.18
88.14
88.2
88.19
88.11
88.16
88.07
88.05
88.1
88.23
88.24
88.24
88.28
88.26
88.21
88.33
88.39
88.38
88.37
88.38
88.32
88.32
88.41
88.45
88.45
88.43
88.26
88.18
88.2
88.23
88.18
88.2
88.29
88.28
88.22
88.28
88.3
88.32
88.35
88.38
88.31
88.29
88.27
88.26
88.16
88.13
88.18
88.24
88.28
88.37
88.38
88.36
88.36
88.38
88.35
88.37
88.45
88.42
88.39
88.42
88.41
88.39
88.37
88.39
88.37
88.41
88.4
88.33
88.35
88.47
88.51
88.49
88.47
88.5
88.41
88.33
88.39
88.41
88.43
88.48
88.51
88.45
88.44
88.48
88.43
88.43
88.49
88.5
88.51
88.56
88.6
88.54
88.48
88.54
88.56
88.54
88.49
88.49
88.32
88.3
88.33
88.31
88.21
88.23
88.24
88.3
88.34
88.36
88.33
88.38
88.53
88.5
88.45
88.48
88.46
88.39
88.36
88.47
88.51
88.48
88.47
88.46
88.44
88.46
88.53
88.44
88.45
88.57
88.56
88.5
88.48
88.5
88.4
88.34
88.38
88.34
88.36
88.48
88.45
88.44
88.48
88.46
88.39
88.34
88.4
88.36
88.33
88.36
88.31
88.19
88.18
88.24
88.22
88.25
88.39
88.42
88.36
88.4
88.47
88.46
88.46
88.49
88.45
88.4
88.52
88.58
88.5
88.47
88.48
88.5
88.48
88.53
88.43
88.41
88.56
88.6
88.58
88.54
88.5
88.41
88.38
88.45
88.38
88.28
88.27
88.31
88.3
88.33
88.42
88.54
88.48
88.42
88.38
88.36
88.42
88.53
88.54
88.49
88.52
88.47
88.38
88.36
88.37
88.34
88.31
88.37
88.39
88.4
88.53
88.57
88.51
88.43
88.42
88.39
88.39
88.47
88.51
88.47
88.54
88.57
88.46
88.43
88.46
88.4
88.37
88.48
88.54
88.53
88.55
88.58
88.57
88.55
88.63
88.64
88.6
88.55
88.53
88.48
88.51
88.62
88.53
88.53
88.57
88.59
88.6
88.61
88.63
88.53
88.49
88.55
88.58
88.6
88.69
88.68
88.57
88.55
88.58
88.56
88.57
88.58
88.57
88.6
88.65
88.6
88.52
88.53
88.61
88.59
88.58
88.65
88.65
88.62
88.59
88.6
88.55
88.59
88.72
88.68
88.58
88.59
88.57
88.57
88.68
88.73
88.65
88.67
88.77
88.76
88.72
88.77
88.83
88.77
88.74
88.74
88.63
88.54
88.58
88.52
88.55
88.61
88.65
88.64
88.54
88.54
88.46
88.46
88.5
88.53
88.53
88.54
88.62
88.6
88.57
88.63
88.65
88.69
88.72
88.72
88.63
88.58
88.65
88.66
88.58
88.6
88.62
88.66
88.64
88.68
88.62
88.59
88.67
88.66
88.67
88.78
88.86
88.82
88.77
88.81
88.8
88.7
88.68
88.64
88.64
88.7
88.75
88.7
88.7
88.74
88.71
88.72
88.72
88.72
88.61
88.66
88.69
88.7
88.74
88.78
88.75
88.79
88.79
88.83
88.81
88.73
88.77
88.78
88.79
88.84
88.76
88.72
88.69
88.73
88.64
88.6
88.66
88.75
88.77
88.79
88.82
88.78
88.76
88.77
88.7
88.61
88.71
88.82
88.81
88.78
88.76
88.67
88.6
88.69
88.66
88.68
88.83
88.84
88.79
88.8
88.89
88.81
88.78
88.86
88.79
88.71
88.76
88.82
88.82
88.77
88.78
88.76
88.75
88.86
88.87
88.82
88.82
88.83
88.76
88.76
88.8
88.8
88.75
88.81
88.85
88.82
88.84
88.97
88.93
88.86
88.91
88.84
88.8
88.84
88.86
88.79
88.74
88.68
88.73
88.69
88.73
88.72
88.7
88.75
88.74
88.78
88.83
88.88
88.81
88.78
88.81
88.86
88.79
88.75
88.84
88.87
88.81
88.88
88.8
88.71
88.77
88.83
88.8
88.75
88.76
88.68
88.69
88.8
88.83
88.73
88.69
88.77
88.72
88.71
88.8
88.75
88.7
88.78
88.81
88.75
88.76
88.79
88.75
88.8
88.96
88.94
88.89
88.89
88.93
88.91
88.86
88.93
88.87
88.85
88.92
88.89
88.85
88.86
88.91
88.91
88.97
89.04
89
88.9
88.92
88.9
88.83
88.83
88.9
88.85
88.86
88.99
88.99
88.99
89.08
89.07
89
88.99
88.97
88.92
88.89
89.05
89.1
89.03
89.03
89.06
89.02
88.98
89.02
88.99
88.95
88.96
88.98
88.96
88.96
89.05
89.01
88.94
88.92
88.85
88.83
88.92
88.93
88.85
88.89
88.9
88.94
88.83
88.81
88.92
88.95
89.04
89.11
89.1
89.05
89.04
88.94
88.85
88.86
88.89
88.86
88.89
88.97
89.05
89.07
89.2
89.24
89.21
89.25
89.24
89.16
89.05
89.06
88.95
88.89
88.93
88.91
88.89
88.89
88.97
88.97
88.98
89.04
88.97
88.99
89.04
88.97
88.91
88.9
89
88.96
88.98
89.07
89.06
88.98
89.02
89.02
89.01
89.02
89.02
88.97
88.97
89.02
89.03
88.97
89.01
89.03
89
88.98
89.07
89.06
89.06
89.07
89.02
88.94
89
89.05
89.08
89.06
89.18
89.15
89.09
89.13
89.09
89
88.97
88.98
88.97
88.96
89.12
89.09
89.02
89.05
89.11
89.13
89.1
89.16
89.16
89.07
89.06
89.06
89.06
89.08
89.11
89.01
88.97
89.04
89.09
89.07
89.06
89.06
89.09
89.17
89.19
89.06
89.04
89.02
89.02
89.04
89.1
89.12
89.09
89.07
89.17
89.13
89.06
89.03
89.08
89.08
89.18
89.3
89.25
89.17
89.19
89.16
89.17
89.22
89.23
89.15
89.17
89.21
89.14
89.09
89.11
89.06
89.03
89
89.01
88.96
88.93
89.03
89.05
89.15
89.23
89.23
89.15
89.16
89.25
89.18
89.12
89.2
89.2
89.2
89.21
89.25
89.21
89.14
89.17
89.13
89.15
89.12
89.15
89.11
89.11
89.18
89.18
89.17
89.22
89.22
89.17
89.15
89.21
89.11
89.1
89.2
89.2
89.21
89.23
89.2
89.15
89.15
89.12
89.04
89.03
89.09
89.09
89.07
89.08
89.04
89
89.07
89.17
89.09
88.97
89.05
89.02
88.98
89.08
89.14
89.11
89.18
89.26
89.23
89.24
89.22
89.15
89.04
88.99
88.93
88.89
88.89
89
88.97
88.93
88.92
88.93
88.89
88.93
89.02
89.01
89.02
89.09
89.03
89.01
89.06
89.17
89.12
89.06
89.1
89.04
89.02
89.02
88.98
88.91
88.93
89.02
88.93
88.88
88.94
88.9
88.93
88.98
88.97
88.86
88.85
88.9
88.87
88.84
88.88
88.78
88.73
88.79
88.8
88.77
88.81
88.93
88.91
88.94
89.03
88.99
88.97
89.08
89.19
89.16
89.07
89.06
89.09
89.05
89.06
89.05
89.01
89.01
89.16
89.18
89.15
89.23
89.24
89.07
88.99
88.97
88.99
89
89.14
89.12
89.06
89.03
89.04
89.06
89.05
89.07
88.99
88.94
89.06
89.06
89
89.02
89.12
89.03
89.03
89.1
89.15
89.03
88.98
88.87
88.85
88.97
89.07
88.99
89
89.12
89.07
89.03
88.99
88.95
88.93
89.02
89.18
89.18
89.16
89.15
89.09
89.02
88.94
88.98
89.02
89.08
89.08
89.01
89.01
89.12
89.22
89.2
89.1
89.13
89.04
89.01
89.09
89.13
89.09
89.08
89.15
89.16
89.12
89.14
89.12
89.04
89.09
89.05
89.04
89.05
88.96
88.84
88.88
88.95
89.08
89.04
89.1
89.16
89.12
89.09
89.1
89
88.95
89.01
89.05
89.02
89.11
89.16
89.17
89.17
89.19
89.04
88.93
88.94
88.93
88.9
88.99
88.99
88.96
88.96
89.02
88.88
88.93
89
89.05
88.95
88.87
88.9
88.84
88.77
88.82
88.88
88.91
89.03
89.11
89.03
89.03
89.04
89.02
89.03
89.1
89.07
89.01
89
89.04
88.99
88.95
88.96
88.96
88.96
89.02
89.03
88.95
88.91
88.93
88.87
88.77
88.83
88.85
88.87
88.95
88.98
88.92
88.92
89.04
89.02
89.01
89.01
89.04
89.02
89.06
89.08
89.03
89
89.08
89.04
88.99
89.02
89.06
89.04
89.04
89.12
89.09
89.06
89.09
89.02
88.97
89
89.1
89.1
89.08
89.15
89.14
89.08
89.06
89.03
88.97
88.99
89.1
89.1
89.12
89.3
89.28
89.19
89.16
89.17
89.13
88.95
88.92
88.81
88.79
88.84
88.87
88.8
88.75
88.84
88.81
88.7
88.67
88.66
88.79
88.89
88.95
88.87
88.79
88.86
88.86
88.8
88.84
88.84
88.78
88.84
88.91
88.93
88.93
88.92
88.82
88.79
88.9
88.99
89.02
88.93
88.87
88.75
88.67
88.74
88.78
88.72
88.71
88.7
88.62
88.58
88.6
88.6
88.69
88.65
88.65
88.59
88.66
88.69
88.64
88.61
88.73
88.7
88.67
88.7
88.62
88.58
88.58
88.72
88.73
88.72
88.81
88.81
88.77
88.76
88.77
88.73
88.74
88.78
88.8
88.79
88.78
88.78
88.78
88.72
88.76
88.8
88.84
88.87
88.76
88.66
88.72
88.73
88.66
88.61
88.67
88.68
88.66
88.85
88.93
88.87
88.76
88.72
88.65
88.6
88.63
88.65
88.62
88.67
88.76
88.75
88.72
88.81
88.78
88.74
88.84
88.89
88.8
88.78
88.81
88.78
88.69
88.76
88.78
88.74
88.8
88.79
88.72
88.71
88.78
88.74
88.76
88.79
88.76
88.72
88.78
88.87
88.86
88.81
88.85
88.84
88.86
88.92
88.9
88.86
88.82
88.92
88.87
88.81
88.89
88.88
88.82
88.82
88.83
88.77
88.77
88.84
88.83
88.74
88.74
88.69
88.65
88.74
88.74
88.75
88.79
88.86
88.8
88.72
88.76
88.73
88.65
88.6
88.63
88.61
88.63
88.79
88.78
88.69
88.7
88.74
88.7
88.74
88.77
88.73
88.6
88.62
88.71
88.78
88.76
88.8
88.79
88.8
88.79
88.74
88.7
88.75
88.79
88.77
88.73
88.74
88.75
88.8
88.83
88.77
88.68
88.66
88.71
88.63
88.63
88.67
88.68
88.64
88.68
88.72
88.7
88.64
88.71
88.68
88.64
88.68
88.65
88.63
88.66
88.74
88.73
88.73
88.75
88.78
88.75
88.78
88.8
88.75
88.68
88.75
88.76
88.75
88.78
88.79
88.74
88.68
88.62
88.57
88.55
88.61
88.65
88.67
88.72
88.74
88.71
88.7
88.78
88.8
88.77
88.82
88.8
88.76
88.77
88.86
88.78
88.65
88.58
88.46
88.45
88.34
88.18
88.02
87.91
87.96
88.08
88.18
88.35
88.44
88.5
88.5
88.54
88.49
88.51
88.6
88.58
88.58
88.62
88.75
88.76
88.74
88.7
88.65
88.67
88.78
88.77
88.7
88.73
88.81
88.81
88.75
88.75
88.68
88.66
88.67
88.63
88.57
88.62
88.7
88.7
88.64
88.6
88.53
88.38
88.39
88.53
88.54
88.56
88.64
88.73
88.7
88.75
88.78
88.75
88.73
88.78
88.73
88.65
88.71
88.74
88.76
88.77
88.84
88.78
88.73
88.76
88.72
88.7
88.8
88.85
88.79
88.71
88.69
88.68
88.61
88.68
88.73
88.71
88.71
88.75
88.77
88.77
88.84
88.79
88.73
88.76
88.74
88.68
88.72
88.81
88.75
88.68
88.75
88.79
88.79
88.79
88.81
88.8
88.73
88.76
88.76
88.71
88.74
88.78
88.73
88.77
88.8
88.77
88.75
88.82
88.77
88.74
88.8
88.83
88.78
88.74
88.8
88.72
88.67
88.73
88.74
88.7
88.68
88.74
88.67
88.72
88.83
88.79
88.72
88.73
88.72
88.67
88.69
88.73
88.65
88.6
88.62
88.67
88.63
88.7
88.77
88.8
88.76
88.83
88.76
88.79
88.8
88.73
88.66
88.59
88.6
88.49
88.46
88.6
88.68
88.69
88.65
88.63
88.59
88.61
88.73
88.72
88.64
88.69
88.74
88.71
88.75
88.81
88.78
88.81
88.85
88.78
88.78
88.8
88.79
88.65
88.54
88.59
88.55
88.5
88.56
88.59
88.61
88.65
88.67
88.66
88.64
88.76
88.72
88.68
88.68
88.66
88.59
88.6
88.64
88.64
88.69
88.74
88.69
88.7
88.7
88.67
88.54
88.46
88.53
88.58
88.5
88.52
88.53
88.54
88.58
88.65
88.59
88.52
88.52
88.48
88.44
88.44
88.43
88.4
88.43
88.57
88.53
88.46
88.55
88.54
88.52
88.51
88.54
88.52
88.46
88.57
88.54
88.51
88.52
88.6
88.54
88.47
88.49
88.5
88.51
88.55
88.59
88.57
88.66
88.74
88.69
88.61
88.67
88.61
88.57
88.59
88.65
88.49
88.44
88.54
88.56
88.54
88.54
88.57
88.57
88.63
88.66
88.62
88.53
88.61
88.6
88.54
88.61
88.63
88.64
88.65
88.71
88.66
88.61
88.65
88.62
88.6
88.65
88.74
88.76
88.75
88.75
88.71
88.7
88.73
88.69
88.68
88.64
88.65
88.62
88.59
88.65
88.66
88.66
88.68
88.63
88.55
88.58
88.71
88.64
88.55
88.52
88.48
88.45
88.48
88.55
88.49
88.41
88.4
88.37
88.44
88.5
88.5
88.49
88.43
88.42
88.33
88.35
88.46
88.41
88.42
88.5
88.57
88.46
88.45
88.51
88.43
88.43
88.42
88.43
88.4
88.5
88.52
88.49
88.41
88.46
88.46
88.44
88.53
88.66
88.62
88.55
88.54
88.48
88.47
88.49
88.48
88.46
88.45
88.52
88.52
88.5
88.52
88.52
88.49
88.51
88.5
88.44
88.46
88.53
88.55
88.58
88.65
88.56
88.44
88.37
88.36
88.36
88.45
88.56
88.6
88.57
88.63
88.62
88.49
88.43
88.46
88.43
88.45
88.54
88.56
88.53
88.57
88.6
88.57
88.6
88.66
88.63
88.61
88.69
88.74
88.72
88.73
88.72
88.62
88.58
88.64
88.64
88.59
88.58
88.62
88.53
88.48
88.49
88.51
88.5
88.59
88.64
88.65
88.64
88.69
88.58
88.55
88.58
88.53
88.55
88.59
88.68
88.66
88.66
88.77
88.75
88.61
88.58
88.56
88.52
88.56
88.62
88.56
88.56
88.58
88.52
88.49
88.57
88.63
88.58
88.57
88.66
88.56
88.5
88.55
88.59
88.56
88.51
88.54
88.5
88.46
88.51
88.51
88.46
88.51
88.53
88.53
88.58
88.59
88.52
88.44
88.54
88.56
88.49
88.53
88.62
88.62
88.58
88.58
88.51
88.5
88.52
88.5
88.46
88.48
88.56
88.45
88.41
88.47
88.45
88.49
88.48
88.45
88.42
88.34
88.35
88.33
88.28
88.36
88.37
88.35
88.31
88.39
88.47
88.5
88.48
88.43
88.39
88.36
88.36
88.41
88.44
88.54
88.52
88.53
88.68
88.7
88.61
88.58
88.58
88.56
88.54
88.6
88.65
88.6
88.6
88.58
88.55
88.6
88.67
88.56
88.57
88.6
88.53
88.49
88.5
88.49
88.46
88.49
88.58
88.56
88.53
88.5
88.5
88.45
88.41
88.45
88.49
88.53
88.65
88.61
88.58
88.52
88.57
88.49
88.55
88.64
88.64
88.61
88.66
88.67
88.64
88.63
88.6
88.49
88.45
88.46
88.43
88.4
88.47
88.49
88.52
88.53
88.62
88.61
88.61
88.64
88.61
88.55
88.55
88.6
88.55
88.47
88.51
88.53
88.47
88.51
88.54
88.49
88.51
88.59
88.54
88.49
88.57
88.48
88.35
88.34
88.35
88.28
88.32
88.32
88.29
88.33
88.4
88.45
88.45
88.43
88.49
88.36
88.3
88.38
88.41
88.38
88.41
88.43
88.39
88.44
88.52
88.5
88.47
88.53
88.6
88.6
88.59
88.64
88.58
88.56
88.6
88.6
88.52
88.58
88.56
88.53
88.55
88.7
88.71
88.58
88.51
88.49
88.43
88.38
88.43
88.43
88.51
88.58
88.58
88.52
88.53
88.54
88.52
88.49
88.58
88.6
88.65
88.69
88.69
88.57
88.54
88.59
88.53
88.53
88.62
88.61
88.57
88.65
88.68
88.62
88.6
88.69
88.62
88.55
88.57
88.59
88.61
88.67
88.71
88.68
88.63
88.63
88.56
88.51
88.53
88.55
88.49
88.57
88.65
88.62
88.51
88.58
88.53
88.54
88.54
88.63
88.64
88.66
88.69
88.66
88.57
88.62
88.65
88.72
88.76
88.78
88.73
88.67
88.68
88.61
88.55
88.55
88.64
88.61
88.58
88.64
88.59
88.54
88.64
88.66
88.65
88.69
88.7
88.6
88.59
88.67
88.63
88.6
88.65
88.63
88.61
88.65
88.72
88.71
88.7
88.72
88.7
88.62
88.64
88.69
88.66
88.64
88.69
88.66
88.62
88.73
88.78
88.71
88.69
88.69
88.62
88.68
88.83
88.86
88.81
88.76
88.73
88.63
88.6
88.68
88.7
88.69
88.68
88.66
88.65
88.64
88.69
88.67
88.6
88.61
88.66
88.64
88.61
88.65
88.61
88.63
88.66
88.58
88.53
88.61
88.66
88.69
88.6
88.65
88.56
88.57
88.61
88.53
88.48
88.58
88.66
88.63
88.57
88.61
88.53
88.44
88.46
88.46
88.47
88.53
88.72
88.77
88.77
88.82
88.7
88.55
88.43
88.41
88.46
88.53
88.58
88.6
88.64
88.66
88.53
88.43
88.51
88.59
88.57
88.58
88.69
88.7
88.69
88.64
88.6
88.5
88.55
88.63
88.55
88.57
88.66
88.62
88.56
88.57
88.57
88.51
88.52
88.56
88.54
88.6
88.66
88.62
88.58
88.68
88.75
88.7
88.6
88.65
88.64
88.6
88.68
88.71
88.69
88.68
88.73
88.72
88.65
88.75
88.74
88.71
88.77
88.82
88.75
88.66
88.74
88.69
88.6
88.56
88.57
88.59
88.63
88.73
88.71
88.73
88.81
88.82
88.86
88.92
88.87
88.79
88.82
88.9
88.85
88.86
88.85
88.83
88.7
88.73
88.75
88.77
88.78
88.91
88.86
88.76
88.71
88.77
88.73
88.77
88.94
88.92
88.92
88.94
88.92
88.88
88.92
88.99
88.94
88.9
88.95
88.95
88.92
88.91
88.79
88.73
88.71
88.78
88.77
88.74
88.74
88.67
88.69
88.76
88.83
88.78
88.83
88.88
88.87
88.82
88.87
88.87
88.76
88.72
88.72
88.73
88.71
88.77
88.82
88.85
88.91
88.92
88.88
88.89
88.93
88.83
88.74
88.72
88.66
88.61
88.64
88.66
88.7
88.68
88.74
88.72
88.68
88.76
88.7
88.67
88.66
88.69
88.61
88.59
88.69
88.73
88.6
88.68
88.71
88.68
88.7
88.67
88.6
88.57
88.62
88.67
88.7
88.69
88.74
88.68
88.66
88.7
88.59
88.48
88.56
88.57
88.56
88.59
88.58
88.53
88.51
88.55
88.57
88.63
88.66
88.72
88.72
88.71
88.8
88.71
88.62
88.53
88.57
88.56
88.57
88.61
88.58
88.7
88.77
88.73
88.68
88.57
88.55
88.49
88.54
88.6
88.58
88.57
88.71
88.73
88.72
88.79
88.77
88.68
88.61
88.6
88.6
88.53
88.58
88.65
88.74
88.77
88.85
88.84
88.78
88.76
88.72
88.68
88.67
88.72
88.72
88.74
88.79
88.73
88.74
88.87
88.88
88.81
88.68
88.65
88.55
88.56
88.63
88.63
88.65
88.67
88.75
88.76
88.77
88.86
88.81
88.79
88.86
88.85
88.76
88.73
88.79
88.7
88.67
88.72
88.73
88.67
88.66
88.65
88.58
88.56
88.71
88.73
88.72
88.76
88.82
88.78
88.83
88.89
88.88
88.8
88.83
88.74
88.65
88.64
88.7
88.61
88.64
88.74
88.73
88.77
88.85
88.87
88.82
88.89
88.94
88.91
88.82
88.83
88.8
88.77
88.76
88.81
88.81
88.81
88.82
88.8
88.81
88.94
88.92
88.87
88.81
88.79
88.66
88.61
88.66
88.6
88.49
88.46
88.47
88.45
88.48
88.53
88.48
88.46
88.54
88.57
88.5
88.45
88.46
88.4
88.39
88.54
88.52
88.49
88.48
88.45
88.43
88.49
88.56
88.5
88.48
88.51
88.5
88.57
88.59
88.63
88.6
88.56
88.67
88.71
88.65
88.65
88.64
88.58
88.63
88.61
88.5
88.45
88.48
88.53
88.52
88.6
88.58
88.47
88.4
88.42
88.47
88.53
88.64
88.55
88.43
88.51
88.54
88.48
88.51
88.56
88.58
88.62
88.71
88.68
88.59
88.66
88.66
88.6
88.58
88.66
88.68
88.65
88.7
88.72
88.66
88.6
88.68
88.63
88.66
88.75
88.77
88.75
88.78
88.8
88.73
88.71
88.81
88.78
88.71
88.77
88.78
88.7
88.68
88.71
88.65
88.6
88.7
88.72
88.65
88.6
88.7
88.73
88.75
88.76
88.69
88.59
88.7
88.74
88.72
88.71
88.77
88.86
88.85
88.94
88.83
88.78
88.77
88.77
88.75
88.77
88.85
88.8
88.79
88.83
88.81
88.81
88.81
88.79
88.72
88.74
88.84
88.79
88.7
88.71
88.73
88.74
88.77
88.78
88.63
88.55
88.56
88.52
88.52
88.58
88.63
88.52
88.48
88.6
88.65
88.6
88.61
88.66
88.6
88.61
88.64
88.57
88.54
88.68
88.72
88.68
88.73
88.69
88.64
88.62
88.65
88.63
88.66
88.69
88.71
88.69
88.7
88.7
88.61
88.59
88.66
88.71
88.7
88.69
88.61
88.51
88.51
88.57
88.5
88.47
88.59
88.6
88.61
88.63
88.68
88.64
88.57
88.64
88.62
88.56
88.71
88.72
88.62
88.56
88.57
88.58
88.61
88.71
88.71
88.64
88.65
88.63
88.49
88.47
88.52
88.51
88.54
88.71
88.74
88.62
88.66
88.69
88.67
88.68
88.66
88.56
88.5
88.56
88.59
88.6
88.63
88.61
88.57
88.59
88.72
88.72
88.63
88.6
88.62
88.64
88.65
88.74
88.77
88.77
88.78
88.78
88.72
88.65
88.66
88.64
88.57
88.69
88.67
88.62
88.71
88.79
88.75
88.74
88.79
88.72
88.68
88.72
88.71
88.74
88.79
88.87
88.87
88.74
88.72
88.7
88.72
88.76
88.8
88.75
88.72
88.73
88.74
88.74
88.81
88.85
88.78
88.77
88.85
88.73
88.66
88.72
88.68
88.66
88.75
88.75
88.7
88.67
88.81
88.77
88.79
88.81
88.77
88.74
88.68
88.65
88.63
88.76
88.86
88.95
88.91
88.88
88.75
88.63
88.62
88.69
88.64
88.63
88.77
88.79
88.75
88.78
88.79
88.74
88.71
88.83
88.81
88.76
88.81
88.77
88.68
88.69
88.72
88.7
88.68
88.75
88.79
88.75
88.79
88.87
88.83
88.8
88.8
88.66
88.54
88.61
88.53
88.52
88.52
88.59
88.55
88.6
88.67
88.64
88.53
88.57
88.67
88.64
88.63
88.65
88.57
88.49
88.58
88.62
88.61
88.61
88.67
88.6
88.62
88.7
88.7
88.66
88.75
88.72
88.65
88.62
88.63
88.53
88.51
88.56
88.5
88.45
88.5
88.57
88.53
88.56
88.62
88.69
88.64
88.64
88.6
88.54
88.53
88.58
88.62
88.65
88.69
88.65
88.64
88.66
88.76
88.69
88.67
88.75
88.74
88.74
88.86
88.86
88.82
88.81
88.75
88.63
88.6
88.64
88.69
88.71
88.75
88.75
88.75
88.73
88.79
88.79
88.73
88.84
88.72
88.69
88.73
88.8
88.85
88.79
88.82
88.77
88.72
88.73
88.71
88.7
88.76
88.81
88.75
88.73
88.76
88.8
88.81
88.81
88.79
88.79
88.81
88.82
88.74
88.64
88.62
88.66
88.66
88.69
88.8
88.8
88.75
88.84
88.83
88.77
88.75
88.71
88.71
88.64
88.73
88.63
88.62
88.64
88.57
88.5
88.52
88.56
88.57
88.61
88.66
88.66
88.55
88.52
88.54
88.52
88.58
88.67
88.75
88.71
88.72
88.67
88.61
88.64
88.7
88.56
88.54
88.6
88.6
88.62
88.64
88.62
88.62
88.63
88.72
88.62
88.66
88.74
88.69
88.66
88.72
88.74
88.63
88.56
88.64
88.59
88.6
88.62
88.61
88.54
88.56
88.65
88.63
88.58
88.61
88.59
88.57
88.57
88.66
88.58
88.58
88.64
88.63
88.62
88.64
88.68
88.7
88.77
88.83
88.7
88.63
88.64
88.62
88.58
88.65
88.67
88.66
88.62
88.7
88.68
88.66
88.7
88.7
88.64
88.62
88.66
88.7
88.72
88.73
88.68
88.63
88.66
88.71
88.62
88.57
88.67
88.69
88.64
88.62
88.59
88.59
88.62
88.7
88.68
88.69
88.75
88.81
88.75
88.74
88.74
88.62
88.57
88.57
88.59
88.55
88.6
88.55
88.54
88.56
88.59
88.59
88.55
88.58
88.48
88.44
88.47
88.58
88.62
88.65
88.61
88.5
88.42
88.52
88.45
88.45
88.53
88.64
88.65
88.68
88.76
88.72
88.61
88.63
88.68
88.65
88.66
88.72
88.69
88.63
88.59
88.57
88.53
88.6
88.69
88.64
88.67
88.78
88.77
88.75
88.79
88.77
88.63
88.57
88.66
88.58
88.58
88.65
88.64
88.54
88.57
88.62
88.6
88.54
88.64
88.62
88.57
88.64
88.69
88.73
88.72
88.69
88.59
88.54
88.56
88.56
88.54
88.57
88.7
88.73
88.67
88.68
88.66
88.73
88.77
88.76
88.68
88.6
88.67
88.7
88.71
88.68
88.6
88.52
88.59
88.66
88.54
88.52
88.58
88.63
88.59
88.61
88.68
88.72
88.72
88.69
88.58
88.57
88.62
88.62
88.56
88.64
88.69
88.6
88.57
88.66
88.59
88.56
88.7
88.72
88.66
88.64
88.71
88.77
88.71
88.77
88.72
88.67
88.73
88.68
88.59
88.56
88.6
88.55
88.54
88.64
88.68
88.68
88.73
88.73
88.7
88.68
88.72
88.66
88.61
88.68
88.7
88.65
88.67
88.67
88.58
88.54
88.5
88.46
88.53
88.61
88.64
88.65
88.71
88.77
88.77
88.79
88.79
88.68
88.63
88.64
88.71
88.64
88.62
88.64
88.59
88.54
88.51
88.52
88.54
88.59
88.63
88.59
88.58
88.67
88.7
88.72
88.79
88.77
88.67
88.69
88.75
88.64
88.66
88.68
88.77
88.76
88.68
88.73
88.63
88.55
88.63
88.63
88.66
88.72
88.79
88.68
88.65
88.69
88.6
88.54
88.59
88.57
88.55
88.6
88.66
88.71
88.77
88.76
88.75
88.72
88.66
88.68
88.62
88.67
88.72
88.72
88.66
88.7
88.7
88.69
88.7
88.73
88.68
88.68
88.74
88.76
88.69
88.75
88.76
88.79
88.77
88.81
88.77
88.8
88.77
88.69
88.61
88.57
88.61
88.63
88.67
88.79
88.79
88.72
88.72
88.68
88.63
88.68
88.7
88.67
88.79
88.83
88.8
88.62
88.6
88.59
88.57
88.58
88.63
88.63
88.55
88.58
88.59
88.6
88.62
88.71
88.69
88.64
88.73
88.71
88.65
88.6
88.59
88.56
88.55
88.53
88.46
88.48
88.5
88.46
88.42
88.48
88.64
88.57
88.52
88.55
88.55
88.52
88.48
88.52
88.63
88.63
88.61
88.54
88.48
88.54
88.54
88.57
88.64
88.69
88.63
88.61
88.65
88.58
88.55
88.59
88.59
88.54
88.52
88.57
88.6
88.58
88.6
88.6
88.58
88.58
88.59
88.56
88.54
88.55
88.51
88.49
88.54
88.6
88.54
88.54
88.6
88.53
88.5
88.61
88.61
88.59
88.62
88.66
88.58
88.6
88.69
88.67
88.62
88.7
88.69
88.64
88.64
88.71
88.71
88.67
88.7
88.65
88.58
88.63
88.65
88.65
88.66
88.74
88.71
88.66
88.73
88.74
88.65
88.62
88.61
88.53
88.55
88.65
88.63
88.54
88.56
88.59
88.6
88.58
88.68
88.69
88.64
88.65
88.58
88.54
88.6
88.56
88.45
88.44
88.5
88.46
88.45
88.5
88.54
88.52
88.58
88.7
88.71
88.65
88.64
88.66
88.65
88.67
88.68
88.61
88.57
88.6
88.56
88.54
88.59
88.56
88.55
88.53
88.62
88.55
88.43
88.44
88.41
88.4
88.52
88.57
88.54
88.5
88.58
88.55
88.53
88.58
88.6
88.54
88.56
88.63
88.59
88.54
88.62
88.57
88.58
88.61
88.58
88.55
88.57
88.68
88.71
88.66
88.66
88.62
88.6
88.65
88.72
88.74
88.69
88.76
88.71
88.67
88.72
88.73
88.68
88.78
88.86
88.77
88.68
88.71
88.69
88.62
88.65
88.69
88.62
88.61
88.65
88.62
88.62
88.69
88.67
88.55
88.52
88.5
88.5
88.5
88.58
88.53
88.51
88.57
88.57
88.5
88.54
88.56
88.54
88.49
88.52
88.54
88.58
88.66
88.75
88.66
88.6
88.61
88.61
88.62
88.65
88.66
88.57
88.53
88.61
88.63
88.6
88.64
88.57
88.54
88.53
88.57
88.57
88.51
88.57
88.48
88.46
88.51
88.62
88.66
88.58
88.59
88.53
88.57
88.65
88.61
88.53
88.51
88.45
88.41
88.43
88.52
88.57
88.53
88.56
88.64
88.62
88.63
88.67
88.57
88.55
88.63
88.61
88.56
88.52
88.51
88.44
88.39
88.45
88.49
88.5
88.54
88.51
88.51
88.55
88.56
88.53
88.45
88.48
88.46
88.39
88.41
88.42
88.41
88.39
88.45
88.44
88.45
88.46
88.37
88.33
88.35
88.38
88.31
88.35
88.5
88.52
88.5
88.5
88.46
88.37
88.28
88.31
88.29
88.33
88.5
88.46
88.37
88.27
88.3
88.32
88.32
88.38
88.34
88.38
88.52
88.55
88.55
88.53
88.57
88.54
88.46
88.47
88.46
88.49
88.52
88.52
88.55
88.56
88.66
88.6
88.6
88.58
88.57
88.47
88.45
88.5
88.39
88.42
88.53
88.54
88.53
88.52
88.51
88.49
88.46
88.49
88.52
88.55
88.58
88.58
88.51
88.54
88.54
88.46
88.49
88.58
88.46
88.5
88.53
88.59
88.54
88.56
88.62
88.59
88.62
88.64
88.52
88.52
88.58
88.57
88.49
88.49
88.56
88.62
88.62
88.68
88.65
88.6
88.59
88.64
88.61
88.59
88.67
88.64
88.65
88.74
88.73
88.65
88.61
88.71
88.66
88.59
88.6
88.53
88.44
88.42
88.52
88.49
88.43
88.48
88.47
88.52
88.57
88.62
88.55
88.52
88.59
88.59
88.52
88.57
88.53
88.43
88.45
88.48
88.45
88.42
88.5
88.48
88.48
88.55
88.59
88.61
88.62
88.64
88.56
88.57
88.69
88.75
88.67
88.57
88.51
88.41
88.42
88.53
88.49
88.46
88.55
88.6
88.47
88.44
88.57
88.5
88.46
88.51
88.51
88.5
88.46
88.47
88.42
88.43
88.46
88.43
88.37
88.41
88.36
88.3
88.35
88.41
88.45
88.5
88.48
88.46
88.47
88.47
88.44
88.33
88.35
88.47
88.43
88.4
88.51
88.52
88.5
88.52
88.53
88.46
88.42
88.44
88.47
88.52
88.6
88.59
88.56
88.51
88.5
88.45
88.49
88.6
88.59
88.49
88.47
88.51
88.52
88.5
88.56
88.48
88.39
88.46
88.44
88.38
88.37
88.44
88.49
88.5
88.6
88.59
88.47
88.45
88.5
88.4
88.34
88.45
88.43
88.42
88.5
88.54
88.49
88.43
88.46
88.48
88.45
88.54
88.51
88.43
88.5
88.46
88.42
88.43
88.52
88.57
88.54
88.58
88.52
88.39
88.37
88.44
88.41
88.41
88.43
88.45
88.45
88.48
88.46
88.43
88.4
88.36
88.24
88.22
88.3
88.27
88.22
88.34
88.46
88.43
88.41
88.47
88.47
88.49
88.53
88.5
88.36
88.34
88.4
88.38
88.32
88.44
88.48
88.45
88.47
88.53
88.48
88.49
88.48
88.41
88.45
88.54
88.52
88.53
88.48
88.54
88.48
88.45
88.51
88.45
88.45
88.47
88.52
88.43
88.45
88.54
88.52
88.53
88.59
88.57
88.48
88.38
88.4
88.42
88.41
88.51
88.55
88.54
88.6
88.67
88.59
88.52
88.53
88.54
88.48
88.53
88.57
88.57
88.63
88.66
88.64
88.64
88.63
88.51
88.45
88.52
88.62
88.62
88.66
88.7
88.54
88.46
88.48
88.49
88.52
88.57
88.67
88.62
88.61
88.59
88.45
88.36
88.4
88.41
88.38
88.39
88.46
88.43
88.38
88.48
88.5
88.43
88.46
88.5
88.45
88.39
88.41
88.39
88.37
88.42
88.4
88.37
88.43
88.51
88.44
88.42
88.44
88.46
88.44
88.51
88.51
88.5
88.51
88.59
88.54
88.49
88.56
88.5
88.42
88.38
88.37
88.35
88.4
88.47
88.51
88.55
88.62
88.61
88.52
88.48
88.56
88.52
88.5
88.57
88.61
88.62
88.63
88.59
88.57
88.54
88.59
88.54
88.57
88.63
88.57
88.48
88.43
88.55
88.46
88.46
88.47
88.5
88.47
88.56
88.63
88.51
88.43
88.48
88.41
88.39
88.46
88.4
88.36
88.32
88.39
88.36
88.4
88.51
88.44
88.39
88.37
88.4
88.41
88.48
88.57
88.56
88.52
88.54
88.55
88.52
88.52
88.57
88.6
88.55
88.6
88.58
88.58
88.61
88.62
88.54
88.54
88.58
88.6
88.6
88.67
88.61
88.52
88.55
88.55
88.55
88.52
88.55
88.54
88.55
88.59
88.61
88.63
88.62
88.69
88.65
88.62
88.6
88.54
88.45
88.43
88.39
88.42
88.42
88.55
88.56
88.57
88.6
88.58
88.49
88.42
88.42
88.43
88.47
88.6
88.55
88.48
88.49
88.44
88.36
88.33
88.36
88.37
88.33
88.41
88.4
88.35
88.27
88.21
88.15
88.11
88.23
88.29
88.3
88.3
88.29
88.28
88.33
88.4
88.37
88.41
88.5
88.5
88.42
88.39
88.41
88.44
88.55
88.56
88.51
88.43
88.39
88.48
88.5
88.48
88.51
88.4
88.42
88.48
88.46
88.45
88.53
88.6
88.54
88.57
88.59
88.5
88.46
88.49
88.5
88.53
88.49
88.5
88.41
88.42
88.5
88.43
88.34
88.42
88.5
88.51
88.45
88.44
88.41
88.44
88.54
88.52
88.5
88.48
88.53
88.52
88.51
88.53
88.47
88.45
88.55
88.55
88.49
88.52
88.6
88.55
88.5
88.58
88.5
88.46
88.4
88.37
88.38
88.38
88.5
88.48
88.43
88.54
88.57
88.59
88.62
88.66
88.64
88.65
88.7
88.7
88.59
88.67
88.65
88.6
88.56
88.6
88.55
88.56
88.56
88.55
88.58
88.68
88.71
88.69
88.7
88.74
88.7
88.61
88.59
88.55
88.51
88.54
88.64
88.59
88.58
88.61
88.64
88.65
88.63
88.68
88.61
88.61
88.67
88.68
88.63
88.64
88.57
88.52
88.58
88.67
88.59
88.68
88.72
88.69
88.6
88.62
88.55
88.47
88.44
88.53
88.54
88.53
88.49
88.43
88.36
88.31
88.34
88.23
88.19
88.31
88.3
88.26
88.28
88.27
88.29
88.38
88.43
88.35
88.37
88.47
88.43
88.37
88.41
88.44
88.39
88.35
88.39
88.37
88.35
88.37
88.35
88.29
88.31
88.37
88.34
88.36
88.5
88.51
88.47
88.5
88.54
88.48
88.4
88.46
88.35
88.29
88.4
88.5
88.45
88.47
88.43
88.35
88.4
88.37
88.34
88.25
88.27
88.32
88.27
88.31
88.3
88.25
88.22
88.31
88.35
88.35
88.44
88.38
88.28
88.28
88.31
88.26
88.21
88.29
88.33
88.29
88.3
88.36
88.36
88.36
88.48
88.47
88.39
88.48
88.52
88.44
88.41
88.41
88.4
88.44
88.46
88.44
88.4
88.39
88.46
88.38
88.4
88.5
88.51
88.49
88.49
88.43
88.42
88.36
88.33
88.3
88.26
88.31
88.36
88.31
88.3
88.44
88.41
88.39
88.39
88.41
88.36
88.37
88.38
88.35
88.42
88.54
88.48
88.46
88.54
88.47
88.47
88.49
88.43
88.39
88.36
88.38
88.39
88.42
88.43
88.49
88.49
88.46
88.48
88.44
88.4
88.42
88.42
88.5
88.56
88.6
88.59
88.57
88.62
88.53
88.47
88.55
88.57
88.54
88.55
88.53
88.46
88.46
88.51
88.52
88.5
88.47
88.5
88.44
88.46
88.57
88.51
88.41
88.53
88.57
88.52
88.55
88.6
88.52
88.46
88.45
88.39
88.35
88.44
88.39
88.26
88.26
88.37
88.3
88.21
88.28
88.26
88.3
88.34
88.4
88.33
88.29
88.34
88.41
88.5
88.55
88.47
88.33
88.37
88.43
88.47
88.48
88.53
88.47
88.38
88.33
88.3
88.27
88.31
88.38
88.28
88.28
88.36
88.4
88.39
88.45
88.53
88.52
88.51
88.57
88.53
88.52
88.57
88.59
88.48
88.42
88.44
88.37
88.34
88.39
88.36
88.35
88.35
88.36
88.26
88.3
88.37
88.3
88.31
88.4
88.44
88.47
88.45
88.44
88.29
88.22
88.31
88.35
88.33
88.33
88.3
88.2
88.18
88.25
88.27
88.28
88.32
88.35
88.31
88.34
88.4
88.38
88.3
88.42
88.4
88.3
88.22
88.22
88.26
88.35
88.41
88.38
88.34
88.38
88.3
88.22
88.29
88.4
88.45
88.48
88.5
88.4
88.33
88.34
88.29
88.29
88.35
88.4
88.36
88.36
88.41
88.4
88.39
88.48
88.51
88.43
88.43
88.5
88.52
88.48
88.54
88.53
88.48
88.45
88.41
88.36
88.33
88.39
88.46
88.45
88.48
88.53
88.46
88.42
88.39
88.37
88.33
88.45
88.5
88.41
88.4
88.47
88.44
88.46
88.51
88.53
88.52
88.52
88.5
88.41
88.38
88.43
88.4
88.47
88.55
88.49
88.35
88.33
88.35
88.35
88.26
88.3
88.25
88.23
88.31
88.28
88.22
88.28
88.33
88.3
88.25
88.29
88.34
88.27
88.3
88.33
88.32
88.31
88.26
88.28
88.21
88.25
88.28
88.29
88.29
88.37
88.32
88.31
88.3
88.33
88.32
88.31
88.31
88.3
88.31
88.37
88.34
88.29
88.25
88.22
88.19
88.24
88.4
88.3
88.26
88.29
88.27
88.24
88.23
88.29
88.31
88.3
88.34
88.24
88.14
88.2
88.22
88.15
88.15
88.18
88.21
88.25
88.32
88.29
88.26
88.34
88.34
88.21
88.2
88.31
88.33
88.34
88.32
88.3
88.27
88.35
88.42
88.38
88.32
88.31
88.3
88.3
88.29
88.28
88.22
88.25
88.29
88.24
88.21
88.32
88.36
88.31
88.32
88.36
88.34
88.34
88.35
88.23
88.22
88.28
88.36
88.39
88.36
88.34
88.28
88.2
88.22
88.19
88.17
88.25
88.35
88.37
88.46
88.5
88.47
88.46
88.48
88.47
88.36
88.33
88.34
88.33
88.31
88.4
88.47
88.49
88.47
88.41
88.34
88.36
88.41
88.42
88.34
88.36
88.38
88.33
88.26
88.33
88.3
88.3
88.38
88.33
88.26
88.3
88.31
88.28
88.24
88.27
88.29
88.26
88.36
88.38
88.42
88.46
88.55
88.5
88.52
88.61
88.59
88.45
88.42
88.39
88.29
88.38
88.51
88.51
88.56
88.57
88.42
88.24
88.13
88.15
88.09
88.15
88.18
88.15
88.24
88.29
88.28
88.24
88.21
88.22
88.17
88.17
88.2
88.26
88.23
88.23
88.3
88.25
88.2
88.2
88.1
88.12
88.27
88.24
88.11
88.14
88.29
88.26
88.21
88.3
88.3
88.24
88.16
88.18
88.15
88.18
88.29
88.31
88.26
88.22
88.24
88.2
88.2
88.21
88.16
88.15
88.21
88.22
88.17
88.16
88.22
88.16
88.12
88.18
88.24
88.25
88.38
88.34
88.24
88.21
88.17
88.1
87.99
88.09
88.09
88.06
88.13
88.21
88.18
88.21
88.25
88.26
88.21
88.3
88.27
88.14
88.1
88.09
88.05
88.1
88.21
88.13
88.09
88.12
88.14
88.08
88.06
88.11
88.04
87.96
88
88.05
87.99
88.06
88.06
87.99
88
88.16
88.09
88.07
88.11
88.21
88.25
88.26
88.27
88.21
88.18
88.32
88.31
88.26
88.25
88.25
88.21
88.2
88.26
88.25
88.21
88.23
88.24
88.21
88.22
88.3
88.29
88.27
88.27
88.22
88.19
88.19
88.23
88.21
88.27
88.4
88.38
88.33
88.32
88.32
88.34
88.36
88.45
88.45
88.51
88.5
88.45
88.4
88.43
88.47
88.4
88.34
88.39
88.4
88.34
88.39
88.43
88.36
88.36
88.47
88.4
88.39
88.38
88.36
88.32
88.3
88.25
88.24
88.24
88.34
88.38
88.39
88.42
88.32
88.16
87.99
88
88
88.04
88.13
88.13
88.09
88.11
88.16
88.19
88.25
88.28
88.18
88.13
88.16
88.05
87.94
88.03
88.18
88.19
88.16
88.12
88.09
88.06
88.1
88.13
88.1
88.08
88.21
88.22
88.17
88.19
88.27
88.21
88.25
88.3
88.23
88.18
88.24
88.17
88.17
88.26
88.28
88.17
88.19
88.28
88.15
88.08
88.08
88.07
88.08
88.12
88.23
88.24
88.27
88.33
88.21
88.14
88.06
88.08
88.01
88.11
88.21
88.15
88.1
88.14
88.15
88.09
88.13
88.21
88.13
88.06
88.15
88.25
88.24
88.22
88.16
88.07
88.02
88.1
88.07
88.04
88.1
88.16
88.26
88.25
88.24
88.23
88.2
88.26
88.24
88.2
88.21
88.2
88.15
88.2
88.3
88.22
88.16
88.22
88.24
88.24
88.28
88.34
88.37
88.34
88.35
88.31
88.24
88.36
88.4
88.35
88.39
88.37
88.26
88.18
88.28
88.32
88.31
88.34
88.44
88.41
88.36
88.45
88.47
88.4
88.42
88.44
88.43
88.46
88.49
88.46
88.38
88.39
88.43
88.33
88.41
88.5
88.52
88.42
88.45
88.38
88.31
88.33
88.29
88.26
88.35
88.51
88.44
88.37
88.41
88.43
88.35
88.31
88.28
88.23
88.22
88.33
88.34
88.28
88.3
88.23
88.12
88.1
88.1
88.04
88.07
88.21
88.19
88.18
88.17
88.19
88.19
88.17
88.21
88.11
88.01
88.11
88.14
88.09
88.11
88.17
88.18
88.16
88.21
88.17
88.09
88.11
88.18
88.13
88.19
88.29
88.25
88.23
88.21
88.15
88.14
88.17
88.22
88.17
88.16
88.23
88.16
88.12
88.18
88.18
88.14
88.19
88.28
88.23
88.2
88.24
88.28
88.25
88.26
88.3
88.22
88.14
88.21
88.2
88.19
88.23
88.24
88.25
88.24
88.25
88.24
88.22
88.31
88.24
88.21
88.32
88.36
88.29
88.18
88.23
88.22
88.28
88.3
88.33
88.24
88.17
88.23
88.22
88.21
88.3
88.32
88.31
88.37
88.36
88.31
88.22
88.28
88.27
88.34
88.45
88.42
88.38
88.47
88.61
88.61
88.57
88.59
88.54
88.49
88.5
88.55
88.61
88.62
88.66
88.63
88.56
88.49
88.47
88.42
88.48
88.49
88.46
88.51
88.59
88.62
88.61
88.61
88.64
88.51
88.5
88.63
88.63
88.6
88.62
88.61
88.58
88.5
88.54
88.5
88.5
88.46
88.41
88.38
88.37
88.37
88.33
88.37
88.47
88.48
88.44
88.38
88.35
88.26
88.26
88.3
88.31
88.4
88.47
88.41
88.36
88.33
88.4
88.27
88.27
88.29
88.26
88.15
88.18
88.22
88.25
88.29
88.29
88.22
88.14
88.12
88.11
88.06
88.06
88.13
88.09
88.11
88.19
88.13
88.08
88.16
88.25
88.2
88.2
88.23
88.18
88.09
88.17
88.13
88.11
88.23
88.34
88.33
88.32
88.39
88.44
88.38
88.46
88.43
88.4
88.39
88.4
88.36
88.41
88.52
88.59
88.56
88.59
88.58
88.51
88.52
88.57
88.57
88.56
88.59
88.54
88.49
88.55
88.61
88.61
88.57
88.64
88.53
88.41
88.32
88.28
88.28
88.28
88.3
88.27
88.27
88.37
88.31
88.22
88.21
88.25
88.26
88.31
88.34
88.25
88.21
88.24
88.29
88.2
88.19
88.3
88.3
88.26
88.33
88.31
88.25
88.34
88.4
88.37
88.33
88.33
88.24
88.16
88.25
88.24
88.18
88.18
88.2
88.25
88.35
88.44
88.43
88.31
88.32
88.34
88.28
88.32
88.39
88.35
88.34
88.35
88.33
88.31
88.39
88.42
88.32
88.28
88.37
88.39
88.32
88.47
88.51
88.43
88.37
88.42
88.44
88.41
88.46
88.41
88.33
88.35
88.4
88.38
88.36
88.47
88.57
88.57
88.59
88.53
88.37
88.32
88.35
88.31
88.35
88.46
88.44
88.37
88.4
88.53
88.51
88.42
88.41
88.39
88.39
88.44
88.46
88.43
88.46
88.56
88.48
88.35
88.38
88.4
88.34
88.46
88.49
88.45
88.5
88.55
88.57
88.58
88.62
88.74
88.75
88.76
88.75
88.72
88.74
88.78
88.73
88.68
88.75
88.7
88.69
88.8
88.85
88.85
88.78
88.72
88.64
88.6
88.67
88.67
88.69
88.76
88.82
88.79
88.69
88.67
88.51
88.48
88.5
88.57
88.52
88.45
88.44
88.38
88.35
88.35
88.32
88.23
88.23
88.36
88.34
88.3
88.36
88.31
88.26
88.28
88.32
88.32
88.24
88.26
88.19
88.13
88.17
88.24
88.23
88.29
88.37
88.29
88.22
88.29
88.31
88.33
88.36
88.45
88.37
88.28
88.32
88.2
88.14
88.24
88.27
88.28
88.31
88.41
88.29
88.16
88.26
88.25
88.25
88.27
88.29
88.26
88.25
88.24
88.16
88.17
88.29
88.28
88.17
88.15
88.21
88.22
88.26
88.38
88.43
88.53
88.58
88.58
88.5
88.44
88.46
88.5
88.54
88.63
88.71
88.74
88.68
88.68
88.6
88.56
88.59
88.58
88.53
88.59
88.66
88.67
88.62
88.63
88.55
88.52
88.55
88.61
88.58
88.6
88.59
88.48
88.46
88.45
88.41
88.5
88.54
88.49
88.36
88.43
88.51
88.48
88.46
88.55
88.55
88.47
88.49
88.52
88.51
88.41
88.43
88.39
88.38
88.36
88.4
88.38
88.38
88.41
88.41
88.39
88.54
88.55
88.55
88.59
88.57
88.44
88.35
88.37
88.34
88.33
88.34
88.32
88.27
88.32
88.5
88.39
88.34
88.39
88.37
88.31
88.33
88.36
88.39
88.45
88.52
88.48
88.49
88.6
88.67
88.58
88.61
88.67
88.6
88.56
88.6
88.66
88.73
88.77
88.72
88.64
88.65
88.7
88.63
88.67
88.71
88.65
88.63
88.67
88.67
88.56
88.54
88.56
88.59
88.63
88.72
88.7
88.67
88.65
88.61
88.58
88.56
88.62
88.52
88.44
88.39
88.38
88.3
88.31
88.38
88.37
88.31
88.33
88.36
88.37
88.35
88.38
88.3
88.27
88.35
88.4
88.44
88.57
88.52
88.39
88.38
88.44
88.36
88.27
88.27
88.24
88.21
88.3
88.31
88.28
88.34
88.43
88.44
88.34
88.38
88.38
88.35
88.35
88.46
88.48
88.39
88.4
88.41
88.39
88.43
88.57
88.68
88.76
88.9
88.87
88.85
88.95
88.92
88.8
88.79
88.88
88.81
88.84
88.87
88.92
88.9
88.93
88.93
88.83
88.73
88.7
88.72
88.75
88.8
88.74
88.67
88.71
88.72
88.71
88.73
88.8
88.76
88.61
88.62
88.56
88.45
88.41
88.41
88.34
88.34
88.4
88.42
88.45
88.55
88.41
88.29
88.26
88.34
88.21
88.24
88.4
88.4
88.32
88.26
88.24
88.16
88.15
88.28
88.26
88.3
88.38
88.35
88.31
88.35
88.39
88.41
88.42
88.51
88.52
88.47
88.57
88.61
88.57
88.56
88.6
88.57
88.53
88.64
88.65
88.66
88.69
88.7
88.66
88.64
88.61
88.43
88.39
88.46
88.6
88.51
88.5
88.47
88.32
88.3
88.38
88.39
88.43
88.5
88.5
88.51
88.48
88.45
88.41
88.38
88.41
88.43
88.42
88.46
88.43
88.38
88.39
88.47
88.46
88.42
88.47
88.5
88.47
88.41
88.44
88.42
88.45
88.49
88.43
88.43
88.51
88.52
88.5
88.49
88.49
88.44
88.39
88.45
88.43
88.41
88.45
88.48
88.49
88.51
88.61
88.56
88.5
88.46
88.52
88.48
88.5
88.57
88.5
88.49
88.55
88.64
88.59
88.62
88.62
88.53
88.47
88.49
88.43
88.4
88.44
88.44
88.38
88.43
88.56
88.54
88.49
88.52
88.48
88.45
88.45
88.52
88.51
88.48
88.56
88.57
88.67
88.76
88.8
88.72
88.74
88.79
88.72
88.65
88.72
88.75
88.73
88.77
88.84
88.77
88.77
88.89
88.88
88.88
88.91
88.94
88.89
88.85
88.87
88.84
88.8
88.86
88.82
88.75
88.76
88.79
88.78
88.77
88.81
88.75
88.62
88.64
88.63
88.58
88.66
88.68
88.59
88.52
88.54
88.53
88.59
88.68
88.71
88.65
88.58
88.66
88.57
88.49
88.51
88.49
88.52
88.58
88.6
88.53
88.45
88.4
88.38
88.38
88.48
88.46
88.39
88.34
88.36
88.41
88.29
88.27
88.26
88.27
88.24
88.24
88.18
88.21
88.32
88.35
88.35
88.43
88.44
88.39
88.35
88.4
88.39
88.37
88.39
88.39
88.38
88.43
88.5
88.52
88.5
88.58
88.63
88.61
88.66
88.67
88.66
88.7
88.74
88.64
88.56
88.55
88.54
88.5
88.52
88.47
88.42
88.39
88.41
88.4
88.45
88.51
88.46
88.46
88.52
88.58
88.48
88.48
88.57
88.5
88.44
88.49
88.46
88.45
88.48
88.5
88.47
88.52
88.59
88.57
88.54
88.61
88.61
88.54
88.5
88.56
88.5
88.51
88.58
88.58