114.24
114.5
115.5
115.37
115.13
115.64
114.78
114.9
115.39
115.39
115.57
115.98
116.27
115.52
114.74
115.99
115.82
115.96
117.35
116.84
115.8
116.22
117.39
115.85
115.35
116.77
115.82
116
116.65
116.69
115.48
115.94
117.26
116.46
115.75
116.38
116.2
115.18
115.82
116.38
115.11
115.54
117
116.33
115.19
115.58
115.56
115.99
116.49
116.35
115.91
115.93
116.51
116.85
115.61
116.7
117.19
116.12
116.37
116.48
116.48
114.99
116.98
116.81
115.05
115.72
116.52
115.36
115.14
116.12
115.12
115.11
116.48
117.31
116.18
116.72
117.12
116.15
114.96
115.9
114.99
114.28
115.57
116.38
115.33
115.74
115.78
114.71
114.15
116.21
116.26
115.2
116.54
116.83
116.83
115.51
117.43
116.01
114.86
115.96
115.9
115.6
115.52
114.51
114.6
113.81
115.11
115.45
114.64
114.88
115.39
115.39
115.51
116.71
116.73
117.38
117.65
116.39
115.08
116.35
117.11
117.09
116.43
117.03
116.41
115.52
116.31
116.63
116.63
115.29
116.62
115.86
115.1
115.93
115.7
115.25
116.04
117.51
116.4
115.57
116.47
115.91
115.71
116.72
116.25
115.51
115.47
115.79
115.72
115.02
115.77
115.06
114.79
115.69
115.32
114.49
115.5
116.36
114.79
114.55
115.18
115.13
114.8
115.29
115.59
114.83
115.55
116.11
115.3
114.94
116.51
116.28
115.67
116.32
116.6
115.95
115.58
116.01
114.87
114.3
115.8
116.04
115.72
115.54
117.12
116.44
116.15
117.66
116.5
115.1
116.33
116.97
116.56
115.95
116.04
115.9
115.61
115.53
115.03
115.51
116.28
116.23
115.64
115.46
116.74
116
115.08
116.2
115.83
115.17
115.66
116.47
115
114.84
115.62
115.36
114.64
116
115.68
114.89
115.14
115.9
115.67
115.18
116.19
115.78
114.84
114.77
114.82
114.66
115.1
115.24
115.24
114.01
115.61
115.72
113.63
113.43
114.49
114.06
114.03
115.12
115.61
114.02
114.48
115.33
114.36
114.92
115.4
115.08
113.95
114.56
113.26
113.2
113.89
115.06
114.21
114.1
115.2
115
114.4
115.35
114.76
114.37
113.79
115.16
114.86
113.79
114.43
114.68
113.65
114.62
114.4
113.54
113.64
114.08
114.11
113.39
115.6
115.57
114.24
114.07
114.82
114.34
114.06
114.99
113.63
113.41
114.47
114.81
114.51
115.55
116.07
115.25
114.83
116.02
115.42
114.6
115.52
115.83
114.67
114.12
115.72
114.45
114.23
115.27
115.48
114.7
115
116.19
115.12
113.86
115.44
115.03
114.47
114.83
115.85
114.87
114.51
116.41
115.58
114.83
115.63
115.19
114.19
115.6
115.75
114.84
114.46
116.02
115.51
114.27
114.84
115.14
115.14
114.35
115.36
115.04
114.04
115.33
115.63
115.14
116
115.83
114.7
114.48
115.5
115.74
114.72
115.38
115.42
115.31
115.4
115.77
115.5
114.62
114.97
114.16
113.7
114.88
115.09
114.6
114.38
115.35
115
114.64
115.58
114.53
114.1
114.1
115.36
114.75
114.5
115.23
114.81
113.73
114.19
114.93
114.53
114.5
115.31
114.45
114.55
115.96
115.58
114.34
114.67
116.61
115.56
114.93
116.09
115.66
114.58
115.08
114.75
113.89
114.7
114.96
114.32
113.78
114.74
114.44
114.2
114.2
115.13
114.87
114.13
115.9
115.38
115.62
115.9
115.29
113.83
114.88
115.74
114.48
114.47
115.63
115.2
114.55
114.55
115.59
113.87
114.11
115.42
115.13
114.41
115.71
115.78
113.56
114.37
114.96
115.26
114.89
115.44
114.55
114.55
114.42
114.66
114.51
113.67
114.39
114.67
114.56
115.46
114.41
114
115.34
116.45
115.19
115.44
116.56
115.91
114.17
114.17
115.01
114.34
115.3
116.1
115.22
114.82
116.07
116.33
114.71
115.38
115.48
115.09
115.47
116.61
115.67
114.77
114.77
116.44
114.9
115.28
115.94
115.56
114.6
115.78
115.87
115.04
115.41
115.46
114.14
113.86
114.69
114.17
113.78
114.49
114.49
113.22
113.85
114.34
114.4
114.64
116.07
114.86
114.43
115.12
115.04
115.09
115.29
115.1
114.45
114.55
116.03
116.03
115.43
115.53
115.52
115.01
114.31
114.53
113.98
112.93
114.59
114.97
114.06
114.51
115.71
114.45
114.17
115.38
114.76
113.99
115.31
115.59
114.42
114.91
115.9
114.91
114.44
115.85
115.73
114.52
114.85
116.43
115.04
113.99
115.72
115.43
113.89
114.41
115.02
114.86
113.91
115.13
115.57
114.89
115.41
115.05
114.75
114.74
115.17
115.09
113.7
114.58
114.41
113.57
114.11
115.25
115.07
114.84
116.01
115.28
115.56
114.95
115.49
114.95
114.3
115.49
115.52
115.64
115.86
115.53
115.45
115.72
115.85
114.73
114.76
116.22
115.39
114.82
115.13
115.42
114.89
114.55
116.34
115.32
114.15
114.95
115
114.45
114.17
113.99
113.81
115.02
115.81
115.19
114.3
115.36
115.98
115.29
114.67
114.24
113.04
112.6
114.52
114.27
113.57
114.05
114.58
113.8
114.12
115.24
114.55
114.29
114.91
115.99
115.29
115.33
116.66
116.13
115.03
114.45
114.04
113.06
114.46
115.93
115.65
115.13
116.06
115.65
114.45
115.62
116.82
115.63
115.13
114.75
113.99
114.59
115.61
115.91
114.75
114.1
114.66
114.43
114.58
115.31
114.76
114.81
115.22
115.03
114.19
114.02
113.85
114.39
114.38
115.9
115.29
114.21
114.52
115.76
114.99
115.33
115.62
114.89
114.09
115.08
115.41
115
115.3
115.85
115.57
114.79
115.57
115.77
114.82
115.95
115.96
115.66
116.42
115.44
115.41
114.48
115.74
115.36
114.23
114.77
115.59
115.38
114.53
115.01
115.14
113.64
115.07
115.71
115.61
114.68
116
115.26
114.56
115.04
114.82
114.3
114.85
114.85
113.19
113.61
115.49
115.54
115.59
116.47
116.56
115.87
115.07
115.85
115.66
115.53
115.89
115.76
114.44
114.95
115.82
114.94
114.51
116.36
115.37
114.59
115.72
115.62
114.37
115.33
116.51
115.78
114.65
116.1
115.88
115.04
115.19
115.62
114.8
114.85
116.16
115.28
114
115.05
115.54
114.39
114.37
115.79
116.04
114.89
115.79
115.91
114.91
116.01
115.92
114.8
114.42
115.81
115.79
114.65
115.94
115.54
114.36
114.04
115.07
115.16
114.43
115.67
115.41
114.4
114.9
114.54
113.65
113.79
115.18
114.73
114.75
116.29
116.45
115.12
115.52
115.48
114.78
114.15
116.29
115.44
114.32
114.79
115.56
115.52
114.66
115.86
115.17
113.78
114.05
114.54
114.55
115.06
114.8
114.34
113.54
114.63
115.56
114.2
114.44
114.17
114.14
114.4
114.48
114.26
114.21
115.24
115.88
114.21
114.06
115.93
114.96
114.38
115.31
114.95
113.32
114.76
115.71
114.68
114.98
115.74
115.87
114.47
115.39
115.63
114.46
114.84
115.73
115.03
114.77
116.67
115.33
114.93
115.82
115.82
115.47
114.8
116.17
115.96
114.35
114.69
114.6
113.97
114.85
115.62
114.68
114.36
114.51
114.36
113.95
114.58
115.43
114.96
115.93
115.85
115.34
114.6
115.4
115.33
113.94
115.29
115.93
114.61
114.83
115.94
115.38
113.99
115.59
116.22
114.88
115.18
115.99
115.42
114.69
114.65
114.56
113.26
114.51
114.15
113.26
113.16
113.9
113.51
114.12
115.71
115.76
115.31
116.01
115.71
114.39
114.51
115.96
115.35
114.52
115.87
115.75
114.82
115.14
115.95
115.56
114.68
116.32
115.19
114.31
115.3
115.67
115.57
115.02
115.68
115.57
115.11
115.82
115.96
115.75
115.01
116.69
115.46
114.45
115.21
114.54
113.52
114.15
114.69
114.04
113.58
114.75
114.23
114.42
116.67
116.47
115.82
116.02
116.04
115.32
115.18
116.05
116.15
115.02
115.32
115.49
115.23
116.02
116.39
116.02
114.92
114.87
115.3
114.96
115.74
116.03
115.81
115.3
116.09
115.14
114.53
115.07
115.96
115.08
115.14
116.05
116.12
114.65
115.88
115.44
114.62
115.31
115.37
115.46
114.73
116.6
116.62
115.03
116.45
116.49
115.67
116.46
117.08
115.62
115.56
116.83
116.61
114.78
114.86
114.28
114.99
114.99
116.3
116.05
115.21
115.39
115.03
114.19
114.99
116.27
115.59
115.14
116.33
115.55
115.77
116.12
116.47
115.22
114.94
115.73
115.35
114.63
116.05
116.32
115.33
115.42
116.39
116
115.21
116.13
115.54
114.43
115.61
115.84
114.23
114.67
115.61
115.67
115.02
115.84
115.86
115.34
114.79
115.53
115.88
115.46
116.43
116.03
114.7
114.87
115.83
114.96
114.56
115.59
115.42
114.85
116.32
115.73
114.18
115.17
115.87
114.8
114.96
116.18
115.21
114.32
115.86
115.89
114.59
114.5
115.46
115.3
115.05
115.52
115.06
114.56
115.49
116.6
114.99
114.35
115.79
115.23
114.64
115.81
115.77
115.51
114.2
114.49
114.24
114.43
115.57
115.21
114.64
115.59
115.66
115.63
115.03
115.87
115.06
114.41
115.47
115.64
115.09
115.13
116.2
115.86
114.94
116.24
115.75
114.11
115.3
115.63
115.89
115.67
116.58
115.87
115.09
116.31
115.37
114.86
114.9
116.2
115.74
114.91
116.3
116.06
115.01
114.93
115.14
115.52
115.65
115.68
115.46
114.95
116.49
115.9
115.09
115.77
116.33
116.03
115.22
115.43
115.29
114.56
115.06
115.91
115.49
114.6
116.11
115.92
114.47
115
114.5
113.06
113.86
115.63
116.18
115.25
116.13
114.69
113.18
115.3
116.16
115.46
114.86
115.68
115.44
114.44
115.43
115.22
115.34
115.51
115.77
115.4
114.53
115.05
114.16
114.04
115.18
115.27
114.83
114.77
115.28
115.38
114.77
116.28
115.69
115.08
115.08
116.19
115.11
114.79
115.54
114.49
114.19
115.38
115.88
115.36
115.21
115.69
115.52
115.13
116.32
116.44
115.37
115.9
116.53
115.05
114.93
116.76
116.28
114.84
115.16
115.74
115.64
115.45
116.2
116.52
116.71
116.89
116.37
115.74
115.49
115.11
115.91
116.53
116.71
116.11
115.23
115.91
115.98
115.38
115.61
115.96
114.19
114.1
116.37
117.19
115.63
115.78
115.6
114.63
115.54
116.3
115.02
115.53
116.23
116.1
114.96
116.01
116.63
115.75
115.19
115.27
114.84
114.81
115.07
115.35
114.76
115.23
114.72
113.82
113.48
115.92
115.17
113.72
114.14
115.26
115.68
115.42
115.63
115.48
114.76
116.56
116.12
114.5
115.34
116.39
115.44
114.93
116.06
115.75
114.31
115.2
115.82
114.94
114.79
116.22
115.8
115.05
115.62
116.28
115.56
116.16
116.72
115.72
115.42
116.22
114.29
114.48
116.22
116.55
115.92
115.68
115.77
115.39
115.21
115.44
114.44
113.53
115.37
116.22
115.4
115.92
116.41
115.94
114.15
115.31
115.76
115.53
114.99
115.87
115.16
114.72
114.8
114.84
114.16
115.18
115.75
114.27
114.58
115.86
116.35
115.26
115.49
115.42
114.31
114.39
115.64
115.41
114.4
115.86
116.23
115.46
116.43
115.96
114.4
114.08
116
115.62
113.94
115.47
116.11
114.61
114.41
115.82
115.9
115.26
115.86
114.67
115.14
115.61
116.41
115.55
115.46
116.1
115.89
114.33
115.59
115.52
114.73
115.02
116.11
114.84
114.98
116.47
116.03
115.1
115.52
115.84
115.15
115.17
115.91
115.33
115.02
116.21
115.65
115.13
115.91
116.79
115.39
114.09
115.53
114.76
114.1
115.34
115.54
115.21
115.3
116.27
115.28
115.18
115.82
115.27
114.76
115.11
116.68
115.32
115.25
116.17
115.65
114.57
115.14
114.79
113.97
113.58
115.08
113.65
113.59
115.79
116.08
114.72
115.77
115.91
113.59
113.69
114.77
114.57
113.86
114.74
114.76
114.01
113.86
115.37
115.62
114.88
115.43
115.8
114.79
114.99
115.75
116.1
115.52
116.07
115.66
114.99
116.17
115.14
114.54
115.08
116.56
115.71
115.24
116.57
116.35
115.07
115.48
116.42
115.68
115.52
115.87
115.55
114.35
116.13
115.78
115.3
115.27
115.15
114.93
114.53
115.13
114.96
114.92
115.45
115.9
114.67
114.58
115.78
114.93
114.88
115.83
116.06
115.48
115.25
116.02
114.87
115.03
115.47
115.09
114.8
116.15
116.25
115.74
115.05
115.8
115.48
113.96
115.4
115.14
114.49
115.03
115.48
114.44
113.13
114.06
114.67
113.58
114.91
115.13
115.03
115.08
115.54
115.2
114.89
116.6
115.79
114.83
115.89
116.26
115.51
114.81
115.63
115.4
114.24
115.6
116.39
115.48
115.22
115.76
114.46
113.7
115.46
115.59
114.66
115.65
115.62
115.07
114.78
115.38
114.48
114.61
115.21
115.14
114.07
114.87
114.9
113.45
112.17
112.89
113.42
112.63
113.05
113.14
113.47
113.23
114.04
112.92
112.28
113.13
112.57
112.52
112.43
112.62
111.38
111.1
112.11
111.87
111
111.37
111.02
110.41
111.39
111.88
110.24
109.86
111.23
111.62
109.32
109.67
110.34
109.51
109.28
110.32
110.03
108.78
109.33
109.93
109.4
108.71
109.21
108.62
108.53
109.83
110.21
109.97
110.25
109.8
109.2
108.61
110.07
109.49
108.45
110.11
110.37
108.82
109.24
110.82
109.54
109.42
110.17
110.03
108.17
108.5
109.04
108.58
107.99
109.76
109.36
109.16
110.03
109.27
108.2
108.78
110.5
109.19
109.15
110.31
109.53
107.19
109.18
109.29
108.64
109.6
110.36
109.94
108.27
108.56
108.74
107.71
107.93
109.52
109.75
108.62
110.27
109.79
108.44
109.14
109.33
108.68
109.05
109.72
108.91
109
110.33
109.82
108.34
109.43
110.51
109.48
108.84
109.99
110.01
108.46
110
110.07
109.32
109.18
109.53
109.7
109.01
109.45
109.73
107.96
108.72
109.2
109.13
109.4
109.48
109.37
108.45
109.81
109.76
109.08
109.17
109.8
108.77
107.56
108.97
108.85
108.12
108.33
109.44
108.62
108.33
109.5
109.5
108.26
109.28
109.4
107.9
108.26
109.12
108.89
107.78
109.45
109.52
108.04
108.6
108.93
107.91
107.62
108.76
108.4
108.06
109.75
110.13
108.22
108.01
108.47
107.68
106.9
109.14
108.85
107.64
108.68
108.6
107.2
108.79
109.29
108.73
107.32
108.5
108.24
107.82
108.52
109.66
109.05
108.41
109.57
109.39
108.68
108.66
108.96
108.97
108.37
109.48
109.48
107.88
109.39
109.68
108.38
107.53
107.84
107.65
107.15
108.41
107.49
106.95
108.18
108.07
107.21
106.88
107.86
107.49
106.64
108.41
108.74
106.55
107.49
109.37
108.31
107.77
107.92
107.11
107.18
108.23
108.84
107.8
108.08
109.6
109.53
108.36
108.65
107.41
107.94
108.58
108.98
107.86
107.53
108.65
108.21
107.27
108.25
108.52
107.7
107.55
108.92
107.81
107.95
108.91
108.97
107.85
108.03
109.63
108.76
108.98
108.64
107.48
106.53
107.76
107.84
107.36
107.43
108.96
108
107.77
109.21
109.13
107.95
107.99
108.86
108.61
107.68
108.73
108.59
107.78
109.12
108.42
107.98
108.31
108.56
108.89
108
108.37
107.52
106.96
108.03
108.96
108.79
107.8
108.88
108.78
107.49
108.86
108.66
107.61
108.7
109.08
107.69
107.69
108.99
109.31
108.48
109.4
108.47
107.95
108.49
108.81
107.36
107.63
108.69
108.86
108.59
108.06
108.51
107.99
108.49
109.24
108.64
107.25
108.86
109.14
108.12
107.58
108.2
107.26
106.58
107.6
107.53
106.6
107.51
107.89
106.89
105.82
106.9
107.23
105.51
106.65
106.71
105.72
107.12
108.08
107.58
107.48
108.27
107.91
108.04
109.86
108.88
108.03
108.3
108.89
108.79
108.14
108.73
108.06
107.47
108.26
109.07
108.82
108.27
108.72
107.77
107.28
108.99
108.58
107.27
108.86
109.48
109.63
107.86
109.11
108.01
106.7
106.49
107.8
107.54
107.48
108.43
107.82
107.46
109.29
109.79
109.79
108.33
108.77
108.57
107.83
109.31
108.33
106.87
108.06
108.52
108.51
107.07
109.14
108.35
106.72
108.53
108.11
107.23
108.08
108.95
108.7
108.9
109.2
108.3
107.49
108.74
109.17
108.32
108.86
109.36
108.67
107.7
108.29
107.83
107.08
107.08
108
108.53
108.37
109.31
108.7
108.03
109.44
109.4
108.34
109.04
109.85
108.83
108.54
108.96
109.18
109.18
109.46
109.89
108.8
108.72
110.54
109.44
108.97
109.6
108.41
107.66
108.93
109.61
109.08
108.5
109.54
109.79
108.63
109.34
109.43
108.46
108.54
109.16
109.6
109.92
110.27
108.71
107.5
108.75
108.74
108
108.36
109.44
108.71
108.8
108.82
108.98
107.99
108.32
109.12
109.39
107.92
109.38
108.49
107.84
108.16
108.97
107.76
108.18
109.63
109.27
108.14
109.09
108.65
108.22
108.99
109.46
108.01
107.98
109.37
108.45
108.16
109.14
109.07
107.85
109.01
109.76
108.7
108.43
110.32
109.42
108.16
109.45
108.78
108.81
108.56
109.79
108.96
107.9
109.09
108.36
108.05
108.12
108.72
108.8
108.25
109.35
109.35
108.6
109.61
109.05
108.61
109.17
108.99
108.05
107.86
109.01
109.28
107.31
109.22
109.53
109.05
108.79
109.83
109.24
108.21
109.14
108.61
108.24
108.95
109.21
108.59
107.69
109.24
109.27
108.25
109.77
109.76
108.15
108.28
109.5
108.29
107.7
109.84
109.24
108.09
109.61
109.14
108.17
108.23
108.97
108.45
107.77
109.24
109.8
109.12
109.17
109.74
108.82
108.6
109.01
109.15
108.42
108.98
108.97
108.65
107.81
109.79
109.13
107.94
108.9
109.14
107.91
108.15
109.55
108.68
108.02
108.42
108.68
108.52
109.33
109.86
108.82
108.69
110.1
108.95
108.25
109.66
109.8
108.57
109.12
109.36
108.37
107.31
108.53
108.53
108.24
109.36
108.69
108.32
108.73
110.2
109.19
108.04
109.19
109.29
108.18
109.69
110.37
108.8
108.8
109.4
108.73
107.34
108.28
108.96
108.86
108.53
108.88
108.83
108.53
109.12
108.48
106.78
107.94
109.08
108.04
107.59
108.86
107.97
108.29
109.36
109.82
108.54
108.16
108.83
108.69
107.84
109.56
109.33
107.92
108.49
108.98
108.06
108.77
109.84
109.02
107.74
109.37
108.99
107.85
108.12
108.49
108.51
109.03
109.7
108.75
108.22
108.93
109.65
109.33
108.68
109.68
108.8
108.21
109.18
109.43
108.69
108.9
109.62
109.11
108.17
109.5
108.95
107.4
108.96
109.45
108.96
108.78
110.26
109.76
108.13
109.66
109.67
107.87
108.94
109.42
108.88
108.86
109.44
108.18
107.95
109.13
109.8
109.16
109.26
109.26
109.16
108.05
108.42
108.49
108.3
108.79
109.89
109.23
108.33
109.58
109
108.44
109.43
109.69
108
108.42
109.76
108.63
107.97
109.6
109.82
108.51
109
109.81
108.64
108.22
109.58
109.43
108.47
110.15
109.07
107.98
109.06
109.41
108.52
108.31
109.37
109.05
107.96
109.53
109.96
109.07
109.1
109.12
108.68
108.4
109.27
109.68
108.33
109.01
109.96
109.24
108.59
109.67
109.02
107.88
108.53
109.69
108.74
107.94
108.73
107.79
107.31
107.53
107.57
107.36
107.81
109.11
109.54
108.42
109.48
108.33
107.17
108.63
108.84
108.33
108.32
108.72
108.36
108.51
108.8
108.94
107.74
108.83
109.77
108.95
108.88
110.77
109.8
108.3
109.23
109.35
108.9
108.74
110.13
109.4
108.9
109.67
109.08
107.51
108.77
109.65
109.18
108.7
108.71
108.2
107.86
108.42
108.48
109
108.89
109.28
108.35
108.31
109.18
109
109.51
109.13
108.6
108.6
108.04
110.18
110.18
108.4
109.43
108.77
107.58
108.14
108.74
107.97
108.17
109.19
109.06
107.75
108.06
108.36
107.99
107.99
108.99
108.99
107.77
108.12
107.93
107.93
108.09
109.29
108.33
108.13
109.56
109.61
109.3
109.68
110.15
109.25
108.09
108.09
108.72
107.48
107.79
107.79
107.78
107.86
108.44
108.79
108.57
110.06
109.93
108.94
109.68
109.55
109.55
109.13
109.62
108.49
107.8
109.41
108.89
108
108
109.79
108.84
108.23
109.54
109.14
108.22
108.95
109.38
109.56
109.56
110.36
109.85
108.36
108.75
108.32
107.26
108.62
109.65
108.62
107.96
109.04
109.05
108.23
107.84
108.14
107.99
108.49
109.26
109.26
107.7
107.7
108.96
108.72
108.99
109.97
109.97
108.57
108.93
109.1
108.43
107.43
107.94
107.94
108.39
108.39
109.35
109.03
108.87
108.87
107.96
107.96
109.33
109.95
108.04
109.23
108.3
107.48
108.11
108.11
107.46
107.52
109.4
109.4
108.74
109.56
108.69
108.2
109.24
109.17
109.17
108.11
108.11
109.44
108.3
108.76
109.5
108.16
108.16
109.71
109.71
108.04
108.04
109.25
108.28
108.31
108.79
108.79
108.8
108.8
108.9
108.64
108.56
108.34
107.69
107.77
108.66
108.44
108.82
109.29
109.01
108.93
109.26
109.31
108.32
108.32
109.43
108.23
108.32
110.67
110.37
109.16
109.8
109.95
109.45
109.45
109.5
109.5
108.48
109.09
109.31
108.83
109.28
109.49
108.28
107.78
109.02
109.48
108.45
108.96
109.44
109.34
109.34
109.41
109.65
108.99
109.55
109.79
109.26
109.73
110.25
109.24
108.58
110.24
109.91
108.41
108.67
109.16
109.18
109.09
109.09
109.68
109.68
109.52
110.09
110.09
109.47
109.74
108.35
108.28
109.05
108.28
107.38
107.95
109.35
108.85
108.85
108.32
108.71
108.27
109.61
109.95
109.21
109.28
109.97
109.08
109.2
110.38
109.64
108.55
110.44
110.4
108.73
108.73
109.26
109.64
108.91
108.91
109.7
108.9
110.41
110.41
109.23
109.04
110.34
110.01
109.79
108.93
108.66
108.34
108.34
109.57
109.29
108.7
109.14
108.37
108.51
109.05
109.22
109.22
108.14
109.16
108.62
107.92
109.18
110.03
109.22
109.22
110.61
109.51
108.96
108.96
109.94
108.56
109.13
109.13
108.46
108.62
108.87
108.83
108.11
109.13
108.62
108.03
108.03
108.39
108.46
108.46
108.91
108.78
107.71
108.78
108.5
108.83
108.46
109.22
107.76
106.57
107.89
108.49
107.36
108.31
109.18
108.29
108.06
108.7
108.12
108.12
109.4
110.69
110.69
109.1
110.53
109.97
109.22
109.59
108.55
109.08
108.92
108.92
109.72
109.32
110.21
109.92
109.92
108.66
109.02
108.72
108.52
109.61
109.21
108.85
109.88
109.3
107.85
108.5
108.5
107.1
107.6
107.6
107.61
107.45
108.71
108.71
108.93
109.27
109.49
108.67
108.39
109.25
108.79
108.06
109.21
108.93
109.4
109.4
109.33
108.25
107.31
107.31
108.06
108.19
108.24
109.5
108.93
108.6
109.77
109.75
109.19
109.44
109.44
109.47
109.47
109.51
109.51
108.25
109.62
110.26
109.34
108.98
109.67
109.42
109.07
110.69
109.68
109.33
109.45
109.84
109.84
108.1
109.22
108.71
108.19
108.96
108.98
107.63
107.77
108.62
108.12
107.59
109.51
109.48
108.65
108.83
109.33
109.06
108.96
110.13
109.07
107.6
108.69
109.31
108.28
109
109.19
108.02
107.75
108.59
108.82
108.12
108.67
108.2
108.2
107.31
108.46
108.88
107.22
108.29
108.17
108.17
108.6
108.94
107.39
107.5
109.02
108.19
106.65
108.43
109.17
108.15
108.37
108.87
107.91
107.84
107.75
107.4
107.35
107.35
108.99
108.32
108.12
108.69
108.2
107.95
109.36
110.22
109.09
109.17
109.17
108.83
108.83
109.97
109.58
109.12
109.12
109.57
108.92
109.07
109.99
108.8
108.2
110.04
109.91
109.91
108.5
109.17
109.17
107.08
108.18
108.09
107.35
109.15
108.89
108.86
109.4
110.47
109.77
108.45
109.87
109.96
108.3
109.15
109.89
109.89
108.83
109.92
109.32
109.32
109.43
108.98
109.56
110.29
110.2
109.54
108.54
110.23
109.77
109.77
108.93
110.89
108.57
108.57
109.29
109.91
108.7
108.7
109.08
108
109.38
110.02
109.58
109.21
109.48
109.6
108.79
109.79
110.25
109.44
109.44
109.52
108.47
108.47
108.98
109.8
108.4
109.31
109.58
108.17
108.56
109.97
109.82
108.31
109.05
109.12
108.51
108.91
110.13
109.48
108.62
109.49
110.05
108.91
109.86
109
109.36
109.62
110.1
109.5
109.18
109.63
109.06
109.36
108.77
108.77
109.47
109.27
110.47
110.1
109.45
109.43
110.28
109.05
109.61
110.45
109.63
108.4
109.43
109.26
109.26
109.39
110.69
109.86
109.86
110.36
109.53
108.72
109.9
109.88
109.35
108.74
109.24
108.98
108.07
108.07
108.82
108.8
108.38
109.24
109.33
109.33
109.74
109.31
108.08
108.36
109.36
108.18
108.04
110
110
109.24
109.95
109.67
108.97
109.46
110.28
109.78
108.97
110.01
109.5
109.12
110.19
110.2
109.34
110.3
110.72
110.48
110.48
109.37
111.33
108.49
108.53
110.07
110.07
110.27
111.03
109.93
108.83
109.67
110.03
109.38
109.35
110.25
109.72
109.47
110.65
110.48
110.48
109.66
109.66
110.17
109.91
110.91
110.1
110.1
110.68
111.17
110.19
111.52
112.75
112.41
110.71
110.71
111.8
111.22
111.52
111.94
111.69
111.69
112.83
112.83
111.2
112.78
112.55
111.99
112.25
113.24
112.51
112.38
112.38
111.98
111.98
111.05
112.41
112.41
111.41
112.61
112.3
112.38
113.74
113.67
113.33
113.37
113.94
112.3
112.5
112.5
112.9
111.68
112.95
113.98
113.57
112.9
113.59
113.01
111.92
113.7
113.14
112.18
112.8
112.31
112.51
111.92
113.13
112.86
112.86
113.83
113.79
112.54
111.75
112.97
113.1
112.35
113.65
113.23
112.37
112.88
113.77
113.43
113.48
113.7
112.48
112.05
112.05
112.11
111.7
112.2
112.08
111.78
111.31
113.03
112.85
112.55
113.12
113.5
112.32
112
112
112.07
112.29
112.97
112.97
112.11
112.11
113.66
113.24
112.2
112.48
112.86
112.43
113.13
113.11
112.74
113.01
114.24
113.74
113.74
113.67
113.67
112.73
113.37
114.02
113.71
113.76
114.53
113.59
113.85
114.38
113.65
112.74
113.38
114.36
113.83
113.83
114.64
114.01
112.68
113.44
113.4
112.59
113.44
114.54
113.79
112.53
114.05
114.17
112.82
113.59
113.57
113.57
113.08
114.04
113.49
112.58
112.58
112.6
112.41
112.04
112.84
112.23
111.38
111.88
112.57
112.37
114.01
114.01
113.69
113.75
113.75
113.15
113.15
114.38
114.38
113.84
113.76
114.4
113.59
112.53
113.53
113.73
112.73
113.73
113.65
113.09
113.11
113.11
113.73
113.73
113.86
113.54
112.32
112.96
114.52
113.44
113.08
113.73
112.97
112.75
114.26
113.86
113.63
113.8
113.94
113.47
112.51
112.51
113.33
113.33
112.77
113.57
113.11
113.09
113.67
113.15
112.46
113.84
114.17
112.68
112.68
112.92
112.83
112.88
112.88
114.09
112.53
112.72
112.72
113.2
113.58
114.26
113.66
112.94
114.66
113.38
112.1
112.03
112.03
112.02
112.14
112.14
111.95
111.84
112.86
113.39
112.24
112.65
113.51
112.97
112.29
113.02
113.9
113.55
113.55
112.84
111.95
111.36
113.28
113.28
112.63
113.43
113.09
112.99
112.85
113.68
113.57
112.4
113.39
113.6
112.43
113.62
114.31
114.31
114.29
112.75
113.63
113.18
113.71
113.91
112.99
113.09
114.69
114.34
113.71
114.37
113.37
112.36
112.36
113.34
113.19
113.19
112.97
113.59
113.23
113.73
114.23
113.22
113.24
113.99
112.74
111.82
113.15
113.2
112.56
112.85
114.33
113.8
114.01
114.97
113.99
112.68
112.68
113.15
112.61
114.51
114.95
113.45
113.37
114.43
113.86
113.36
113.36
112.62
112.65
113.9
114.28
114.28
112.03
112.03
113.3
112.55
113.6
114.76
113.68
112.63
113.51
112.88
112.45
113.66
114.85
113.93
113.93
113.32
112.72
112.98
113.86
113.79
112.64
114.14
114.35
113.5
113.65
114.37
113.08
112.42
113.81
113.81
113.38
112.39
113.4
112.98
112.98
113.19
113.28
113.15
114.06
114.14
113.94
114.19
114.8
114.13
113.93
114.76
114.72
113.72
113.9
114.22
113.5
114.19
115.25
114.62
113
113.69
113.73
112.7
113.29
113.9
114.47
113.17
114.23
113.93
113.22
114.67
114.89
113.36
113.36
114.4
114.11
113.64
114.81
115.13
113.96
114.35
114.38
113.93
114.33
114.86
114.06
114.06
114.67
114.05
113.88
114.23
115.05
113.7
114.09
114.33
113.91
113.83
114.52
114.45
113.58
113.06
113.51
113.57
113.57
113.93
113.93
113.86
113.43
114.35
114.24
114.49
114.94
113.46
112.5
113.34
113.67
112.55
112.58
112.86
112.08
112.47
113.79
114.06
112.43
112.93
112.93
114.1
114.34
114.34
113.95
113.11
114.28
114.27
113.71
114.88
114.55
114.06
114.06
115.49
115.49
113.2
113.2
114.47
113.22
113.14
114.15
114.82
113.57
114.2
113.15
112.29
113.92
113.75
113.03
113.82
113.82
114.95
113.73
114.77
114.77
114.87
113.91
115.06
114.7
113.34
115.29
114.65
113.3
114.75
114.57
112.98
113.43
113.43
114.46
114.62
113.84
113.97
113.48
115.13
115.15
114.07
113.46
114.05
113.83
113.96
114.93
114.24
113.93
113.93
114.82
114.04
112.8
114.14
114.14
113.14
114.99
115.11
113.05
113.41
113.96
113.98
112.78
113.78
112.55
111.16
111.16
114.63
114.63
111.95
113.53
112.89
112.28
112.28
113.07
111.67
112.81
113.35
112.98
112.99
113.96
113.38
112.99
113.44
113.44
113.36
113.64
114.57
114.57
113.85
114.77
113.69
112.96
113.94
114.35
113.68
113.28
114.37
113.83
113.25
114.26
114.23
112.62
113.75
114.77
114.58
113.95
113.95
114.61
113.34
114.24
114.17
112.66
113.6
114.47
114.2
114.18
114.69
114.43
112.55
112.55
115.23
114.6
113.34
114.32
113.79
112.76
114.29
114.69
114.02
113.37
113.87
113.34
112.28
113.66
113.66
112.43
112.43
112.71
112.94
112.96
114.1
113.03
112.66
113.21
114.31
113.52
112.95
114.06
113.02
113.25
113.96
113.77
113.54
113.54
114.82
113.71
113.69
113.69
114.22
114.26
114.04
113.51
112.38
113.71
113.94
113.37
113.77
113.96
113.01
113.01
113.4
113.78
112.39
112.39
114.44
114.44
113.08
114.05
113.54
113.3
114.53
113.89
113.34
114.06
114.16
114.16
113.46
114.37
114.37
113.07
114.03
114.86
114.86
113.66
114.06
113.7
113.8
115.37
114.02
112.85
113.75
114.28
113.18
112.57
113.77
113.21
112.9
112.9
113.7
113.64
114.23
114.83
113.5
113.45
114.52
113.75
112.46
113.77
114.3
113.43
113.43
113.98
114.23
113
113
113.76
113.06
114.16
114.31
113.19
113.29
114.47
113.67
113.37
114.54
115.01
113.59
113.59
113.88
113.55
113.58
113.58
114.05
113.02
113.34
113.7
113.2
113.68
112.96
112.75
113.16
114.74
113.9
113.74
113.74
113.03
112.45
112.45
112.9
113.73
114.04
114.04
114.62
114.31
113.32
114.54
113.07
112.62
114.74
114.18
113.25
113.96
113.39
112.95
112.95
114.28
113.01
113.01
113.51
113.39
113.14
113.63
113.71
113.44
113.09
114.58
114
114
113.81
113.81
113.12
113.12
114.6
113.92
113.92
114.64
114.64
113.24
114.41
114.37
113.83
113.9
114.13
114.09
112.57
112.7
113.63
113.63
113.91
114.64
113.5
113.5
113.93
113.86
112.17
113.11
113.59
113.1
113
113.73
112.92
111.87
111.87
113.98
113.98
113.85
113.84
113.84
112.85
113.57
113.57
112.73
113.98
113.9
113.21
113.86
114.06
113.08
113.05
114.56
114.79
113
114.74
114.74
114.12
113.63
114.22
113.33
112.12
112.85
112.67
113.2
113.86
113.78
113.32
112.81
112.81
112.59
111.04
111.04
113.09
113.09
112.2
112.94
113.56
112.65
113.66
112.8
111.9
113.24
113.24
112.91
111.19
111.19
113.16
111.94
113.95
113.46
113.46
113.96
114.43
113.51
113.15
114.92
114.78
113.26
114.07
113.46
112.14
112.83
114.01
112.75
112.75
112.81
112.81
112.4
113.08
113.08
112.26
113.84
114.84
113.7
113.41
114.23
113.49
112.69
113.34
113.34
112.67
112.67
111.93
113.31
113.66
113.66
113.62
113.77
113.77
113.47
112.95
112.8
114.04
113.97
112.25
113.89
115.17
113.98
113.6
113.6
114.14
113.52
114.6
114.44
113.31
113.38
114.58
114.26
113.91
113.97
113.58
112.47
114.15
114.19
114.19
113.22
112.96
113.41
112.7
112.7
113.82
113.82
114.54
114.06
112.38
112.38
114.76
113.58
112.85
114.29
114.57
114
114.09
114.11
114.11
111.85
111.85
114.13
113.85
114.47
114.35
114.24
113.35
113.22
113.55
113.4
114.14
114.15
114.15
113.1
114.66
114.66
112.99
114.39
114.45
114.45
113.33
114.09
113.72
112.59
113.59
113.41
112.42
113.63
114.21
112.71
113.53
113.8
113.8
114.33
114.33
113.37
113.18
113.22
114.48
113.36
113.79
114.25
114.09
113.61
114.56
114.36
112.99
113.97
113.99
112.94
112.94
113.33
113.18
113.18
112.4
113.81
112.6
113.39
113.25
112.19
112.76
113.15
112.65
111.89
112.87
111.29
111.29
111.87
113.74
113.42
113.42
113.98
113.66
113.01
113.73
113.82
113.09
113.86
114.84
113.56
113.01
114.48
114.48
112.67
112.59
112.37
111.45
111.45
113.22
112.98
112.85
112.39
111.82
111.15
111.76
113.08
112.38
111.31
111.31
113.18
113.4
113.15
113.73
113.28
113.54
113.54
113.43
113
114.36
114.27
113.98
113.61
114.64
113.36
113.47
113.47
113.82
112.78
112.78
114.16
113.39
113.75
113.75
114.29
112.96
114.05
114.4
114.13
114.89
114.97
113.91
113.2
113.2
113.79
112.62
112.62
113.44
114.28
114.28
115.09
113.45
112.37
113.47
112.76
111.65
113.72
114.25
112.79
112.42
113.08
112.92
112.92
113.4
113.4
112.52
113.1
113.9
113.25
111.99
112.42
112.65
111.88
112.53
112.18
112.31
113.04
113.74
113.88
112.21
113.31
113.5
112.75
112.75
113.47
112.55
112.44
113.18
113.42
112.91
114.02
113.25
112.21
112.62
113.06
113.84
113.18
113.18
113.62
111.57
112.94
113.77
112.12
111.98
113.1
113.12
112.63
112
112.23
112.71
112.75
112.62
111.24
111.94
111.94
113.04
111.28
112.08
112.89
112.51
112.79
113.44
113.97
112.38
113.47
112.95
112.12
112.6
113.31
113
112.35
113.81
113.15
113.15
113.12
113.12
113.49
113.28
113.46
113.09
112.02
112.64
113.06
112.95
113.64
113.43
112.29
113.09
113.89
112.54
111.73
112.71
112.71
110.23
112.06
112.87
112.55
112.51
113.17
112.18
111.98
112.82
113.71
112.75
112.74
114
114
113.74
113.63
113.14
112.2
113.48
114.48
113.99
113.63
113.98
113.68
112.53
112.78
113.41
112.41
112.88
113.77
113.74
113.74
112.28
113.6
113.76
113.33
114.38
113.44
112.5
113.21
112.93
112.63
113.54
113.06
112.88
113.26
113.26
113.61
112.91
112.91
114.92
114.92
113.47
113.62
112.91
113.29
113.87
112.9
111.97
113.36
113.46
112.62
113.87
113.87
112.97
112.38
113.01
112.59
112.59
112.49
114.22
112.9
113.42
114.2
113.29
112.58
114.32
113.24
111.92
111.92
113.41
113.41
112.29
112.29
113.17
112.34
112.99
113.42
112.75
112.59
113.41
113.75
112.64
112.78
112.93
112.84
113.3
113.08
112.93
112.51
113.04
113.04
112.67
112.82
112.49
111.64
112.42
112.73
111.42
110.71
111.87
111.77
111.37
112.24
112.89
112.64
112.64
113.51
112.63
112.63
111.68
111.76
111.43
112.4
113.67
112.35
112.09
113.97
114.16
112.67
113.47
113.62
112.51
112.7
113.55
113.66
112.1
113.1
112.99
112.13
113.14
114.09
113.6
113.36
113.6
113.19
112.59
112.78
112.78
112.27
112.78
113.28
112.9
111.74
112.99
113.14
112.77
113.78
114.42
112.9
112.4
113.46
112.54
111.7
112.88
112.88
113.37
113.37
113.1
112.7
112.46
112.89
112.62
111.96
112.36
112.85
112.57
112.63
113.59
112.74
112.34
113.26
113.39
113.39
112.63
113.44
113.44
113.65
114.03
114.03
111.58
112.92
113.53
112.51
112.08
112.99
113.29
112.6
113.69
113.35
112.84
113.39
113.65
112.56
111.83
112.76
112.11
112.15
112.81
113.86
112.54
111.7
112.57
112.64
112.21
112.75
113.05
111.31
112.19
113.31
113.31
112.11
112.11
114.06
113.17
112.86
112.89
112.76
111.9
113.07
112.16
111.85
113.08
112.78
111.59
112.82
112.82
113.8
113.02
113.02
113.52
113.16
113.33
113.59
113.21
112.61
113.2
113.31
112.46
114
113.34
113.34
112.42
112.99
112.6
112.6
113.23
113.18
112.43
113.36
113.64
112.59
112.24
113.25
113.65
112.73
113.05
113.27
112.21
112.21
112.43
112.72
111.91
112.56
113.72
112.64
113.31
113.39
112.34
112.65
114.16
113.2
112.24
113.94
113.52
113.52
112.88
113.5
113.5
112.65
112.23
113.75
112.49
113.81
113.7
112.84
113.63
114.55
113.06
112.3
113.53
113.49
112.77
113.21
113.21
111.68
111.68
111.98
113.03
112
112.79
111.37
111.89
112.58
113.28
112.74
112.31
113.82
113.17
111.21
111.97
113.74
113.74
113.4
113.4
112.99
112.31
113.71
114.13
113.17
113.48
113.64
112.85
113.21
113.95
112.82
112.82
114.04
114.04
112.91
112.95
114.31
113.96
112.66
113.56
113.11
112.48
112.72
112.87
112.24
112.47
114.09
113.42
112.51
113.81
113.19
113.19
113.3
113.86
113.86
113.15
113.43
112.18
112.46
113.11
113.41
113.25
113.07
114.2
113.82
112.37
113.32
113.53
112.04
112.04
112.4
111.41
111.41
112.7
113.17
112.21
112.23
112.56
111.86
111.76
112.67
111.94
110.65
110.65
113.36
113.36
112.57
112.57
111.59
111.59
112.78
112.03
110.41
111.51
111.94
111.48
111.15
112.48
111.95
111.48
111.48
112.33
112.65
112.65
112.91
112.23
112.23
113.07
112.83
112.05
113.05
112.44
111.84
112.14
114.46
113.48
112.03
113.23
113.06
111.84
111.93
111.93
110.85
110.83
111.84
112.71
112.03
113.07
113.44
112.23
112.68
112.81
113.03
113.09
113.74
113.74
113
113.52
112.85
111.78
111.78
112.93
112.74
112.64
113.92
113.99
112.24
112.44
112.87
112.79
111.7
112.75
112.91
111.4
111.4
111.46
111.23
111.23
112.11
111.19
111.01
112.17
112.62
111.62
111.98
112.35
111.11
110.48
111.93
111.93
111.21
112.38
112.38
110.82
111.25
112.12
112.28
112.11
113.54
112.76
111.54
112.46
111.66
110.83
111.08
112.68
111.37
111.22
111.22
113.28
112.63
112.82
112.86
112.55
112.96
113.49
113.24
112.65
112.45
112.72
111.42
112.19
113.93
113.93
113.23
113.13
113.13
112.46
112.49
113.14
112.52
112.44
113.22
113.07
112.07
112.23
111.99
111.12
111.51
112.83
112.39
112.09
113.06
112.75
111.29
112.46
112.46
112.47
111.08
112.13
112.37
112.07
112.91
112.41
111.98
112.95
114.65
114.65
113.5
113.2
113.2
112.76
113.77
114.29
113.19
113.46
114.17
112.74
112.39
113.65
113.14
112.37
113.19
113.42
113.42
113.06
112.83
113.14
113.14
112.51
112.44
112.77
110.63
112.58
111.93
110.74
111.43
111.86
111.77
112.53
112.83
112.23
112.11
113.99
113.99
112
113.52
113.31
112.94
112.31
113.03
112.36
111.14
112.53
113.42
112.9
113.28
113.84
112.31
112.31
111.79
112.93
113.32
113.78
113.78
111.99
112.15
112.82
111.82
111.72
112.76
111.84
111.69
111.85
112.57
111.5
111.2
112.6
111.85
111.85
111.62
113.07
113.07
112.34
112.94
111.97
112.77
113.87
113.28
111.51
112.89
113.75
112.62
111.94
111.94
112.97
112.12
113.73
113.06
112.61
112.7
113.03
111.83
111.7
112.82
111.99
110.97
111.34
111.6
111.87
111.45
111.45
111.75
111.75
111.09
111.79
112.02
111.43
112.2
111.67
111.05
111.67
111.82
111.76
112.3
112.45
112.84
112.84
113.02
112.69
111.73
111.73
112.3
110.52
111.72
113
112.4
112.35
113.51
112.75
111.19
112.09
112.87
112.31
112.31
113.21
112.04
112.04
112.14
112.4
111.87
112.54
112.08
112
112.22
113.49
111.83
112.01
112.87
112.6
111.67
111.67
113.04
112.74
112.74
112.5
112.67
112.27
113.81
113.64
113.08
112.18
113.02
110.94
110.96
112.32
112.83
111.76
111.76
112.16
111.23
111.02
112.28
112.28
111.65
112.61
112.17
111.1
111.74
112.38
112.56
112.47
112.72
112.13
111.93
112.77
112.77
111.69
111.69
111.91
111.91
110.64
111.38
112.42
110.89
111.03
112.06
111.76
111.6
112.56
111.89
111.17
112.05
111.75
111.48
111.25
111.25
111.24
111.47
112.34
112.6
111.78
111.39
112.48
112.56
112.21
113.44
112.97
111.52
111.52
112.82
112.94
112.71
112.88
111.57
112.03
112.03
113.17
111.67
112.15
112.98
112.95
112.58
112.86
112.29
112.2
113.32
113.83
113.83
112.13
113.47
112.05
111.01
111.01
113.99
113.13
112.95
113.15
112.97
111.89
112.53
112.33
111.4
113.27
113.27
113.83
112.64
112.64
112.86
111.86
112.16
112.6
112.91
113.91
114.42
113.82
112.81
113.82
113.01
112.27
113.97
113.97
112.77
112.77
112.98
113.05
112.73
113.91
113.57
113.57
113.11
112.93
112.1
112.62
113.93
113.62
112.33
113.18
113.46
113.13
113.13
112.79
111.6
111.48
113.17
113.33
112.2
113.76
113.48
112.98
112.21
113.39
113.29
112.75
113.82
113.9
111.79
111.79
112.54
112.28
112.07
113.47
113.72
112.85
113.45
113.54
112.8
112.61
114.08
113.3
111.85
113.1
113.83
112.17
112.17
113.25
113.19
112.45
114.02
113.06
112.18
113.18
112.85
112.21
112.71
113.15
112.72
112.11
113.21
112.83
112.17
113.44
113.44
112.75
112.54
113.49
113.57
113.37
114.09
113.07
111.87
112.61
114.34
113.28
113.29
113.64
112.55
112.06
113.14
114.09
113.2
113.96
115.17
115.06
113.98
114.25
113.7
112.54
113
113.34
113.28
112.28
113.46
113.54
112.48
112.48
112.54
112.28
112.28
113.9
112.79
112.69
113.79
113.78
112.23
113.16
113.55
112.99
111.92
114.25
113.06
112.25
112.25
113.17
112.34
112.34
112.22
112.67
112.35
113.58
114.24
113.14
113.14
112.85
112.25
112.06
113.63
113.41
113.25
113.25
114.2
114.39
113.7
113.42
112.96
112.19
112.99
112.77
113.03
114.8
114.63
112.98
113
114.47
114.47
112.3
113.49
113.56
113.08
113.63
113.86
112.58
112.86
113.64
113.06
112.77
113.46
113.83
112.91
112.12
113.12
112.2
112.91
113.37
112.69
112.63
112.63
113.61
112.29
112.63
113.63
113.75
113.06
114.13
114.64
113.02
113.1
113.95
113.47
112.6
113.77
113.77
113.59
112.62
114.11
114.11
113.22
114.18
113.66
112.54
113.95
113.63
112.95
113.03
112.75
112.96
112.27
113.54
113.54
113.45
113.05
112.88
112.71
113.8
114.03
112.58
112.09
113.35
113.01
112.76
113.47
114.54
113.13
113.96
113.96
113.55
112.26
112.26
113.9
112.83
112.83
113.24
113.35
111.69
113.35
112.87
113.15
113.93
113.45
112.83
112.72
113.85
113.91
112.42
112.66
112.66
112.53
113.32
113.39
112.97
112.15
112.84
112.99
112.88
113.61
113.76
113.25
113.21
113.21
113.56
112.87
112.87
113.73
113.88
113.37
114.14
113.12
113.17
114.07
113.6
113.06
113.78
113.68
113.34
113.41
113.74
113.74
113.08
113.98
113.55
112.32
113.8
114.05
113.13
112.99
113.1
112.82
112.07
112.86
112.82
112.05
113.19
113.42
112.81
112.81
112.64
113.44
113.44
112.24
113.52
112.04
112.5
113.78
113.19
112.86
113.86
113.12
112.18
112.46
112.73
112.85
112.17
113.62
112.7
112.7
114.45
114.36
112.52
113.2
113.07
112.51
113.51
114.75
113.79
112.55
113.03
113.07
113.03
112.82
112.82
112.41
112.41
112.69
113.96
113.36
113.33
113.94
113.51
113.02
113.63
112.34
113.13
114.37
114.4
114.22
113.61
114.09
112.85
112.85
112.8
113.75
112.3
113.29
113.87
113.18
113.53
114.68
114.29
113.27
113.38
113.73
112.69
112.84
112.84
113.76
112.77
113.95
113.69
112.81
112.88
114.16
113.07
112.69
113.18
113.23
112.31
113.51
112.36
111.49
112.03
112.03
113.42
113.42
113.87
113.29
112.5
113.28
113.37
112.78
112.08
113.29
112.75
112.14
113.51
113
112.02
113.12
113.01
113.01
111.99
111.63
111.98
112.36
112.99
114
112.68
112.23
113.42
112.63
110.66
112
113.41
112.93
112.96
113.55
113.04
113.04
111.81
112.88
111.91
112.89
113.01
112.45
112.4
113.59
112.78
112.31
113.94
113.68
112.94
112.94
112.82
112.27
112.27
112.46
113.22
111.73
112.87
113.76
112.63
112.74
113.97
113.04
112.85
113.31
112.44
111.4
111.4
113.07
113.67
112.81
112.08
113.48
111.47
113.15
112.84
111.37
110.96
112.03
111.52
111.56
112.16
111.49
110.35
111.21
113.03
112.73
112.33
113.42
113.42
110.72
112.82
112.91
112.68
112.77
112.77
112.18
112.31
113.95
113.36
112.74
113.22
112.85
113.25
113.25
113.94
112.92
111.7
112.86
113.44
112.14
112.23
112.79
112.12
113.26
113.93
112.28
111.52
111.52
112.03
111.66
111.8
111.8
112
112.08
112.69
112.23
111.52
113.15
113.74
111.44
112.23
113.47
112.66
112.97
112.63
112.63
112.33
112.14
114.03
114.03
113.14
113.58
112.71
111.63
112.41
113.1
112.17
112.21
113.84
113.7
112.4
113.03
112.86
112.86
112.59
113.3
113.3
112.56
113.7
112.77
112
113.36
112.93
112.51
112.85
113.39
112.47
112.42
113.09
112.67
111.44
112.6
112.6
113.05
112.8
113.43
112.81
113.37
114.5
114.05
112.16
112.91
113.28
113.01
113.25
113.12
113.05
112.23
113.38
113
112.56
112.78
113.34
112.62
112.52
114.02
113.26
112.42
113.32
113.67
112.75
112.9
113.61
112.39
112.27
114.2
113.94
111.55
111.55
111.25
111.72
111.08
112.47
112.88
112.44
112.75
113
112.36
112.91
113.51
112.41
111.52
112.59
113.07
112.03
112.03
114.02
112.62
112.4
114.27
113.28
112.09
113.49
113.69
113.23
113.7
114.46
114.46
113.77
113.84
112.99
112.38
112.98
113.07
112.93
113.28
114.28
113.27
112.53
113.31
113.99
113.44
114.29
114.27
113.46
113.46
114.04
112.92
111.85
111.85
113.1
112.63
112.83
113.26
112.72
111.48
113.43
113.07
111.5
112.71
113.59
112.84
112.43
112.56
112.56
112.53
113.4
113.4
113.26
113.33
114.81
112.65
111.95
112.56
112.66
111.49
113.39
113.93
113.93
112.73
113.03
112.82
112.52
113.62
112.8
111.69
112.26
112.63
112.74
113.82
114.05
112.99
111.91
113.53
113.36
112.72
112.59
112.59
113.11
112.14
112.75
112.75
112.31
112.16
113.39
113.04
112.5
113.73
113.18
112.72
114.3
114.43
112.13
112.52
113.8
113.8
112.51
113.52
113.21
112.91
113.19
112.97
112.61
112.23
113.1
113.5
112.57
112.93
113.25
112.74
112.74
113.8
113.72
113.09
114
113.51
113.03
113.49
113.98
112.75
112.36
113.98
113.48
113.35
114.39
113.55
113.18
113.97
114.98
114.98
113.91
113.92
113.1
112.58
113.94
113.64
113.26
113.39
114.3
113.4
112.45
112.88
113.46
113.1
113.88
114.09
113.4
113.4
113.98
113.98
112.68
113.33
113.58
112.95
113.77
114.27
113.21
112.26
113.11
113.16
112.76
112.76
113.72
112.62
112.62
113.07
114
113.11
112.7
113.43
112.76
112.6
113.23
113.4
112.03
113.54
112.91
112.11
114.08
113.91
112.83
112.83
113.51
112
112.22
112.98
113.43
111.8
112.14
113.51
113.07
112.3
113.4
113.36
112.69
113.67
113.98
112.79
112.96
112.96
114.25
113.58
113.63
113.35
112.25
112.64
113.81
113.29
113.17
114.08
113.65
113.13
114.5
113.33
113.33
112.6
112.6
113.82
112.99
113.39
113.83
113.33
113.91
114.05
112.97
112.59
113.64
113.73
113.17
113.86
113.86
113.4
113.17
114.78
113.99
113.99
114.17
113.31
113.03
113.76
114.37
113.81
113.47
114.8
113.94
112.93
113.45
113.42
113.46
113.56
113.56
113.87
113.05
113.98
113.68
112.5
114.03
113.92
113.31
112.97
114.17
113.53
112.56
113.46
113.57
112.86
113.54
113.75
112.84
112.84
113.95
112.75
111.91
112.84
113.79
112.96
112.77
113.17
113.24
113.02
113.43
113.43
112.96
113.01
113.01
112.79
111.76
113.31
113.52
112.44
113.62
114.05
112.58
112.62
113.64
113.01
111.93
113.76
112.8
112.48
114.1
114.1
112.37
111.59
112.36
112.36
112.39
112.74
113.97
112.91
112.56
113.58
113.37
112.23
112.55
113.04
112.99
113.43
113.43
113.27
112.94
112.94
112.59
111.7
113.34
113.01
112.3
112.38
112.77
112.03
112.41
113.74
112.12
112.11
113.3
113.05
113.05
112.1
113.31
111.47
110.87
112.16
111.91
111.88
112.58
113.98
113.22
112.05
113.13
113.18
112.11
113.37
113.63
112.31
112.31
114.29
113.86
113.29
114.11
113.46
112.19
112.91
113.6
112.78
112.88
114.37
113.29
112.77
113.72
113.2
113.2
112.36
113.95
113.8
112.61
113.59
113.81
112.83
113.45
114.8
114.04
112.83
113.28
113.06
113.2
114.09
113.83
113.83
112.88
113.4
113.05
112.4
113.45
113.28
112.64
112.84
113.37
112.82
112.53
113.2
113.35
112.08
112.22
113.31
113.31
112.47
114
113.98
113.32
113.32
113.51
112.04
113.26
113.23
113.16
113.05
113.81
113.5
112.94
114.1
113.86
113.86
112.51
113.46
113.3
113.82
114.46
113.43
112.21
113.52
113.76
112.35
112.85
113.87
112.67
111.94
111.94
113.56
113.56
111.89
112.96
111.9
111.58
113.34
113.78
113.3
113.83
113.42
111.87
111.87
113.59
113.03
112.52
113.87
113.78
113.78
112.8
114.35
113.21
112.5
113.59
112.88
111.99
113.32
114.35
112.94
113.4
114
114.02
112.55
113.78
113.26
113.26
113.18
113.39
113.39
113.2
114.44
114.03
113.56
113.81
113.84
112.97
112.65
113.29
113.39
112.95
113.75
113.07
112.71
112.71
113.52
114.08
111.69
113.51
112.94
112.78
114.07
114.39
113.05
113.2
114.93
113.7
112.74
113.25
113.25
113.92
113.17
113.37
113.03
112.75
113.96
112.94
113.52
113.69
114.07
113.26
113.32
115.14
113.37
112.24
113.65
113.38
113.38
112.19
114.16
114.9
113.55
114.19
114.69
113.43
113.76
113.52
112.79
114.04
114.55
114
113.38
114.57
113.93
112.15
113.1
113.68
113.19
113.81
113.62
113.18
112.59
113.6
112.76
111.76
112.43
112.84
113.3
112.9
112.9
113.48
113.88
113.08
113.17
112.87
113.84
114.09
113.69
113.58
114.45
113.75
112.42
113.39
113.12
112.54
111.99
113.26
113.26
111.62
112.86
112.86
113.67
112.44
113.43
112.69
112.62
112.98
112.47
112.19
113.75
114
112.88
113.57
114.55
114.55
113.44
113.44
114.15
112.97
112.97
113.85
113.88
113.34
115.1
114.21
112.26
113.43
113.34
112.85
112.82
112.82
113.16
113.09
114.65
114.65
113.92
114.06
114.27
113.48
112.54
113.31
113.27
112.91
113.66
113.98
114.1
113.91
114
114
113.14
113.74
113.6
112.77
113.22
113.49
112.65
112.5
113.39
112.76
112.15
113.25
114.08
112.82
113.28
113.28
113.22
113.22
114.07
113.67
113.43
114.2
114.05
113.41
113.14
113.39
113.35
113.06
113.68
114.29
113.8
113.99
114.23
114.23
113.36
114.63
112.81
113.47
114.09
115.31
114.42
114.26
114.23
113.39
113.01
113.92
113.92
113.13
113.47
113.79
112.93
112.44
113.8
113.47
113.47
113.42
114.52
113.78
112.84
114.32
113.92
113.61
114.64
113.96
113.15
114.19
114.89
113.33
112.7
114.64
114.64
113.59
112.85
114
113.32
112.89
112.61
113.85
113.07
114.06
113.21
111.58
113.23
113.86
113.24
112.92
114.82
114.82
113.17
113.17
113.99
112.93
113.48
114.07
113.57
112.81
113.48
114.08
113.22
113.29
113.89
113.06
113.35
113.35
113.8
113.61
114.05
114.14
112.6
113.28
114.14
112.98
112.69
114.65
114.33
113.45
114.37
114.19
113.98
113.66
114.53
114.04
113.06
114.85
114.25
111.97
113.35
113.61
113.33
112.69
113.55
112.86
111.97
113.46
114.43
113.04
112.98
113.7
112.44
112.1
113.38
113.56
112.08
113.11
114.51
113.81
113.64
113.93
113.06
112.52
113.5
114.21
112.7
113.2
113.95
113.21
112.98
112.98
114.04
112.86
113.23
112.84
112.45
112.96
113.55
113.04
112.93
113.73
113.46
113.46
113.16
113.26
112.79
112.45
112.45
113.71
113.26
114.11
113.77
113.27
113.45
114.25
113.18
112.38
113.61
113.6
113.6
113.57
113.96
113.85
113.09
113.96
114.26
113.11
114.03
114.26
113.65
113.66
114.91
113.85
113.02
113.92
114.06
112.73
112.73
114.65
114.45
113.2
113.2
113.21
112.01
113.03
113.31
113.18
113.54
114.34
113.61
113.01
114.07
114.08
113.22
113.22
113.86
113.86
113.14
113.14
113.88
113.24
114.59
113.87
113.03
113.52
114.74
113.25
112.96
114.86
114.41
113.45
113.63
114.03
113.21
113.38
114.23
113.43
113.43
113.48
112.76
112.87
113.14
113.42
113.39
113.07
113.15
112.83
112.1
113.9
113.57
112.31
112.94
113.66
113.66
112.66
113.76
113.78
112.76
113.41
113.96
112.73
112.78
114.16
113.59
113.3
113.52
113.82
112.61
113.25
113.25
114.58
113.31
114.14
113.66
112.77
114.21
114.24
113.62
112.72
113.04
113.19
113.05
114.29
114.29
113.6
112.58
113.39
113.39
113.74
114.13
113.42
112.25
113.42
113.65
112.63
112.86
113.79
112.2
112.4
113.55
113.69
112.29
112.5
113.14
113.14
113.8
114.03
112.74
111.54
112.84
113.47
112.86
112.74
113.48
113.2
111.77
112.49
112.52
112.56
113.15
113.15
113.65
113.02
113.53
113.27
111.83
112.52
113.45
112.29
112.54
113.39
113.55
113.05
113.93
113.93
113.26
113.72
114.37
113.39
113.39
114.2
113.27
112.51
113.51
113.25
112.54
112.43
113.25
113.04
112.05
112.75
112.33
112.33
111.11
114.17
114.17
113.3
113.73
113.35
113.39
114.27
113.4
112.2
113.45
114.52
113.39
113
113
113.83
113.83
112.58
114.15
113.42
113.31
114.03
113.63
112.67
113.81
113.74
113.22
113.94
114.78
113.7
112.73
113.88
113.88
112.68
112.94
113.49
113.49
113.5
114.34
113.6
112.78
113.72
113.91
112.76
113.5
114.03
113.11
113.81
114.46
114.46
113.45
114.92
113.71
113.4
113.4
113.84
112.75
113.07
114.14
113.37
113.04
114.12
113.18
113.07
114.31
115.28
113.93
113.93
113.8
113.37
112.1
113.63
114.19
113.09
112.31
113
112.7
112.24
113.93
113.45
112.42
114.19
114.46
113.43
112.45
114.6
114.48
113.63
113.63
114.57
114.2
113.21
114.05
113.31
112.98
113.33
112.49
112.2
112.57
113.31
112.43
112.26
113.25
113.25
113.64
114.99
115.03
113.9
113.38
113.82
113.71
113.55
114.32
113.67
112.67
113.34
113.53
112.83
112.83
114.31
114.31
111.84
111.84
114.18
114.07
113.72
113.8
113.2
112.76
113.77
113.48
112.34
112.65
114.11
113.22
113.22
113.89
113.89
112.86
113.72
113.72
113.43
113.43
114.31
113.17
112.63
113.84
113.62
113.05
113.91
113.98
113.23
112.35
113.49
113.49
112.99
113.52
113.6
113.11
113.42
114.42
113.07
112.96
114.11
113.58
112.08
112.99
113.87
113.39
114.35
114.68
113.79
113.79
112.81
113.64
113.64
113.61
114.39
113.69
113.6
114.31
113.15
112.47
114.04
114.15
112.73
112.47
112.47
113.4
113.41
114.61
114.61
112.82
113.66
114.34
113.7
112.48
112.58
112.69
112.81
113.69
114.57
113.31
113.1
113.1
114.1
113.42
113.79
113.54
112.34
112.99
113.45
112.88
112.91
113.07
113.17
112.39
112.88
113.05
112.04
113.47
113.34
112.66
112.66
113.65
113.91
113.91
113.16
113.74
112.79
112.3
113.59
113.31
113.23
113.97
113.49
112.71
112.9
112.9
112.66
113.15
114.32
113.5
112.34
113.94
114.06
112.54
112.47
114.24
114.04
113.01
113.65
112.88
112.89
114.33
114.33
113.65
113.4
114.77
114.92
114.92
114.47
113.87
113.09
113.52
114.7
114.14
114.29
115.14
113.31
113.06
113.62
113.62
113.82
112.56
114.03
113.47
112.99
113.95
113.18
113.15
113.28
114.35
112.99
112.44
113.9
113.36
112.72
113.49
114.22
114.36
113.58
114.02
113.36
113.36
113.75
114.25
112.77
112.09
113.68
113.43
113.16
113.64
113.54
113.03
113.65
113.65
112.76
112.93
113.97
113.06
113.22
114.64
114.17
112.83
113.34
114.2
113.21
113.21
115.28
114.36
113.07
113.51
113.78
112.73
112.73
113.74
113.23
112.86
114.38
114.06
113.04
113.48
113.91
113.72
113.48
114.29
113.46
112.21
113.07
113.93
112.5
112.5
113.22
114.41
112.78
113.35
114.06
113.45
113.92
114.02
113.17
112.61
114.1
113.63
112.72
113.71
113.54
113.54
112.71
112.92
112.34
111.65
113.87
113.63
112.85
114.06
114.26
113.34
113.06
113.69
113.15
112.51
113.1
113.43
113.55
113.55
113.46
113.5
112.68
113.72
113.63
112.56
113.07
113.25
113.56
114.03
113.67
113.23
112.07
113.42
112.65
112.08
113.12
114.39
114.39
113.45
114.06
113.43
113.2
113.01
113.62
111.96
112.52
114.91
113.9
112.39
113.96
114.11
113.05
113.05
113.8
113.04
112.58
112.58
113.07
112.44
114.23
114.33
114.23
113.85
113.72
112.75
112.98
113.93
113.42
112.72
113.68
114.28
114.28
113.17
113.17
113.76
113.29
114.49
113.75
113.12
113.59
114.01
113.06
112.97
114
113.95
112.48
112.48
113.8
113.31
112.87
112.87
113.63
113.22
113.95
113.11
112.72
113.32
113.36
112.85
111.62
113.08
112.44
112.23
112.23
112.43
112.29
112.66
112.92
113.02
112.27
112.95
113.04
112.94
113.74
113.98
113.6
112.73
113.02
112.14
111.99
113.69
113.69
113.79
112.96
113.32
112.75
112.05
113.29
113.16
111.94
112.82
113.9
113.81
113.23
114.29
113.59
111.95
111.95
113.52
113.18
113.12
114.19
113.35
113.43
113.34
113.38
112.37
113.12
114.15
113.73
112.62
112.75
111.88
112.83
113.56
114.07
113.47
113.28
114.54
113.74
113.13
114.05
112.88
113.23
114.02
113.58
112.54
113.55
114.38
113.1
113.25
113.99
113.84
112.76
113.23
113.23
113.65
113.45
114.77
113.72
112.82
115.14
114.75
113.55
112.66
113.78
113.86
113.79
113.9
113.68
112.72
114.05
114.05
114.05
112.87
113.21
113.42
113.01
113.94
113.45
112.43
113.27
113.77
113.52
112.64
113.64
113.06
112.92
112.92
114.16
114.51
114.09
114.19
113.94
112.69
113.51
113.38
112.54
113.6
113.8
113.19
112.83
113.68
113.88
113.15
113.15
113.39
112.71
113.28
113.72
112.71
112.66
114.03
113.62
113.28
113.77
113.69
112.79
113.16
113.87
113.87
113.03
113.89
114
113.39
113.48
114.42
113.86
113.08
114.65
113.71
113.38
113.28
113.9
113.78
113.13
114.55
113.71
113.71
112.29
113.67
113.67
114.2
114.21
112.78
113.12
114.82
113.43
113.83
114.13
113.33
112.41
113.35
113.8
112.31
110.99
110.99
111.68
111.85
112.2
113.2
112.29
112.13
113.45
113.03
111.86
112.8
113.06
112.21
113.02
113.36
112.48
112.71
114.21
112.89
112.89
113.09
113.16
113.1
113.14
113.6
113.18
112.32
113.65
113.8
113.98
113.7
114.08
113.07
113.57
113.57
113.65
112.52
113.41
113.48
112.2
113.03
114.08
114.1
113.61
115.07
113.82
111.8
112.21
113.16
112.31
112.78
112.78
112.96
113.1
113.85
113.75
112.51
112.38
113.53
113.33
112.54
114.51
113.81
112.36
113.46
113.09
112.38
112.38
113.9
113.95
112.13
113.2
112.89
111.26
112.13
112.32
112.18
112.3
113.32
113.39
112.54
113.37
113.25
112.34
112.34
113.87
114.78
112.64
112.64
113.32
112.69
113.02
113.46
113.01
112.71
113.76
112.7
111.68
112.22
112.77
111.66
112.52
112.68
112.41
112.42
112.62
112.85
111.68
112.42
113.44
112.39
111.18
113.2
112.91
111.61
111.7
112.46
112.41
112.37
113.09
113.09
111.49
111.49
111.89
111.99
113.87
113.2
113.04
113.11
113.35
112.39
112.64
112.91
112.45
112.41
112.42
113.98
113.98
113.64
113.23
114.41
112.78
113.34
112.74
113.53
113.05
114.46
114.18
113.68
114.69
113.93
112.71
113.33
113.33
113.66
112.95
113.29
113.13
112.11
113.21
113.83
113.49
113.58
114.78
113.62
112.9
114.69
114.45
112.91
113.92
113.92
114.59
113.85
114.22
114
113.4
113.99
113.76
112.56
113.44
114.61
113.26
112.54
114.3
114.19
112.56
113.4
113.42
113.42
112.97
112.97
114.01
112.91
113.57
112.28
112.41
113.75
114.2
113.55
113.05
113.55
113.26
112.37
113.94
113.94
114.21
113.63
114.36
113.3
112.67
114.38
113.31
112.3
113.37
113.46
112.42
112.19
113.32
112.84
112.65
113.56
113.14
112.49
112.63
113.41
112.18
112.55
113.57
112.96
112.61
113.38
113.38
112.72
112.55
113.22
112.38
112.73
113.92
113.92
112.38
112.6
112.6
113.76
113.98
114.44
113.81
112.23
112.52
113.34
112.57
112.56
114.21
113.9
113.18
113.78
113.66
112.67
112.67
113.18
113.02
112.33
113.35
113.83
112.76
113.5
113.81
113.25
113.66
113.51
112.61
112.5
113.8
114.06
114.06
112.62
113.67
112.52
112.08
113.37
113.32
113.2
114.39
114.28
113.68
113.92
114.42
113.55
113.37
114.81
113.96
112.99
112.99
113.91
112.48
112.9
113.98
112.47
112.08
113.65
113.57
112.79
113.85
114.41
113.96
113.37
113.75
112.93
112.93
112.51
112.93
112.61
112.52
113.81
113.15
111.78
113.01
113.03
112.53
113.35
114.75
114.14
113.15
114.12
113.45
113.45
113.8
113.75
113.75
113.28
114.08
113.6
113.81
113.83
113.02
112.73
113.82
115.19
113.99
112.79
113.96
114.07
112.65
113.77
113.62
112.19
113.12
113.46
112.36
113.12
113.91
113.52
111.68
112.59
113.67
112.94
112.51
113.11
112.93
113.43
113.43
113.77
112.26
113.05
113.02
113.05
112.52
113.72
113.06
112.05
111.87
112.6
111.99
112.54
113.38
113.18
112.63
113.38
113.2
113.2
113.63
113.76
113
112.17
114.73
113.74
112.95
112.72
112.91
112.6
112.35
112.72
112.62
112.84
112.84
114.1
113.8
112.92
113.65
112.8
112.2
113.33
112.93
113.37
114.21
114.02
112.29
112.81
113.73
112.46
111.64
112.79
112.85
112.85
112.97
113.14
112.4
112.61
113.13
113.18
112.54
113.05
113.27
113.21
113.32
113.84
112.57
112.22
112.22
113.04
111.64
112.41
113.98
112.36
112.79
113.58
113.1
112.85
113.86
113.81
112.91
112.2
113.12
113.3
112.79
113.74
113.74
112.64
113.25
113.77
112.46
112.19
113.62
112.76
113.48
114.16
113.5
112.79
113.17
113.77
113.92
113.94
114.01
113.38
112.41
112.41
114.19
114.06
113.79
114.01
113.12
112.91
112.85
113.25
111.94
112.81
114.13
113.35
111.92
113.05
112.63
112
113.81
113.75
112.22
112.93
114.09
113.83
113.32
113.24
113.95
112.93
113.32
113.49
112.92
112.26
113.1
113.1
112.29
112.51
113.63
112.51
113.32
113.83
112.64
112.27
113.11
113.08
112.57
114.27
114.45
113.67
112.26
113.52
112.73
112.73
113.75
113.49
113.37
113.35
113.2
112.74
112.61
113.74
113.41
112.93
113.12
114.29
113.16
113.06
114.04
113.74
113.74
114.63
112.74
111.52
113.04
113.94
112.54
111.59
113.13
112.65
111.81
113.08
114.05
113.1
112.49
112.49
113.28
113.28
113.28
113.67
113.17
113.86
114.47
113.09
113.44
113.62
113.02
112.2
112.53
112.92
112.65
112.51
113.63
113.63
112.76
112.74
112.17
111.72
113.05
113.13
113.07
112.69
114.01
113.12
111.91
113.45
112.68
111.28
112.09
113.41
113.08
112.46
112.46
114.15
111.69
112.37
113.47
112.35
111.99
112.79
112.14
111.88
113.69
112.74
111.77
111.77
112.88
112.04
111.63
111.63
112.39
111.64
112.87
113.37
113.02
113.6
114.38
113.2
111.85
113.81
113.6
112.52
111.99
112.93
112.59
112.17
112.17
113
111.59
113.51
114.37
113.08
112.66
113.74
113.3
111.93
113.71
114.07
113.08
113.36
113.36
113.65
113.32
113.62
113.62
113.34
114.39
113.78
113.94
113.25
113.27
112.39
112.19
113.42
114.13
113.59
113.89
113.51
113.51
111.69
111.69
112.81
113.12
113.75
113.3
112.34
112.6
113.56
113.32
112.69
113.09
113.2
112.65
112.87
114.21
112.9
112.27
114.13
113.24
112.47
113.65
114.24
113.85
113.81
113.94
111.46
111.25
113.16
113.39
111.92
113.32
114.42
114.42
113.84
113.29
112.67
112.35
113.85
114.03
113.02
112.64
112.8
112.11
112.69
113.62
113.21
112.14
113.68
114.45
114.45
111.86
113.2
113.39
112.62
112.86
113.24
112.86
113.46
114.16
112.9
111.62
113.38
113.25
111.98
112.56
113.54
113.08
112.98
112.98
114.25
113.76
114.14
113.22
112.31
113.52
114.04
112.9
112.24
114.15
113.8
113.58
112.89
113.26
112.49
112.05
112.05
112.77
112.47
114.38
114.24
113.41
112.59
113.42
110.71
111.49
113.85
113.56
112.42
113.58
113.58
113.67
112.18
112.18
113.38
112.26
112.83
113.37
112.85
113.1
113.36
113.15
112.54
112.93
112.83
111.89
112.27
112.84
112.84
113.86
113.81
113.81
112.78
113.38
113.15
112.49
113.59
113.42
113.02
112.46
114.1
113.42
112.15
113.35
113.79
112.58
112.58
113.82
113.82
113.33
114.38
113.85
112.34
112.89
113.82
112.68
113.86
115.27
114.21
112.94
113.75
113.48
112.54
112.54
114.09
113.28
113.28
113.29
113.98
112.84
113.49
114.34
113.55
112.8
113.95
113.63
112.74
113.83
114.57
112.69
111.91
111.91
113.53
112.6
114
113.44
112.71
113.89
113.18
111.77
111.52
114.05
113.28
111.99
112.66
113.57
113.31
113.47
113.47
113.2
112.27
112.27
113.74
112.88
113.3
113.96
112.65
112.8
113.78
112.91
112.3
113.19
112.67
112.9
112.6
113.29
112.69
111.98
113.89
113.2
111.85
113.31
113.75
112.43
112.29
113.37
113
112.02
113.2
113.71
112.26
112.26
113.85
112.6
112.6
113.6
113.7
112.94
113.38
113.6
112.72
112.65
113.34
112.47
112.68
113.98
113.21
112.3
113.53
113.67
112.96
112.96
113.87
113.85
112.67
113
112.78
112.08
112.44
114.38
113.61
112.55
114.04
113.51
112.08
112.08
113.15
112.87
113.45
114.06
113.67
112.82
113.6
113.99
112.32
113.09
114.43
114.04
113.19
113.59
112.82
112.98
113.8
113.8
113.69
113.69
113.4
113.71
112.91
113.94
113.38
112.84
113.3
114.53
114.28
112.59
113.53
112.43
112.45
113.58
113.83
111.87
111.87
111.54
112.58
112.6
113.49
114.53
113.1
113.03
113.54
113.77
112.83
114.55
113.88
113.21
113.41
113.46
113.46
112.8
112.93
113.15
112.29
112.95
112.52
112.45
113.59
113.87
113.38
112.77
114.4
113.95
112.57
113.61
114.22
114.22
113.09
113.68
113.36
112.92
113.94
113.55
113.26
113.81
113.93
112.76
112.12
113.21
113.3
112.8
113.87
114.55
114.27
114.27
113.81
113.81
113.06
114.1
113.71
112.89
114.25
114.12
112.74
113.26
114.04
113.57
111.91
112.37
112.75
112.75
112.96
113.97
113.35
112.81
113.51
113.51
112.01
112.53
113.26
111.91
111.48
113.83
113.3
111.69
112.04
113.11
112.47
113.39
113.65
113.44
113.17
113.58
113.12
112.07
112.99
113.06
113.37
112.02
113.34
113.33
112.01
112.98
112.8
112.8
112.33
112.87
112.33
111.39
112.37
112.42
112.14
113.32
113.28
112.66
112.3
112.66
112.2
112.45
113.82
113.17
111.91
111.98
113.42
112.18
111.8
113.17
113.17
113.59
113.24
112.88
113.02
112.93
113.08
112.28
112.36
114.28
114.33
112.58
112.58
113.05
112.26
113.12
113.86
112.81
112.11
112.86
113
111.97
112.37
113.37
113.1
112.57
113.92
113.01
111.84
111.84
112.93
113.11
113.28
114.39
112.12
112.49
113.45
113.48
112.56
112.53
113.03
112.6
112.25
114.18
113.48
112.71
112.71
113.79
113.79
112.83
113.34
113.04
112.83
113.72
113.28
111.88
113.76
113.99
113.41
113.13
114.09
113.29
111.35
111.35
113.84
113.84
113.77
114.22
113.93
113.24
113.8
114.03
112.91
113.66
114.16
113.13
112.75
113.45
113.07
112.86
114.89
114.62
113.45
113.26
114.3
113.43
112.96
113.92
113.47
112.76
113.09
114.54
113.72
112.79
113.69
113.04
111.97
113.26
113.26
111.85
113.03
115.04
114.6
113.44
113.55
112.95
112.24
113.37
113.88
112.97
113.31
113.17
113.1
112.38
113.01
113
112.12
112.86
113.63
112.59
112.6
113.79
113.16
113.08
113.62
112.94
112.36
112.12
113.91
113.02
113.03
113.31
113.13
112.58
112.58
113.18
112.9
112.76
113.71
113.32
112.92
114.58
113.28
112.58
113.1
113.99
112.97
113.21
113.46
112.96
112.44
112.44
113.98
113.46
113.24
114.21
112.6
112.7
113.6
113.55
112.21
112.78
112.92
112.96
112.6
114
114
113.1
112.8
113.53
112.47
113.07
114.18
113.39
111.62
113.47
112.9
112.04
112.81
114.03
113.64
112.84
114.23
114.23
111.53
111.53
113
112.75
112.99
114.89
113.87
112.79
112.92
113.79
112.6
113.49
113.62
113.11
113.45
113.93
113.93
111.27
111.27
113.2
111.56
111.72
112.57
112.52
111.74
113.03
112.6
112.87
113.66
114.25
114.18
113.62
113.62
113.82
113.23
112.47
113.57
113.25
114.13
114.79
113.02
112.98
113.76
113.53
112.16
112.62
113.55
113.04
113.47
114.79
114.79
114.01
113.52
112.84
112
113.33
113.94
113.08
112.14
113.03
112.52
112.58
114.07
113.85
113
113.82
114.97
114.97
113.39
113.39
114.76
112.98
113.71
114.76
114.05
113.89
114.73
114.5
113.29
113.25
113.79
113.46
113.11
114.11
113.28
112.02
113.87
113.87
113.29
114.5
114.9
113.63
113.49
113.99
113.53
113.8
114.65
114.42
111.69
112.5
114.49
113.51
113.51
114.2
114.2
112.98
113.97
113.46
112.5
113.4
114.16
113.42
111.94
114.16
113.88
112.2
113.55
114.03
113.49
113.49
113.14
112.63
111.91
113.1
113.86
112.64
112.99
113.51
112.63
112.68
113.69
112.22
111.71
113.27
113.59
112.42
112.05
113.47
113.24
112.53
113.75
113.76
112.73
112.79
113.15
112.68
112.44
113.42
112.82
112.09
113.27
113.29
112.56
112.56
113.04
113.01
112.29
113.56
114.12
113.4
113.22
113.89
113.16
112.4
112.76
111.59
111.95
113.52
113.79
112.78
112.76
112.76
113.53
112.89
114.19
113.73
111.66
113.71
113.34
112.38
113.15
113.75
113.4
112.41
113.36
113.79
113.21
113.28
113.28
114.44
113.07
113.37
113.8
112.22
112.13
112.69
112.34
112.48
113.51
112.13
111.85
113.57
112.62
111.48
111.48
112.64
112.13
112.58
112.71
112.68
112.4
113.69
114.39
113.47
113.27
113.61
112.6
112.2
112.89
112.72
111.19
111.19
113.29
112.23
112.23
112.32
112.75
111.52
113.04
113.56
111.23
112.35
113.35
113
112.45
112.79
112.15
112.26
112.85
112.85
111.14
111.14
112.57
111.59
110.68
112.16
112.64
112.23
113.71
114.38
113.39
113.17
113.33
112.91
112.74
113.95
113.76
113.76
112.89
113.61
112.63
112.35
113.72
113.52
112.29
113.08
112.77
112.48
112.48
114
112.98
112.06
112.69
112.69
112.11
112.3
112.43
112.07
113.25
114.11
112.05
109.84
112.02
112
111.77
113.17
113.05
112.76
112.16
113.22
112.57
112.57
113.54
112.94
112.73
112.73
113.5
113.54
112.64
112.83
113.6
113.33
113.84
113.89
112.93
112.33
113.23
112.75
112.75
113
114.08
113.67
112.69
113.64
112.8
113.02
114.33
112.61
111.91
112.66
113.68
113.33
113.02
113.98
113.51
112.38
113.02
112.56
112.17
113.05
113.89
112.85
112.46
113.61
113.39
112.67
112.54
112.39
111.63
112.57
114
114
112.88
112.42
113.1
112.52
112.23
112.62
112.37
112.29
113.68
113.09
111.55
113.44
113.23
111.82
111.73
113.32
112.23
111.56
111.56
113.44
112.84
112.54
113.27
112.45
112.01
112.39
112.18
112.66
113.56
114.01
112.79
112.87
114.05
112.98
112.98
111.55
112.75
112.06
112.66
112.99
111.77
112.06
113.9
113.44
112.74
112.58
112.71
112.84
112.53
114
112.99
111.75
111.75
113.89
112.45
113.4
113.12
112.73
112.33
113.48
113.12
112.65
114.12
113.18
111.61
111.83
113.14
112.97
112.74
113.78
113.78
112.04
112.31
113.25
112.69
113.16
114.76
113.8
113.04
113.51
113.29
111.29
113.43
113.71
113.03
113.03
112.17
111.86
111.29
113.65
114.12
113.39
112.59
113.08
113.64
112.49
112.75
113.55
113.21
113.92
113.23
111.76
111.76
113.04
112.4
111.42
113
113.13
112.09
112.91
114.05
113.85
113.17
113.25
113.56
112.58
112.73
114.08
112.45
112.45
112.45
111.82
111.57
112.2
111.53
111.48
111.62
112.45
111.34
111.14
111.51
111.76
110.84
112.39
112.35
112.48
111.66
112.87
112.05
112.15
112.92
113.2
111.8
112.34
113.31
112.52
113.01
113.72
113.43
112.61
114.38
113.79
113.31
113.31
113.67
114.18
113.07
114.44
113.53
112.93
113.75
114.1
112.89
113.05
113.86
113.63
112.81
