81.53
81.55
81.47
81.51
81.49
81.48
81.55
81.59
81.64
81.52
81.48
81.49
81.48
81.55
81.48
81.52
81.55
81.55
81.53
81.34
81.46
81.44
81.46
81.57
81.59
81.53
81.51
81.44
81.51
81.51
81.47
81.4
81.51
81.53
81.41
81.35
81.51
81.46
81.44
81.39
81.51
81.46
81.6
81.55
81.48
81.42
81.34
81.35
81.41
81.48
81.4
81.35
81.51
81.34
81.33
81.34
81.48
81.32
81.23

81.36
81.28
81.34
81.35
81.38
81.31
81.28
81.27
81.29
81.37
81.39
81.29
81.39
81.41
81.32
81.28
81.31
81.32
81.23
81.26
81.29
81.34
81.29
81.16
81.35
81.41
81.29
81.27
81.32
81.28
81.31
81.27
81.47
81.25
81.26
81.27
81.29
81.29
81.16
81.22
81.28
81.34
81.22
81.09
81.36
81.25
81.26
81.23
81.34
81.26
81.23
81.19
81.21
81.26
81.22
81.26
81.33
81.26
81.4

81.11
81.24
81.14
81.15
81.15
81.22
81.17
81.09
81.06
81.22
81.15
81.1
81.12
81.27
81.22
81.1
81.27
81.24
81.18
81.26
81.08
81.29
81.25
81.17
81.18
81.25
81.16
81.28
81.12
81.21
81.16
81.14
81.2
81.18
81.12
81.11
81.12
81.16
81.17
81.1
81.13
81.17
81.11
81.02
81.05
81.1
81.18
81.02
81.12
81.18
81.1
81.04
81.05
81.09
81.18
81.1
81.1
81.06
81.02

81.06
81.12
81.11
81.09
81.18
81.1
81.02
81.17
81.06
81.03
81.02
81.02
81.04
80.99
81.01
81.01
81.01
80.92
80.95
80.99
80.97
80.99
80.94
81.03
80.94
80.89
81.1
80.94
80.9
80.98
80.94
80.94
80.79
80.92
80.96
80.86
80.92
81.02
80.91
80.86
80.91
80.92
80.95
80.8
80.96
80.89
80.78
80.84
80.92
81.04
80.56
80.89
80.94
80.96
80.79
80.91
81
80.88
80.71

80.9
80.8
80.76
80.9
80.82
80.78
80.86
80.89
80.89
80.75
80.74
80.91
80.92
80.82
80.8
80.83
80.78
80.69
80.82
80.85
80.8
80.7
80.78
80.8
80.86
80.81
80.79
80.91
80.78
80.72
80.68
80.79
80.83
80.85
80.76
80.74
80.94
80.78
80.74
80.81
80.76
80.74
80.75
80.68
80.86
80.71
80.78
80.8
80.82
80.78
80.72
80.82
80.76
80.78
80.82
80.81
80.79
80.68
80.89

80.7
80.78
80.8
80.72
80.73
80.82
80.75
80.78
80.78
80.82
80.83
80.75
80.64
80.81
80.74
80.62
80.71
80.72
80.9
80.74
80.8
80.84
80.71
80.74
80.74
80.7
80.74
80.74
80.69
80.87
80.86
80.72
80.76
80.74
80.78
80.74
80.74
80.82
80.79
80.75
80.71
80.76
80.74
80.77
80.66
80.62
80.74
80.66
80.7
80.6
80.69
80.77
80.8
80.72
80.77
80.82
80.79
80.69
80.8

80.75
80.78
80.74
80.75
80.76
80.71
80.74
80.73
80.88
80.76
80.69
80.81
80.73
80.84
80.76
80.82
80.9
80.76
80.78
80.72
80.79
80.82
80.82
80.67
80.81
80.8
80.68
80.74
80.74
80.81
80.7
80.65
80.77
80.66
80.78
80.78
80.73
80.8
80.8
80.74
80.77
80.82
80.81
80.73
80.67
80.66
80.64
80.7
80.74
80.66
80.74
80.66
80.61
80.77
80.69
80.59
80.66
80.67
80.7

80.73
80.62
80.7
80.68
80.7
80.72
80.59
80.74
80.63
80.64
80.7
80.74
80.66
80.65
80.81
80.76
80.65
80.78
80.73
80.68
80.74
80.64
80.66
80.75
80.56
80.66
80.66
80.66
80.69
80.67
80.6
80.66
80.64
80.58
80.54
80.57
80.68
80.62
80.58
80.64
80.64
80.61
80.68
80.65
80.58
80.57
80.71
80.58
80.68
80.64
80.61
80.55
80.73
80.65
80.58
80.6
80.62
80.7
80.71

80.58
80.61
80.63
80.59
80.7
80.62
80.57
80.59
80.64
80.65
80.54
80.61
80.35
80.65
80.6
80.54
80.62
80.5
80.56
80.61
80.56
80.46
80.59
80.66
80.58
80.6
80.58
80.5
80.59
80.46
80.59
80.56
80.6
80.62
80.58
80.56
80.51
80.59
80.63
80.54
80.61
80.67
80.68
80.63
80.59
80.63
80.66
80.64
80.66
80.7
80.57
80.62
80.63
80.7
80.66
80.66
80.66
80.74
80.79

80.5
80.61
80.8
80.65
80.59
80.67
80.63
80.67
80.66
80.68
80.63
80.67
80.77
80.62
80.63
80.65
80.73
80.66
80.62
80.78
80.68
80.69
80.72
80.84
80.72
80.74
80.66
80.7
80.75
80.76
80.69
80.77
80.76
80.76
80.7
80.65
80.75
80.72
80.82
80.6
80.7
80.71
80.72
80.62
80.87
80.75
80.74
80.77
80.72
80.74
80.82
80.78
80.8
80.79
80.85
80.84
80.74
80.8
80.83

80.68
80.68
80.74
80.86
80.74
80.78
80.85
80.83
80.83
80.76
80.85
80.83
80.85
80.78
80.79
80.8
80.85
80.78
80.72
80.92
80.78
80.76
80.7
80.73
80.74
80.8
80.81
80.81
80.82
80.86
80.82
80.82
80.83
80.78
80.82
80.71
80.82
80.89
80.74
80.79
80.83
80.84
80.88
80.74
80.78
80.89
80.82
80.78
80.79
80.89
80.86
80.82
80.94
80.8
80.82
80.84
80.77
80.7
80.8

80.66
80.73
80.85
80.86
80.94
80.86
80.76
80.8
80.77
80.72
80.77
80.84
80.84
80.86
80.87
80.7
80.82
80.79
80.79
80.86
80.85
80.81
80.82
80.97
80.94
80.9
80.79
80.86
80.93
80.88
80.85
80.89
80.7
80.85
80.89
80.86
80.87
80.85
80.86
80.78
80.86
80.94
80.8
80.85
80.87
80.9
80.94
80.86
80.86
80.92
80.93
80.93
80.88
80.86
80.92
80.94
80.95
80.9
80.94

80.81
80.88
80.93
80.94
80.76
80.93
80.76
80.75
80.86
80.86
80.92
80.9
80.91
80.89
80.95
80.97
80.81
80.8
80.82
81.01
80.95
80.84
80.9
80.87
80.86
80.9
80.84
80.91
80.82
80.85
80.86
80.84
80.81
80.85
80.89
80.86
80.9
80.98
80.94
80.87
80.91
80.96
80.74
80.87
80.86
80.94
80.9
80.88
80.95
80.9
80.9
80.91
80.86
81.01
80.93
80.99
80.89
80.95
80.97

80.87
80.86
80.98
81.02
80.9
80.94
80.91
80.94
80.82
80.84
80.9
80.9
80.75
80.85
80.9
80.78
80.86
80.85
80.96
80.91
80.96
80.86
80.83
80.87
80.86
80.9
80.9
80.86
80.82
80.9
80.88
80.89
80.87
80.73
80.84
80.85
80.91
81
80.82
80.82
80.84
80.87
80.82
80.85
80.85
80.86
80.84
80.74
80.86
80.82
80.78
80.66
80.74
80.78
80.74
80.73
80.78
80.78
80.76

80.75
80.71
80.78
80.78
80.71
80.78
80.73
80.74
80.71
80.81
80.77
80.84
80.65
80.78
80.85
80.72
80.7
80.78
80.83
80.78
80.71
80.7
80.75
80.66
80.78
80.8
80.86
80.79
80.78
80.74
80.68
80.93
80.7
80.65
80.72
80.78
80.73
80.72
80.67
80.77
80.71
80.78
80.74
80.67
80.73
80.72
80.66
80.71
80.81
80.66
80.64
80.67
80.7
80.69
80.72
80.7
80.66
80.78
80.71

80.7
80.74
80.7
80.74
80.66
80.79
80.62
80.6
80.66
80.62
80.66
80.55
80.66
80.74
80.62
80.64
80.58
80.7
80.69
80.63
80.7
80.62
80.71
80.74
80.67
80.73
80.62
80.74
80.7
80.74
80.72
80.7
80.7
80.66
80.72
80.71
80.74
80.64
80.72
80.81
80.54
80.65
80.78
80.7
80.66
80.6
80.7
80.77
80.72
80.74
80.69
80.72
80.66
80.74
80.71
80.81
80.63
80.61
80.67

80.63
80.58
80.69
80.74
80.76
80.76
80.69
80.52
80.66
80.85
80.65
80.67
80.71
80.68
80.6
80.62
80.67
80.67
80.62
80.64
80.66
80.65
80.57
80.64
80.62
80.68
80.62
80.66
80.66
80.71
80.63
80.63
80.66
80.71
80.7
80.62
80.69
80.68
80.65
80.63
80.63
80.58
80.59
80.76
80.56
80.53
80.52
80.62
80.6
80.58
80.57
80.71
80.63
80.64
80.66
80.62
80.51
80.62
80.79

80.5
80.58
80.65
80.57
80.56
80.55
80.55
80.59
80.52
80.64
80.54
80.57
80.63
80.77
80.63
80.59
80.71
80.52
80.44
80.57
80.52
80.51
80.58
80.61
80.42
80.54
80.49
80.51
80.66
80.5
80.49
80.55
80.64
80.64
80.48
80.49
80.53
80.54
80.46
80.5
80.49
80.57
80.5
80.48
80.46
80.46
80.37
80.44
80.38
80.5
80.54
80.37
80.26
80.48
80.49
80.41
80.47
80.47
80.45

80.28
80.37
80.37
80.46
80.41
80.39
80.47
80.46
80.54
80.44
80.43
80.38
80.37
80.3
80.4
80.46
80.3
80.44
80.35
80.46
80.43
80.39
80.38
80.41
80.45
80.33
80.28
80.42
80.41
80.37
80.41
80.39
80.46
80.36
80.41
80.33
80.34
80.31
80.35
80.37
80.29
80.29
80.49
80.23
80.19
80.25
80.29
80.24
80.28
80.3
80.29
80.25
80.29
80.46
80.33
80.17
80.26
80.33
80.27

80.32
80.29
80.27
80.31
80.32
80.29
80.37
80.32
80.21
80.32
80.46
80.4
80.32
80.26
80.29
80.25
80.24
80.32
80.24
80.28
80.22
80.24
80.29
80.29
80.25
80.25
80.24
80.25
80.3
80.31
80.21
80.34
80.3
80.29
80.29
80.37
80.47
80.27
80.17
80.31
80.3
80.32
80.16
80.28
80.33
80.25
80.22
80.27
80.13
80.16
80.18
80.25
80.17
80.23
80.17
80.17
80.09
80.13
80.1

80.22
80.25
80.19
80.13
80.11
80.21
80.2
80.09
80.14
80.03
80.18
80.09
80.12
80.15
80.07
80
80.01
80.02
80.09
80.09
79.97
80.01
80.13
80.16
80.12
79.94
80.1
80.11
80.01
80.1
80.15
80.1
80.08
80.08
80.03
79.93
80.05
80.05
80.04
80.04
80.08
80.03
79.94
80.01
80.03
79.92
79.97
80.06
79.98
79.96
79.98
80.04
80.02
79.91
79.89
79.87
79.98
79.94
79.88

79.92
79.9
79.81
79.81
79.84
79.89
79.87
79.85
79.9
79.96
79.81
79.93
79.92
79.9
79.85
79.83
79.87
79.89
79.91
79.88
79.75
79.89
79.87
79.85
79.78
79.89
79.86
79.88
79.93
79.96
79.97
79.92
79.86
79.89
79.85
79.91
79.89
79.92
79.88
79.99
79.9
79.82
79.85
79.88
79.96
79.91
79.97
79.94
79.97
79.93
79.93
79.89
79.84
79.92
79.83
79.91
79.97
79.89
79.89

79.87
79.89
79.81
79.81
79.93
79.9
79.87
79.85
79.88
79.87
79.8
79.85
79.9
79.87
79.94
79.93
79.93
79.94
79.97
80
79.85
79.94
79.94
79.91
79.91
79.94
79.95
79.93
79.9
79.89
79.88
79.89
79.86
79.87
79.95
79.93
79.96
79.91
79.89
79.91
79.87
79.93
79.9
79.99
79.77
79.72
79.93
79.94
79.88
79.91
79.96
79.91
79.99
79.94
79.97
79.97
80.05
79.94
79.9

80.04
79.85
79.91
79.96
79.94
79.85
79.9
79.93
79.94
79.83
79.86
79.82
79.89
80.02
79.97
79.9
79.85
79.96
79.81
79.87
79.85
79.89
79.93
79.83
79.75
79.95
79.88
79.87
79.85
79.93
79.95
79.93
79.91
79.99
79.98
79.86
79.85
79.95
79.83
79.91
79.89
79.93
79.97
79.92
79.88
79.81
79.89
79.95
79.84
79.88
79.85
79.85
79.89
79.82
79.85
79.98
79.89
79.82
79.86

79.86
79.85
79.85
79.93
79.85
79.78
79.8
79.96
79.9
79.86
79.82
79.85
79.86
79.75
79.84
79.89
79.88
79.92
79.8
79.83
79.89
79.82
79.77
79.73
79.79
79.8
79.81
79.85
79.83
79.89
79.86
79.89
79.92
79.88
79.93
79.84
79.97
79.95
79.94
79.91
80.06
79.88
79.93
79.84
79.79
79.85
79.88
79.81
79.88
79.98
79.96
80.01
79.97
80.02
80.13
79.99
80.05
80.01
80.01

80
80.01
80.05
80.13
80.14
80
79.99
80.07
80.03
79.98
79.99
80.15
80.1
80.04
80.05
80.11
80.09
79.93
79.98
79.97
80.01
80.01
79.94
80
79.97
80.11
80.01
80.05
80.1
80.05
79.97
80.06
80.1
80.05
80.05
80.06
80.11
80.01
80.02
80.05
79.97
80.09
80.05
79.99
79.99
80.02
79.99
79.89
79.96
80.06
80
80
79.96
79.98
80.01
79.9
79.93
79.91
80.02

79.89
79.99
80.09
80.09
79.91
79.89
79.92
79.89
79.89
80
79.99
79.93
80
79.94
79.97
79.93
79.89
79.86
79.92
79.95
79.85
79.75
79.87
79.87
79.78
79.81
79.87
79.91
79.95
79.72
79.78
79.78
79.81
79.8
79.77
79.79
79.68
79.62
79.71
79.72
79.81
79.71
79.75
79.78
79.83
79.86
79.75
79.81
79.9
79.76
79.78
79.77
79.85
79.87
79.78
79.7
79.7
79.85
79.72

79.82
79.73
79.77
79.76
79.74
79.85
79.81
79.71
79.77
79.77
79.65
79.78
79.73
79.71
79.81
79.76
79.73
79.79
79.79
79.74
79.72
79.68
79.8
79.74
79.81
79.73
79.74
79.68
79.77
79.72
79.74
79.73
79.69
79.62
79.68
79.53
79.71
79.57
79.67
79.69
79.73
79.67
79.61
79.64
79.73
79.63
79.54
79.67
79.68
79.69
79.57
79.59
79.72
79.75
79.63
79.68
79.65
79.66
79.5

79.77
79.65
79.44
79.52
79.7
79.67
79.69
79.65
79.57
79.56
79.57
79.62
79.61
79.51
79.53
79.5
79.53
79.51
79.6
79.49
79.56
79.67
79.56
79.59
79.48
79.64
79.65
79.45
79.62
79.61
79.61
79.54
79.52
79.53
79.66
79.5
79.45
79.58
79.61
79.55
79.51
79.51
79.58
79.61
79.47
79.58
79.53
79.58
79.43
79.53
79.51
79.53
79.64
79.57
79.44
79.53
79.62
79.51
79.36

79.55
79.5
79.45
79.53
79.64
79.44
79.5
79.56
79.43
79.49
79.51
79.53
79.43
79.52
79.41
79.42
79.53
79.45
79.52
79.48
79.6
79.5
79.48
79.53
79.5
79.49
79.34
79.51
79.46
79.51
79.55
79.44
79.44
79.52
79.58
79.48
79.45
79.6
79.58
79.36
79.44
79.49
79.58
79.44
79.49
79.49
79.53
79.6
79.52
79.42
79.5
79.53
79.63
79.5
79.53
79.58
79.54
79.54
79.42

79.53
79.49
79.51
79.57
79.57
79.45
79.49
79.53
79.63
79.53
79.46
79.56
79.57
79.58
79.52
79.56
79.55
79.63
79.53
79.62
79.53
79.52
79.53
79.48
79.54
79.58
79.67
79.65
79.53
79.62
79.39
79.45
79.53
79.49
79.49
79.49
79.56
79.61
79.32
79.52
79.41
79.66
79.45
79.46
79.53
79.53
79.57
79.52
79.55
79.52
79.56
79.51
79.51
79.53
79.64
79.57
79.54
79.45
79.61

79.42
79.53
79.54
79.51
79.49
79.53
79.59
79.45
79.46
79.49
79.55
79.49
79.51
79.4
79.57
79.51
79.42
79.61
79.53
79.58
79.55
79.4
79.55
79.55
79.49
79.43
79.61
79.55
79.51
79.57
79.59
79.47
79.53
79.54
79.56
79.49
79.63
79.57
79.55
79.5
79.65
79.65
79.53
79.6
79.66
79.58
79.52
79.57
79.83
79.63
79.55
79.61
79.77
79.61
79.52
79.62
79.68
79.57
79.66

79.74
79.61
79.65
79.72
79.7
79.64
79.63
79.64
79.69
79.7
79.61
79.7
79.77
79.73
79.68
79.67
79.79
79.8
79.67
79.67
79.59
79.73
79.65
79.77
79.66
79.78
79.76
79.77
79.83
79.89
79.8
79.66
79.77
79.87
79.73
79.71
79.69
79.74
79.71
79.9
79.92
79.85
79.84
79.88
79.97
79.9
79.74
79.8
79.84
79.9
79.9
79.79
79.84
79.89
79.93
79.97
79.92
79.93
79.99

79.85
79.93
80.03
80.01
79.84
79.96
80
79.92
80.08
80
80.01
80.09
80.01
79.9
80.15
80.14
79.97
80.01
80.1
80.16
80.08
79.96
80.11
80.13
80.08
80.07
80.19
80.15
80.21
80.1
80.07
80.27
80.08
80.03
80.15
80.41
80.13
80.21
80.19
80.32
80.19
80.15
80.29
80.17
80.29
80.27
80.29
80.26
80.24
80.29
80.34
80.24
80.33
80.41
80.37
80.2
80.43
80.42
80.24

80.37
80.47
80.42
80.41
80.53
80.41
80.44
80.46
80.53
80.47
80.54
80.41
80.45
80.49
80.45
80.54
80.58
80.61
80.5
80.54
80.59
80.7
80.61
80.61
80.7
80.58
80.66
80.53
80.62
80.74
80.76
80.62
80.68
80.95
80.67
80.61
80.78
80.77
80.71
80.62
80.66
80.77
80.65
80.66
80.77
80.73
80.74
80.7
80.6
80.85
80.74
80.7
80.85
80.72
80.86
80.86
80.7
80.73
80.82

80.86
80.71
80.89
80.83
80.69
80.89
80.85
80.88
80.8
80.89
80.91
80.86
80.89
80.86
80.89
81.06
80.94
80.89
81.01
80.98
81.02
80.92
80.96
81.01
81.05
80.94
80.96
80.99
81.02
81.01
80.91
81.1
81.09
80.97
81.06
81.09
81.13
81.1
81.1
81.02
81.09
81.15
81.14
81.08
81.11
81.12
81.28
81.15
81.1
81.16
81.17
81.21
81.21
81.13
81.34
81.25
81.25
81.22
81.34

81.23
81.32
81.27
81.14
81.18
81.37
81.22
81.12
81.22
81.3
81.34
81.18
81.2
81.23
81.25
81.34
81.25
81.33
81.3
81.32
81.38
81.3
81.3
81.39
81.35
81.38
81.38
81.43
81.49
81.46
81.42
81.41
81.44
81.41
81.38
81.45
81.46
81.27
81.34
81.36
81.51
81.38
81.3
81.56
81.59
81.45
81.35
81.47
81.53
81.4
81.42
81.51
81.46
81.49
81.55
81.45
81.54
81.49
81.6

81.6
81.5
81.55
81.5
81.27
81.55
81.47
81.47
81.43
81.7
81.52
81.45
81.45
81.47
81.59
81.56
81.5
81.6
81.62
81.6
81.46
81.58
81.67
81.48
81.51
81.55
81.59
81.58
81.51
81.56
81.68
81.55
81.51
81.69
81.55
81.62
81.51
81.65
81.52
81.71
81.67
81.54
81.58
81.59
81.73
81.62
81.57
81.71
81.75
81.68
81.61
81.71
81.7
81.61
81.62
81.6
81.75
81.57
81.52

81.6
81.62
81.77
81.65
81.63
81.62
81.75
81.73
81.67
81.68
81.75
81.68
81.66
81.7
81.71
81.72
81.69
81.8
81.71
81.71
81.63
81.78
81.84
81.59
81.65
81.71
81.63
81.67
81.69
81.71
81.66
81.77
81.71
81.69
81.75
81.81
81.74
81.6
81.81
81.83
81.77
81.65
81.75
81.82
81.73
81.72
81.71
81.75
81.62
81.73
81.6
81.68
81.71
81.79
81.69
81.63
81.75
81.83
81.8

81.75
81.83
81.77
81.75
81.82
81.73
81.63
81.67
81.75
81.75
81.75
81.74
81.8
81.83
81.86
81.75
81.74
81.79
81.75
81.67
81.76
81.63
81.66
81.71
81.71
81.63
81.73
81.74
81.7
81.67
81.77
81.71
81.68
81.63
81.7
81.71
81.63
81.66
81.76
81.74
81.76
81.67
81.75
81.71
81.71
81.81
81.75
81.64
81.64
81.74
81.74
81.55
81.71
81.6
81.74
81.62
81.73
81.71
81.59

81.69
81.67
81.71
81.66
81.79
81.67
81.71
81.72
81.74
81.76
81.78
81.71
81.78
81.75
81.72
81.67
81.63
81.67
81.64
81.63
81.7
81.7
81.77
81.67
81.69
81.77
81.56
81.71
81.68
81.62
81.7
81.67
81.68
81.59
81.61
81.78
81.62
81.59
81.69
81.74
81.7
81.72
81.66
81.75
81.62
81.59
81.53
81.65
81.77
81.59
81.59
81.67
81.59
81.61
81.55
81.67
81.63
81.67
81.63

81.63
81.59
81.62
81.58
81.63
81.78
81.71
81.52
81.71
81.77
81.72
81.59
81.73
81.72
81.67
81.75
81.65
81.71
81.55
81.63
81.63
81.68
81.75
81.66
81.59
81.68
81.67
81.67
81.67
81.68
81.72
81.73
81.73
81.73
81.71
81.67
81.76
81.65
81.66
81.72
81.56
81.59
81.63
81.61
81.59
81.62
81.62
81.63
81.6
81.68
81.55
81.55
81.67
81.65
81.63
81.61
81.69
81.75
81.68

81.79
81.64
81.55
81.73
81.63
81.67
81.63
81.74
81.71
81.7
81.71
81.66
81.69
81.65
81.51
81.62
81.71
81.59
81.75
81.51
81.55
81.72
81.67
81.67
81.74
81.65
81.71
81.67
81.63
81.77
81.83
81.59
81.71
81.72
81.71
81.67
81.6
81.75
81.73
81.73
81.63
81.73
81.7
81.69
81.73
81.79
81.68
81.69
81.77
81.71
81.71
81.75
81.79
81.66
81.55
81.71
81.71
81.62
81.58

81.68
81.56
81.65
81.7
81.64
81.69
81.75
81.95
81.83
81.76
81.85
81.67
81.72
81.75
81.76
81.71
81.78
81.82
81.83
81.71
81.83
81.83
81.77
81.78
81.9
81.85
81.81
81.84
81.9
81.89
81.78
81.89
81.87
81.87
81.91
81.87
81.9
81.88
81.9
81.9
81.79
82.03
81.95
81.87
81.79
81.91
81.87
81.88
81.87
81.85
81.99
81.79
81.79
81.92
81.86
81.92
81.82
81.92
81.91

81.95
81.91
81.91
81.94
81.88
81.85
81.93
82.07
81.96
81.96
81.91
81.99
82.07
81.98
81.89
81.99
81.95
81.95
81.91
82.02
81.99
81.96
81.98
81.99
82
82.01
82.06
82.04
82.09
81.99
81.89
81.9
81.95
81.99
81.97
81.89
81.98
81.94
81.87
81.94
81.91
81.95
82.01
81.77
81.78
82
82.07
81.9
81.88
82.01
82.09
81.95
81.95
82.02
82.03
81.87
81.93
82.03
82.03

81.95
81.99
81.93
81.98
82.01
82.04
82.01
82
82.03
81.98
81.98
82.11
82.02
81.83
81.97
82.09
82.07
81.93
81.99
82.02
81.94
81.98
81.98
81.96
81.92
81.99
81.91
81.91
82.02
81.95
81.91
81.87
81.96
81.95
81.91
81.95
81.97
81.95
81.89
81.89
82.03
81.99
81.87
81.91
81.98
81.94
81.91
81.98
81.95
81.94
81.92
81.97
81.93
82.07
81.95
81.96
81.96
82.03
82

81.96
82.07
81.87
81.92
81.97
81.94
81.94
81.95
81.94
81.9
81.95
81.91
81.87
81.93
81.96
82.03
81.91
81.91
82.04
82.04
81.99
81.92
82.03
82.08
81.93
81.99
82.05
81.93
81.98
81.87
81.95
81.95
81.99
81.93
81.94
81.97
82.07
82.03
81.87
81.88
81.91
81.94
81.9
81.95
81.99
81.94
81.94
81.99
82
82.17
81.97
82.04
82.03
81.99
81.96
81.99
81.97
82.04
82

82.03
82.05
82.03
82.02
82.06
81.98
82.09
82.07
82.06
82.07
82.14
82.11
82.06
81.93
82.16
82.11
82.1
82.04
82.09
82.15
81.97
82.05
82.07
82.03
82
82.06
82.04
82.07
82.01
82.08
82
82.01
82.07
82.06
82.07
82.03
82.05
82.07
82.07
82.07
82.03
82.03
81.99
82.02
82.06
81.95
81.97
82.04
82.01
82.02
81.88
81.97
82.01
81.91
81.99
81.91
82.06
81.98
81.99

81.97
81.96
81.95
81.99
81.99
81.91
82.05
81.97
81.87
82.06
82.07
81.95
81.85
81.96
82.09
81.91
81.93
82.08
81.94
81.82
81.92
82
81.95
81.82
81.93
82
81.97
81.94
81.95
81.91
81.87
81.93
81.98
81.95
81.92
81.91
81.94
82.01
81.99
81.99
81.87
81.98
81.99
82.04
81.96
81.81
82.04
81.98
82.02
81.99
81.99
82.06
81.99
81.95
82.02
81.94
81.96
81.97
82.04

82.07
82.07
81.95
82.07
82.17
81.9
82.07
82.05
81.99
81.87
81.99
81.95
82.04
82.02
82.04
82.07
82.02
82.11
82.11
81.99
81.97
82.07
82.03
81.93
81.91
82.08
82.06
81.99
81.94
82.01
81.99
81.96
81.98
82.15
81.88
81.79
82.08
82.03
81.87
81.97
81.95
81.91
82.03
82.02
81.98
82
81.99
81.88
81.9
81.99
81.98
81.96
81.95
81.91
81.99
81.85
81.87
81.9
81.83

81.91
81.9
81.79
81.91
81.98
81.84
81.84
81.95
81.93
81.81
81.87
81.99
81.91
81.92
81.95
81.9
81.83
81.8
81.81
81.83
81.75
81.79
81.87
82.04
81.82
81.83
81.87
81.9
81.91
81.9
81.88
81.87
81.88
81.88
81.91
81.95
81.86
81.83
81.82
81.79
81.83
81.79
81.76
81.75
81.8
81.86
81.83
81.87
81.81
81.85
81.87
81.8
81.86
81.82
81.8
81.74
81.77
81.93
81.82

81.91
81.81
81.72
81.75
81.79
81.81
81.71
81.75
81.87
81.79
81.79
81.79
81.79
81.71
81.76
81.79
81.76
81.75
81.81
81.9
81.74
81.79
81.79
81.78
81.77
81.65
81.76
81.79
81.68
81.7
81.79
81.75
81.69
81.64
81.71
81.75
81.76
81.77
81.81
81.79
81.87
81.75
81.91
81.84
81.84
81.77
81.8
81.81
81.79
81.86
81.76
81.87
81.83
81.79
81.66
81.74
81.79
81.87
81.7

81.92
81.85
81.71
81.76
81.79
81.83
81.73
81.79
81.8
81.79
81.71
81.76
81.76
81.82
81.78
81.83
81.83
81.75
81.86
81.83
81.83
81.81
81.83
81.87
81.77
81.86
81.79
81.71
81.78
81.78
81.73
81.69
81.71
81.72
81.79
81.71
81.75
81.79
81.81
81.75
81.76
81.71
81.71
81.74
81.75
81.69
81.79
81.85
81.85
81.67
81.75
81.72
81.59
81.71
81.73
81.61
81.73
81.76
81.67

81.87
81.72
81.74
81.67
81.77
81.79
81.71
81.75
81.83
81.7
81.6
81.75
81.76
81.71
81.66
81.73
81.67
81.66
81.72
81.84
81.82
81.79
81.81
81.66
81.76
81.8
81.79
81.71
81.76
81.82
81.75
81.71
81.67
81.75
81.67
81.74
81.76
81.84
81.81
81.75
81.73
81.74
81.76
81.72
81.76
81.84
81.79
81.75
81.71
81.81
81.63
81.67
81.75
81.77
81.73
81.61
81.71
81.7
81.68

81.71
81.7
81.58
81.69
81.62
81.69
81.55
81.59
81.61
81.57
81.61
81.73
81.67
81.58
81.66
81.79
81.6
81.57
81.69
81.75
81.61
81.54
81.67
81.63
81.7
81.7
81.68
81.75
81.67
81.63
81.66
81.71
81.66
81.62
81.58
81.71
81.63
81.64
81.63
81.7
81.75
81.73
81.75
81.71
81.73
81.55
81.51
81.6
81.74
81.74
81.68
81.64
81.71
81.71
81.55
81.61
81.59
81.59
81.54

81.59
81.63
81.48
81.56
81.5
81.71
81.71
81.62
81.57
81.6
81.78
81.68
81.55
81.81
81.64
81.63
81.59
81.6
81.58
81.45
81.65
81.57
81.52
81.57
81.48
81.61
81.62
81.64
81.51
81.5
81.65
81.69
81.62
81.53
81.6
81.58
81.57
81.58
81.53
81.55
81.54
81.42
81.55
81.59
81.44
81.51
81.63
81.63
81.55
81.48
81.62
81.62
81.55
81.48
81.59
81.62
81.63
81.55
81.47

81.47
81.51
81.51
81.63
81.55
81.51
81.57
81.63
81.61
81.47
81.48
81.58
81.55
81.45
81.52
81.67
81.6
81.52
81.59
81.66
81.55
81.55
81.57
81.57
81.63
81.55
81.63
81.51
81.57
81.55
81.55
81.52
81.56
81.62
81.54
81.53
81.57
81.51
81.5
81.52
81.61
81.55
81.55
81.47
81.49
81.41
81.49
81.4
81.49
81.48
81.53
81.43
81.51
81.49
81.42
81.51
81.52
81.57
81.5

81.47
81.6
81.51
81.51
81.54
81.47
81.42
81.5
81.49
81.46
81.56
81.54
81.52
81.42
81.51
81.42
81.42
81.55
81.49
81.47
81.47
81.52
81.54
81.43
81.47
81.51
81.47
81.4
81.4
81.48
81.6
81.51
81.43
81.62
81.59
81.58
81.58
81.51
81.58
81.47
81.54
81.58
81.65
81.61
81.47
81.51
81.53
81.53
81.46
81.47
81.52
81.49
81.5
81.59
81.44
81.57
81.58
81.54
81.6

81.53
81.64
81.59
81.67
81.59
81.71
81.59
81.71
81.64
81.38
81.61
81.62
81.54
81.64
81.68
81.65
81.53
81.56
81.73
81.65
81.55
81.62
81.67
81.6
81.54
81.73
81.59
81.6
81.55
81.59
81.59
81.65
81.52
81.52
81.57
81.55
81.65
81.53
81.47
81.66
81.63
81.65
81.56
81.57
81.62
81.58
81.51
81.72
81.67
81.63
81.67
81.51
81.62
81.67
81.59
81.67
81.62
81.61
81.59

81.71
81.69
81.6
81.71
81.67
81.57
81.63
81.7
81.75
81.51
81.64
81.77
81.79
81.51
81.56
81.55
81.55
81.6
81.67
81.71
81.67
81.45
81.67
81.59
81.71
81.75
81.73
81.65
81.72
81.67
81.67
81.63
81.8
81.78
81.71
81.72
81.78
81.75
81.68
81.8
81.75
81.82
81.79
81.81
81.85
81.79
81.73
81.85
81.79
81.66
81.96
81.74
81.91
81.77
81.79
81.82
81.77
81.79
81.65

81.8
81.76
81.77
81.79
81.79
81.87
81.71
81.67
82.03
81.95
81.83
81.7
81.85
81.81
81.66
81.78
81.87
81.84
81.82
81.91
81.89
81.73
81.8
81.88
81.83
81.89
81.85
81.9
81.88
81.81
81.91
81.83
81.92
81.91
81.93
81.73
81.9
81.86
81.77
81.78
81.84
81.83
81.84
81.59
81.82
81.86
81.79
81.75
81.87
81.81
81.74
81.86
81.83
81.83
81.79
81.81
81.89
81.86
81.75

81.83
81.57
81.79
81.82
81.78
81.82
81.76
81.75
81.82
81.82
81.78
81.76
81.83
81.8
81.83
81.81
81.85
81.96
81.77
81.83
81.79
81.87
81.83
81.8
81.85
81.97
81.91
81.85
81.84
81.77
81.87
81.82
81.76
81.84
81.74
81.62
81.83
81.86
81.93
81.67
81.74
81.92
81.79
81.84
81.87
81.88
81.77
81.75
81.83
81.93
81.75
81.71
81.8
81.87
81.84
81.79
81.8
81.83
81.76

81.81
81.8
81.94
81.83
81.73
81.83
81.86
81.85
81.76
81.79
81.85
81.82
81.77
81.78
81.83
81.75
81.83
81.82
81.75
81.79
81.82
81.77
81.76
81.78
81.8
81.88
81.71
81.75
81.75
81.66
81.76
81.77
81.68
81.79
81.67
81.71
81.59
81.69
81.75
81.67
81.75
81.75
81.79
81.8
81.56
81.64
81.87
81.71
81.65
81.74
81.87
81.69
81.62
81.79
81.78
81.69
81.71
81.75
81.75

81.71
81.69
81.71
81.68
81.64
81.7
81.75
81.71
81.75
81.8
81.81
81.71
81.7
81.71
81.72
81.7
81.67
81.45
81.74
81.72
81.64
81.56
81.66
81.61
81.65
81.55
81.69
81.64
81.61
81.7
81.74
81.67
81.59
81.6
81.75
81.45
81.6
81.68
81.57
81.55
81.73
81.59
81.59
81.59
81.64
81.61
81.49
81.65
81.65
81.6
81.59
81.67
81.63
81.49
81.52
81.59
81.67
81.5
81.47

81.48
81.7
81.55
81.55
81.59
81.33
81.57
81.51
81.55
81.47
81.41
81.55
81.46
81.52
81.42
81.55
81.67
81.56
81.4
81.46
81.52
81.51
81.51
81.42
81.48
81.43
81.42
81.57
81.46
81.5
81.51
81.47
81.55
81.21
81.4
81.4
81.44
81.53
81.46
81.34
81.31
81.3
81.33
81.18
81.33
81.28
81.5
81.18
81.3
81.53
81.34
81.26
81.44
81.34
81.3
81.3
81.36
81.34
81.23

81.22
81.34
81.25
81.25
81.34
81.31
81.27
81.22
81.23
81.26
81.22
81.18
81.27
81.4
81.27
81.21
81.38
81.26
81.19
81.22
81.19
81.2
81.26
81.21
81.27
81.26
81.34
81.22
81.23
81.42
81.22
81.34
81.2
81.18
81.24
81.27
81.29
81.22
81.24
81.18
81.27
81.29
81.2
81.2
81.21
81.21
81.3
81.29
81.17
81.21
81.34
81.13
80.97
81.19
81.14
81.18
81.29
81.24
81.25

81.22
81.22
81.19
81.14
81.14
81.23
81.12
81.12
81.14
81.21
81.22
81.06
81.14
81.14
81.17
81.14
81.2
81.3
81.2
81.26
81.2
81.18
81.22
81.11
81.24
81.13
81.15
81.18
81.14
81.18
81.14
81.15
81.16
81.06
81.05
81.22
81.18
80.92
81.33
81.22
81.2
81.07
81.22
81.26
81.11
81.02
81.15
81.27
81.1
81.07
81.26
81.18
81.04
81.15
81.13
81.1
81.18
81.12
81.11

81.15
81.22
81.14
81.14
81.17
81.13
81.06
81.23
81.16
81.02
81.15
81
81.17
81.01
81.14
80.97
80.94
81.22
80.97
80.93
81.19
81.14
81.1
81.04
81.1
81.1
80.9
81.12
81
81.06
80.9
81.09
81.11
81.09
80.94
81
81.06
81.12
80.92
81.02
81.07
80.99
80.96
81.03
80.99
80.99
81.03
81.02
80.9
80.97
80.96
80.97
80.9
81.02
80.85
80.87
80.93
80.92
80.94

80.92
81.03
81.02
80.86
80.93
80.87
80.93
80.95
80.92
80.9
81.09
81.02
80.91
81.02
80.99
80.82
80.86
80.91
81.04
80.87
80.75
80.91
81.14
80.86
80.91
80.91
81.14
80.91
80.94
80.93
80.97
80.87
80.96
81.03
80.99
80.88
80.82
80.96
80.92
80.94
80.86
80.86
81.03
80.94
80.9
80.82
80.82
80.79
80.8
80.83
80.89
80.79
80.9
80.82
80.9
80.98
80.94
80.87
80.86

80.82
80.9
80.86
80.83
80.96
80.85
80.86
80.98
81.03
80.94
80.74
80.9
80.97
80.79
80.91
80.91
80.95
80.74
80.9
80.89
80.86
80.8
80.75
80.94
80.82
80.87
80.86
80.88
80.92
80.92
80.96
80.84
80.88
80.98
80.79
80.84
80.9
80.83
80.93
80.86
81.09
81.1
80.98
80.98
81.05
80.9
80.88
80.93
81.04
81.04
81.02
80.97
80.96
81.02
80.95
80.99
80.94
80.99
81.05

80.95
81.05
81.07
80.94
81.01
81.08
81.05
80.99
81.09
81.14
80.95
80.99
81.13
81.11
80.95
80.98
81.05
80.94
80.84
81.03
81.03
80.98
80.98
80.98
81.08
80.94
81.07
81.02
80.99
80.98
80.98
81.12
80.96
80.92
81.03
81.06
81.05
80.94
81.04
81.14
80.9
80.9
80.98
81.03
81.1
80.93
81.02
81.1
81.14
81.03
81.06
81.07
81
81.04
80.93
80.98
81.06
80.94
81.06

81.18
81.08
81.04
81.12
81.14
81.12
81.13
81.11
81.14
81.12
81.05
81.14
81.04
81.11
80.98
81.17
81.14
81.18
81.13
81.07
81.13
81.08
81.08
81.14
81.13
81.26
81.15
81.1
81.14
81.28
81.1
81.08
81
81.18
81.22
81.1
81.1
81.22
81.18
81.19
81.12
80.95
81.15
81.22
81.12
81.23
81.27
81.3
81.22
81.14
81.28
81.4
81.24
81.17
81.31
81.26
81.2
81.18
81.24

81.3
81.24
81.34
81.3
81.31
81.3
81.33
81.22
81.28
81.39
81.26
81.24
81.24
81.31
81.24
81.22
81.4
81.32
81.27
81.38
81.3
81.38
81.38
81.33
81.32
81.27
81.34
81.29
81.34
81.33
81.34
81.22
81.31
81.43
81.39
81.39
81.26
81.47
81.38
81.37
81.26
81.33
81.26
81.34
81.22
81.33
81.26
81.18
81.16
81.33
81.12
81.15
81.18
81.22
81.23
81.3
81.3
81.26
81.27

81.34
81.27
81.22
81.32
81.38
81.32
81.26
81.28
81.25
81.34
81.06
81.27
81.34
81.26
81.19
81.26
81.38
81.33
81.33
81.42
81.32
81.39
81.42
81.34
81.35
81.37
81.32
81.34
81.32
81.28
81.26
81.24
81.26
81.27
81.35
81.34
81.15
81.34
81.45
81.34
81.33
81.38
81.37
81.35
81.39
81.38
81.32
81.48
81.31
81.24
81.35
81.36
81.33
81.22
81.41
81.42
81.38
81.32
81.34

81.36
81.33
81.41
81.3
81.23
81.32
81.3
81.41
81.35
81.43
81.28
81.31
81.31
81.27
81.28
81.25
81.26
81.41
81.28
81.28
81.37
81.43
81.28
81.3
81.45
81.32
81.4
81.42
81.3
81.37
81.28
81.25
81.18
81.26
81.37
81.3
81.38
81.3
81.38
81.31
81.39
81.37
81.35
81.27
81.33
81.38
81.38
81.43
81.34
81.37
81.4
81.49
81.43
81.35
81.41
81.36
81.34
81.34
81.47

81.26
81.31
81.41
81.34
81.29
81.42
81.4
81.54
81.22
81.35
81.47
81.26
81.34
81.38
81.36
81.47
81.42
81.32
81.26
81.38
81.32
81.4
81.26
81.46
81.45
81.31
81.37
81.39
81.37
81.33
81.36
81.36
81.47
81.49
81.38
81.39
81.42
81.28
81.39
81.41
81.44
81.34
81.41
81.32
81.47
81.38
81.32
81.39
81.43
81.32
81.4
81.42
81.41
81.51
81.39
81.31
81.42
81.45
81.33

81.35
81.31
81.32
81.34
81.3
81.43
81.43
81.41
81.41
81.43
81.42
81.38
81.41
81.42
81.51
81.39
81.41
81.47
81.45
81.35
81.34
81.42
81.37
81.38
81.34
81.37
81.42
81.32
81.39
81.39
81.37
81.42
81.35
81.37
81.34
81.34
81.36
81.26
81.29
81.38
81.2
81.31
81.33
81.36
81.37
81.36
81.31
81.35
81.29
81.33
81.29
81.28
81.38
81.35
81.38
81.38
81.43
81.39
81.21

81.47
81.42
81.32
81.25
81.4
81.27
81.31
81.31
81.35
81.28
81.3
81.32
81.31
81.28
81.17
81.3
81.3
81.3
81.25
81.27
81.29
81.26
81.22
81.28
81.22
81.22
81.22
81.25
81.28
81.33
81.27
81.25
81.26
81.26
81.26
81.26
81.22
81.27
81.33
81.29
81.31
81.32
81.31
81.19
81.2
81.27
81.31
81.21
81.22
81.35
81.37
81.34
81.22
81.2
81.23
81.33
81.23
81.17
81.27

81.19
81.19
81.25
81.25
81.21
81.18
81.11
81.25
81.19
81.18
81.17
81.24
81.3
81.17
81.18
81.3
81.26
81.2
81.14
81.18
81.2
81.14
81.12
81.21
81.23
81.09
81.06
81.18
81.18
81.1
81.16
81.17
81.22
81.15
81.19
81.15
81.17
81.14
81.09
81.12
81.2
81.21
81.08
81.12
81.14
81.3
81.19
80.98
81.03
81.07
81.1
81.17
81.06
81.08
81.12
81.11
81.11
81.2
81.15

81.14
81.17
81.18
81.06
81.06
81.03
81.15
81.08
81.02
81.14
81.06
81.01
81.06
81.1
81.16
81.12
81.02
81.11
81.11
81.04
80.97
81.08
81.04
81.04
81.09
81.02
80.98
81.06
81.02
81.03
80.97
81.15
81
81.06
81.06
81.07
81.09
81.01
80.94
81.1
81.01
80.97
81.05
81.04
81.09
81.09
81
81.03
81.1
81.05
81.06
80.98
81.05
81.08
80.94
81.05
81
81.08
81.01

81.13
81.06
81.09
80.96
81.01
80.96
81.03
80.95
80.99
81
81.01
81.02
80.98
80.94
80.98
80.98
80.95
80.96
80.97
81
80.97
81
80.95
80.98
80.93
80.94
81
81.01
81.06
81.04
80.82
80.95
80.98
80.91
80.92
80.91
80.99
80.82
80.98
80.95
80.9
81
80.93
81
80.86
80.85
80.94
80.95
80.79
80.92
80.89
80.98
80.81
80.86
80.95
80.88
80.83
80.74
80.93

80.86
80.97
80.91
80.86
81.01
80.98
80.98
80.81
81.01
80.91
81
80.98
80.96
80.9
80.83
80.9
80.86
80.83
80.94
80.9
80.9
80.89
80.86
80.93
80.92
80.93
80.84
80.91
80.96
80.99
80.98
80.85
80.93
80.98
80.94
80.91
80.94
80.96
80.79
80.86
80.85
80.92
80.86
80.98
80.94
80.93
80.85
80.86
80.86
80.82
80.9
80.9
80.88
80.89
80.97
80.94
80.92
80.91
80.98

80.93
80.9
80.88
80.99
80.92
80.96
80.93
80.98
81.01
80.93
81.06
80.96
81.03
80.94
81.03
81.05
80.99
80.9
81
81.06
80.98
80.94
80.96
80.96
80.95
80.98
80.98
81.06
80.94
80.87
80.98
80.92
81.02
80.93
80.91
80.94
80.91
81.02
80.91
80.98
81.06
80.96
80.92
81.02
81.02
80.95
80.88
80.89
81.02
80.99
80.91
80.97
80.92
80.94
80.81
80.93
81.02
80.97
81

80.91
80.99
81.07
80.94
80.94
81.03
81.06
81
81.02
80.93
80.98
80.97
80.9
80.82
80.97
80.91
81.02
80.99
80.98
80.96
80.81
80.93
80.96
80.9
80.86
80.93
80.94
80.94
80.88
80.97
80.99
81.03
80.97
80.86
81.04
81.02
80.77
80.97
80.96
80.96
80.95
80.82
80.9
80.93
80.97
80.96
80.86
80.88
80.92
80.98
80.87
80.91
81.03
80.95
80.93
80.84
80.97
80.98
80.8

81.01
80.93
80.81
80.9
80.95
80.92
80.91
80.92
80.95
80.95
80.88
80.87
80.93
80.96
80.97
81.07
80.84
80.9
80.91
80.91
80.82
80.9
81.02
80.88
80.95
81.06
80.89
80.89
80.8
81.04
80.98
80.91
81.02
80.98
81.04
80.93
80.92
81.08
81.04
80.95
80.96
81.09
81.13
81
80.94
81.05
80.9
80.97
81.04
81.06
80.99
81.09
81.01
80.93
81.07
81.11
81.02
80.94
81.05

81.09
81.07
81.07
81.02
81.02
81.07
81.06
81.06
80.98
81.1
81
81.08
81.06
81.11
81.1
81.03
81.18
81.02
81.01
81.09
81.14
81.11
81.1
81.06
81.14
80.94
81.03
81.04
81.1
81.07
80.99
80.98
80.98
80.97
81.03
81.12
81.12
81.1
81.08
81.06
81.06
81.1
81.11
81.09
81.11
81.08
81.02
81.16
81.16
81.15
81.15
81.09
81.18
81.19
81.16
81.18
81.25
81.26
81.18

81.17
81.2
81.11
81.16
81.12
81.17
81.17
81.14
81.21
81.27
81.18
81.18
81.18
81.21
81.26
81.24
81.15
81.2
81.29
81.21
81.21
81.18
81.13
81.19
81.25
81.18
81.28
81.21
81.17
81.24
81.23
81.23
81.26
81.21
81.27
81.29
81.24
81.22
81.25
81.22
81.16
81.24
81.25
81.24
81.26
81.24
81.34
81.22
81.3
81.32
81.22
81.21
81.24
81.25
81.26
81.27
81.18
81.14
81.25

81.11
81.17
81.08
81.28
81.19
81.22
81.18
81.3
81.32
81.22
81.22
81.26
81.26
81.26
81.32
81.31
81.27
81.22
81.22
81.25
81.32
81.3
81.25
81.26
81.3
81.22
81.22
81.3
81.33
81.41
81.36
81.28
81.38
81.38
81.38
81.33
81.37
81.38
81.18
81.25
81.23
81.35
81.37
81.33
81.34
81.39
81.23
81.29
81.29
81.34
81.28
81.29
81.32
81.25
81.38
81.39
81.25
81.38
81.33

81.3
81.38
81.36
81.42
81.26
81.39
81.33
81.38
81.36
81.39
81.49
81.34
81.37
81.45
81.38
81.32
81.38
81.44
81.42
81.42
81.38
81.38
81.43
81.34
81.39
81.4
81.51
81.39
81.41
81.38
81.47
81.38
81.26
81.37
81.4
81.38
81.39
81.45
81.47
81.42
81.45
81.35
81.48
81.47
81.47
81.42
81.47
81.46
81.37
81.42
81.42
81.51
81.37
81.34
81.34
81.45
81.34
81.35
81.32

81.51
81.37
81.29
81.42
81.39
81.33
81.34
81.42
81.34
81.29
81.26
81.39
81.34
81.23
81.33
81.3
81.38
81.33
81.21
81.37
81.37
81.23
81.18
81.31
81.27
81.42
81.28
81.26
81.34
81.34
81.21
81.3
81.28
81.23
81.19
81.28
81.18
81.28
81.29
81.14
81.22
81.29
81.27
81.2
81.24
81.33
81.21
81.17
81.22
81.34
81.26
81.24
81.24
81.31
81.38
81.2
81.06
81.19
81.26

81.14
81.33
81.38
81.1
81.22
81.28
81.22
81.26
81.26
81.36
81.26
81.15
81.3
81.34
81.26
81.29
81.27
81.25
81.2
81.4
81.3
81.29
81.27
81.29
81.31
81.2
81.33
81.46
81.26
81.14
81.28
81.28
81.29
81.24
81.33
81.38
81.25
81.31
81.3
81.41
81.35
81.22
81.22
81.31
81.38
81.33
81.26
81.3
81.38
81.29
81.18
81.3
81.24
81.33
81.24
81.28
81.4
81.26
81.19

81.28
81.39
81.19
81.2
81.34
81.25
81.16
81.14
81.34
81.24
81.12
81.18
81.27
81.26
81.08
81.17
81.22
81.11
81.17
81.17
81.22
81.12
81.08
81.3
81.18
81.17
81.17
81.23
81.06
81.18
81.41
81.06
81.02
81.11
81.17
81.05
81.1
81.13
81.05
81.01
80.9
81
81.02
81.03
81.06
80.93
81.07
81.01
80.83
80.86
80.95
80.97
80.81
80.9
80.96
80.93
80.98
80.98
80.97

80.9
80.89
80.92
81.08
80.88
80.93
80.97
80.98
80.84
80.87
81
80.98
80.9
80.94
80.94
80.96
81
80.98
80.9
80.94
81.02
80.86
80.84
80.94
80.97
80.99
80.75
80.87
80.88
80.93
80.87
80.93
80.94
80.93
80.94
80.9
80.94
80.98
80.92
80.94
80.99
80.89
81.01
81.06
81.02
80.99
80.85
80.9
81.01
80.92
81.04
80.94
81
81.09
80.95
81
80.97
81.03
81.05

81.03
81.04
80.97
81.01
80.9
81.02
80.94
81.02
80.86
81.02
81.04
80.98
80.99
81.13
81.03
80.99
81.03
81.1
81.14
80.9
80.96
81.09
81.09
80.93
80.98
81.05
81.06
81.05
80.95
81.05
81.08
81.06
80.97
81
81.13
80.9
80.91
81.09
81.13
81
80.99
81.03
80.89
80.94
80.92
81.06
81
80.98
80.9
81.02
81
80.93
80.98
80.98
80.99
81.03
80.9
80.88
80.97

80.92
80.91
80.91
81.02
80.9
80.97
80.93
80.92
80.89
80.81
80.81
80.87
80.94
81.02
80.93
80.93
81.01
80.9
80.82
80.86
80.9
80.89
80.97
80.94
80.9
80.88
80.92
81.02
80.92
80.86
80.88
80.92
80.97
80.88
80.87
81.03
80.91
80.79
80.78
80.88
80.96
80.75
80.86
80.83
80.87
80.95
80.88
80.95
80.9
81.03
80.96
81
80.94
80.95
80.95
80.98
81
81
80.91

80.89
81.05
80.89
80.81
80.88
81.02
80.92
80.82
80.84
81.06
80.82
80.78
80.83
80.9
80.92
80.87
80.82
80.9
81.06
80.9
80.96
80.96
80.89
80.86
80.86
80.92
80.97
80.92
80.88
80.94
80.94
80.84
80.75
80.91
80.9
80.82
80.89
80.96
81
80.9
80.89
80.93
80.82
80.95
80.9
80.98
80.86
81
80.98
81.01
80.98
81.1
81.03
80.95
80.97
81.05
80.89
80.94
81

81.02
81.12
80.96
81.08
81.11
81.04
81.03
81.12
81.03
81.06
81.09
81.1
81.09
81.06
81.01
81.02
81.03
81.05
81.06
81.03
81.18
81.25
81.04
81.03
81.02
81.11
81.18
81.14
81.04
81.06
81.09
81.06
81.12
81.18
81.13
81.14
81.11
81.22
81.21
81.13
81.12
81.2
81.26
81.14
81.16
81.18
81.34
81.22
81.19
81.21
81.25
81.33
81.14
81.29
81.22
81.22
81.28
81.27
81.25

81.21
81.13
81.19
81.35
81.31
81.23
81.28
81.31
81.29
81.26
81.44
81.28
81.22
81.31
81.38
81.34
81.3
81.35
81.2
81.38
81.32
81.34
81.26
81.34
81.4
81.34
81.41
81.26
81.36
81.32
81.3
81.36
81.37
81.38
81.42
81.32
81.37
81.38
81.39
81.4
81.47
81.51
81.53
81.38
81.49
81.49
81.4
81.41
81.49
81.6
81.56
81.48
81.62
81.48
81.49
81.47
81.47
81.46
81.61

81.47
81.46
81.62
81.43
81.58
81.66
81.57
81.68
81.55
81.51
81.57
81.64
81.49
81.51
81.59
81.6
81.6
81.55
81.52
81.64
81.58
81.54
81.56
81.63
81.6
81.61
81.69
81.67
81.71
81.66
81.64
81.64
81.69
81.62
81.75
81.63
81.64
81.63
81.54
81.74
81.68
81.67
81.63
81.63
81.68
81.67
81.64
81.7
81.71
81.71
81.69
81.64
81.75
81.79
81.68
81.65
81.69
81.83
81.83

81.79
81.83
81.67
81.67
81.67
81.79
81.68
81.72
81.77
81.65
81.71
81.76
81.67
81.69
81.85
81.72
81.71
81.71
81.75
81.78
81.67
81.75
81.73
81.73
81.75
81.68
81.83
81.67
81.5
81.83
81.8
81.79
81.72
81.8
81.67
81.75
81.87
81.73
81.71
81.83
81.84
81.69
81.76
81.84
81.9
81.76
81.75
81.8
81.91
81.86
81.73
81.87
81.83
81.83
81.87
81.81
81.74
81.87
81.76

81.78
81.84
81.81
81.76
81.83
81.82
81.9
81.61
81.82
81.8
81.72
81.83
81.79
81.77
81.76
81.74
81.64
81.71
81.91
81.75
81.67
81.73
81.79
81.68
81.68
81.8
81.89
81.81
81.55
81.86
81.82
81.8
81.72
81.7
81.76
81.74
81.62
81.7
81.74
81.67
81.67
81.67
81.71
81.69
81.63
81.63
81.72
81.82
81.77
81.71
81.64
81.7
81.8
81.59
81.68
81.74
81.77
81.71
81.75

81.69
81.65
81.64
81.84
81.59
81.71
81.59
81.65
81.77
81.75
81.6
81.66
81.7
81.67
81.65
81.67
81.56
81.66
81.65
81.51
81.6
81.63
81.63
81.68
81.63
81.66
81.65
81.64
81.64
81.82
81.6
81.56
81.66
81.67
81.62
81.65
81.55
81.68
81.75
81.53
81.45
81.67
81.7
81.53
81.59
81.63
81.71
81.58
81.49
81.55
81.63
81.6
81.57
81.58
81.61
81.47
81.55
81.69
81.58

81.52
81.57
81.52
81.61
81.58
81.47
81.51
81.56
81.58
81.65
81.68
81.6
81.59
81.56
81.63
81.65
81.67
81.58
81.6
81.66
81.56
81.59
81.57
81.66
81.55
81.68
81.52
81.63
81.59
81.56
81.62
81.63
81.67
81.68
81.63
81.58
81.64
81.6
81.61
81.62
81.67
81.51
81.63
81.59
81.61
81.58
81.59
81.59
81.54
81.61
81.63
81.48
81.69
81.6
81.59
81.49
81.43
81.55
81.58

81.52
81.56
81.48
81.42
81.45
81.46
81.51
81.45
81.5
81.5
81.5
81.34
81.34
81.42
81.42
81.49
81.3
81.44
81.42
81.41
81.43
81.46
81.41
81.4
81.5
81.34
81.38
81.42
81.4
81.45
81.43
81.35
81.29
81.42
81.53
81.53
81.38
81.47
81.38
81.48
81.45
81.39
81.47
81.43
81.47
81.39
81.54
81.59
81.46
81.43
81.46
81.47
81.44
81.34
81.42
81.47
81.43
81.45
81.49

81.47
81.38
81.35
81.36
81.35
81.54
81.34
81.39
81.4
81.49
81.3
81.36
81.47
81.25
81.45
81.33
81.48
81.42
81.33
81.36
81.34
81.38
81.48
81.37
81.44
81.48
81.28
81.35
81.19
81.34
81.35
81.37
81.47
81.43
81.41
81.4
81.42
81.44
81.38
81.34
81.29
81.3
81.39
81.4
81.36
81.35
81.38
81.38
81.27
81.32
81.3
81.37
81.24
81.23
81.38
81.31
81.31
81.3
81.35

81.1
81.43
81.42
81.38
81.45
81.3
81.24
81.34
81.39
81.38
81.27
81.18
81.34
81.25
81.31
81.35
81.42
81.28
81.42
81.38
81.36
81.44
81.34
81.35
81.51
81.44
81.32
81.5
81.36
81.38
81.33
81.38
81.41
81.4
81.38
81.34
81.31
81.34
81.35
81.35
81.35
81.34
81.32
81.36
81.35
81.28
81.45
81.3
81.37
81.37
81.29
81.31
81.34
81.29
81.29
81.19
81.44
81.26
81.34

81.31
81.35
81.26
81.25
81.25
81.26
81.38
81.23
81.16
81.31
81.31
81.31
81.12
81.22
81.31
81.3
81.18
81.26
81.26
81.22
81.12
81.31
81.27
81.27
81.38
81.17
81.27
81.34
81.34
81.27
81.25
81.28
81.3
81.23
81.26
81.26
81.26
81.25
81.15
81.34
81.3
81.26
81.21
81.25
81.3
81.2
81.1
81.27
81.22
81.15
81.23
81.18
81.26
81.18
81.26
81.22
81.21
81.13
81.14

81.28
81.23
81.09
81.18
81.09
81.12
81.14
81.26
81.14
81.23
81.18
81.13
81.21
81.17
81.18
81.18
80.84
81.22
81.14
81.19
81.21
81.27
81.12
81.14
81.17
81.27
81.13
81.13
81.14
81.19
81.15
81.17
81.2
81.2
81.04
81.01
81.2
81.11
81.12
81.11
81.04
81.1
81.16
81.1
81.05
81.05
81.02
81.07
81.16
81.14
81.08
81.03
81
81.05
81.05
81.08
81.12
81.21
81.11

81.02
81.11
81.27
81.06
81.06
81.09
81.06
81.2
81.08
81.19
81.17
81.19
81.07
81.09
81.18
81.13
80.98
81.06
81.18
81.1
81.01
81.01
81.1
81.11
81.06
81.11
81.02
81.01
81.06
80.94
81.09
81.14
81.1
81.02
80.97
81.1
81.09
81.09
81.1
81.08
81.15
81.06
81.02
81.06
81.17
81.08
80.98
81.01
81.09
81.02
80.99
80.99
81.03
80.98
80.98
80.96
81.13
80.87
80.83

80.98
81.08
80.99
80.9
80.97
81.05
81.1
80.95
80.99
81.02
80.98
80.9
81.07
81.05
81.02
81.02
80.99
81.18
81.1
81.04
81.03
81.08
81.07
81
80.94
81.13
81.06
80.98
80.89
80.99
81.12
81.05
80.94
81.19
81.14
81.05
81.07
81.13
81.07
80.97
81.06
80.99
80.98
81.07
81.03
80.95
81.08
81.09
81.03
80.9
81.04
81.12
81.05
80.95
81.01
81.09
81.06
80.85
81.08

81.08
81.05
81.02
81.13
81.1
81.02
80.99
81.06
81.03
80.94
80.99
81.09
81.03
80.98
81.02
81.09
81.06
80.98
81.01
80.92
80.98
80.96
80.88
80.85
80.98
81.03
80.95
80.92
81.02
81.01
80.96
80.97
81.02
81.04
80.98
81.05
81.06
81.02
80.98
81.03
81
81.05
81.06
81.01
81.06
81.09
81.09
81.02
81.02
81.13
81.05
81.08
81.06
81.02
81.04
81.03
81.02
81.14
81.09

80.99
80.98
81.1
81.07
81.1
81.1
81.1
81.03
81.05
81.04
81.1
81.06
81.01
81.06
81.15
81.1
81.06
81.04
81.07
81.07
81.06
81.06
81.07
81.1
81.08
81.08
81.13
81.07
80.98
81.1
81.02
81.18
81.12
81.1
81.2
81.18
81.03
81.14
81.18
81.22
81.09
81.16
81.1
81.11
81.25
81.11
81.16
81.32
81.2
81.16
81.14
81.2
81.13
81.12
81.21
81.22
81.12
81.25
81.22

81.19
81.13
81.15
81.26
81.13
81.2
81.22
81.18
81.32
81.24
81.24
81.13
81.27
81.37
81.19
81.18
81.26
81.27
81.13
81.14
81.16
81.18
81.18
81.15
81.28
81.23
81.22
81.22
81.22
81.26
81.18
81.24
81.18
81.35
81.37
80.97
81.18
81.28
81.23
81.22
81.25
81.22
81.18
81.15
81.15
81.18
81.12
81.12
81.12
81.24
81.22
81.14
81.14
81.28
81.22
81.26
81.12
81.1
81.14

81.1
81.09
81.18
81.22
80.95
81.03
81.26
81.14
81.21
81.14
81.17
81.17
81.13
81.1
81.22
81.14
81.14
81.14
81.15
81.21
81.14
81.18
81.2
81.13
81.18
81.12
81.22
81.22
81.14
81.11
81.2
81.22
81.22
81.23
81.18
81.24
81.21
81.12
81.22
81.24
81.27
81.1
81.15
81.28
81.22
81.18
81.11
81.32
81.22
81.18
81.13
81.28
81.13
81.12
81.19
81.22
81.18
81.15
81.11

81.33
81.21
81.17
81.25
81.22
81.24
81.18
81.29
81.26
81.29
81.18
81.3
81.25
81.2
81.16
81.18
81.16
81.2
81.16
81.13
81.15
81.23
81.22
80.99
81.06
81.19
81.18
81.26
81.14
81.16
81.22
81.15
81.14
81.2
81.18
81.22
81.14
81.19
81.29
81.25
81.23
81.18
81.22
81.22
81.18
81.19
81.1
81.11
81.14
81.22
81.33
81.19
81.1
81.15
81.17
81.29
81.18
81.15
81.22

81.14
81.16
81.09
81.11
81.08
81.09
81.17
81.25
81.19
81.09
81.13
81.14
81.15
81.14
81.1
81.14
81.09
81.09
81.08
81.14
81.11
81.08
81.09
81.02
81.16
81.07
81.12
81.18
81.14
81.06
81.14
80.97
81.07
81.09
81.07
81.07
81.14
81.1
81.1
81.13
81.16
81.1
81.02
81.07
81.12
81.22
81.1
81.06
81.12
81.12
81.07
81.06
80.98
81.08
81.06
81.06
80.99
81.02
81.12

81.05
80.97
80.98
81.04
81.02
80.98
81.02
80.98
80.98
81.08
81.1
80.98
81.02
81.02
81.04
80.99
80.94
81
81.1
81.05
81.02
80.94
80.96
81.09
81.09
81
80.98
81.08
81.08
80.99
81.05
81.03
80.94
81.06
81.03
81.03
81
80.94
81.04
81.01
80.96
80.92
80.95
81.02
80.94
81.02
80.97
80.98
80.96
80.87
81.06
80.94
80.98
80.93
80.98
81.09
80.98
80.96
80.96

80.94
80.93
80.93
80.94
80.98
80.94
80.86
80.89
80.82
80.85
80.88
80.82
80.83
80.9
80.82
80.87
80.96
80.76
80.67
80.82
80.86
80.75
80.8
80.75
80.82
80.86
80.83
80.79
80.86
80.83
80.84
80.84
80.82
80.86
80.75
80.78
80.86
80.87
80.74
80.76
80.71
80.82
80.84
80.71
80.71
80.75
80.82
80.7
80.69
80.93
80.77
80.81
80.75
80.77
80.81
80.75
80.66
80.74
80.71

80.7
80.73
80.74
80.79
80.83
80.82
80.82
80.82
80.82
80.8
80.9
80.86
80.66
80.85
80.73
80.74
80.8
80.87
80.76
80.78
80.71
80.74
80.78
80.85
80.77
80.71
80.73
80.66
80.7
80.72
80.78
80.66
80.7
80.74
80.76
80.78
80.71
80.68
80.78
80.79
80.81
80.66
80.75
80.82
80.8
80.7
80.69
80.77
80.74
80.72
80.72
80.8
80.77
80.66
80.74
80.76
80.76
80.78
80.8

80.78
80.78
80.78
80.77
80.78
80.74
80.73
80.78
80.82
80.69
80.83
80.82
80.73
80.77
80.75
80.69
80.68
80.82
80.76
80.75
80.89
80.8
80.74
80.78
80.82
80.78
80.79
80.75
80.81
80.86
80.8
80.75
80.81
80.76
80.74
80.79
80.84
80.9
80.77
80.72
80.87
80.88
80.77
80.74
80.84
80.84
80.78
80.78
80.86
80.82
80.78
80.82
80.79
80.85
80.76
80.72
80.91
80.91
80.75

80.85
80.82
80.88
80.74
80.78
80.88
80.9
80.89
80.87
80.87
80.86
80.83
80.89
80.88
80.91
80.9
80.86
80.87
80.9
80.87
80.83
80.89
80.91
80.91
80.93
80.89
80.97
80.9
80.89
81.01
81.03
80.94
80.92
80.98
81.05
81.04
80.97
81
80.98
81.02
80.92
80.93
80.98
81.07
80.91
80.91
81.03
80.98
80.86
80.96
81.04
80.97
80.95
80.94
80.87
80.98
80.98
80.92
80.98

80.85
80.91
80.86
80.99
80.98
80.84
80.98
80.93
80.89
80.82
80.93
81.13
80.99
80.86
80.97
81
80.97
80.92
80.9
80.92
80.88
80.91
80.72
80.96
80.92
80.86
80.88
80.9
80.9
80.75
80.8
80.84
80.95
80.91
80.86
80.78
80.74
80.91
80.81
80.78
80.81
80.91
80.8
80.81
80.87
80.84
80.72
80.83
80.82
80.81
80.98
80.86
80.91
80.82
80.76
80.71
80.79
80.78
80.77

80.74
80.76
80.69
80.76
80.7
80.73
80.78
80.76
80.67
80.77
80.75
80.64
80.73
80.79
80.79
80.63
80.64
80.9
80.77
80.57
80.74
80.8
80.79
80.67
80.71
80.74
80.71
80.69
80.66
80.73
80.73
80.75
80.7
80.71
80.78
80.83
80.68
80.74
80.78
80.73
80.63
80.7
80.68
80.7
80.62
80.7
80.75
80.69
80.74
80.82
80.78
80.74
80.74
80.72
80.8
80.81
80.72
80.77
80.72

80.76
80.73
80.66
80.79
80.77
80.7
80.76
80.65
80.71
80.66
80.7
80.71
80.7
80.65
80.7
80.85
80.79
80.74
80.76
80.76
80.81
80.76
80.76
80.87
80.83
80.85
80.79
80.81
80.7
80.78
80.74
80.82
80.85
80.7
80.75
80.66
80.75
80.66
80.68
80.74
80.76
80.72
80.72
80.78
80.78
80.75
80.73
80.73
80.68
80.67
80.66
80.63
80.72
80.69
80.76
80.66
80.7
80.71
80.73

80.74
80.77
80.7
80.64
80.67
80.71
80.65
80.64
80.67
80.74
80.66
80.65
80.62
80.74
80.73
80.58
80.62
80.61
80.72
80.55
80.66
80.66
80.68
80.61
80.53
80.55
80.61
80.58
80.58
80.59
80.59
80.53
80.58
80.56
80.6
80.61
80.66
80.66
80.63
80.56
80.5
80.54
80.58
80.59
80.58
80.55
80.54
80.54
80.46
80.65
80.62
80.56
80.52
80.53
80.52
80.58
80.57
80.54
80.54

80.51
80.57
80.55
80.57
80.66
80.64
80.64
80.57
80.5
80.54
80.62
80.58
80.54
80.57
80.59
80.61
80.58
80.53
80.6
80.54
80.52
80.63
80.62
80.54
80.55
80.49
80.61
80.57
80.53
80.55
80.52
80.57
80.5
80.5
80.47
80.49
80.46
80.45
80.42
80.52
80.43
80.48
80.34
80.5
80.46
80.58
80.55
80.47
80.54
80.53
80.58
80.48
80.52
80.54
80.48
80.48
80.57
80.53
80.5

80.42
80.49
80.43
80.59
80.54
80.57
80.59
80.47
80.48
80.5
80.49
80.42
80.5
80.51
80.54
80.56
80.49
80.6
80.56
80.46
80.46
80.49
80.44
80.35
80.41
80.4
80.46
80.45
80.37
80.51
80.51
80.31
80.39
80.39
80.39
80.41
80.43
80.32
80.33
80.36
80.37
80.4
80.32
80.38
80.33
80.47
80.4
80.41
80.34
80.27
80.45
80.32
80.33
80.39
80.37
80.25
80.31
80.31
80.28

80.29
80.27
80.31
80.35
80.33
80.38
80.26
80.28
80.3
80.29
80.22
80.31
80.35
80.29
80.3
80.35
80.4
80.27
80.23
80.27
80.33
80.35
80.24
80.26
80.33
80.3
80.21
80.21
80.35
80.32
80.34
80.37
80.24
80.23
80.24
80.2
80.3
80.26
80.14
80.18
80.2
80.24
80.14
80.19
80.24
80.22
80.14
80.17
80.04
80.1
80.12
80.18
80.08
80.18
80.19
80.09
80.09
80.17
80.09

80.05
80.16
80.13
80.12
80.05
80.06
80.09
80.03
80.07
80.09
80.1
80.04
80.07
80.01
80.1
80.05
80.05
80.03
80.05
80.02
79.97
80.01
80.08
80
79.87
79.99
80.03
80.07
79.97
79.97
80
80.01
80.05
79.93
80.03
80.08
80.01
79.94
79.9
80.01
79.98
79.94
79.93
80.09
79.94
79.92
79.92
80.02
79.98
79.89
79.84
79.93
79.89
79.77
79.89
79.93
79.91
79.78
79.81

79.9
79.85
79.76
79.83
79.73
79.85
79.84
79.64
79.94
79.93
79.76
79.77
79.83
79.77
79.81
79.72
79.81
79.74
79.71
79.78
79.77
79.74
79.66
79.73
79.63
79.7
79.57
79.61
79.6
79.71
79.68
79.56
79.61
79.53
79.58
79.5
79.57
79.49
79.61
79.53
79.48
79.57
79.51
79.46
79.42
79.37
79.48
79.48
79.4
79.46
79.45
79.4
79.5
79.4
79.41
79.48
79.4
79.3
79.42

79.39
79.33
79.36
79.41
79.39
79.31
79.36
79.35
79.31
79.41
79.37
79.39
79.42
79.42
79.37
79.32
79.34
79.38
79.32
79.28
79.32
79.31
79.27
79.28
79.36
79.34
79.1
79.23
79.28
79.25
79.2
79.2
79.17
79.26
79.2
79.18
79.26
79.27
79.2
79.2
79.16
79.2
79.13
79.12
79.17
79.26
79.16
79.07
79.08
79.18
79.24
79.14
79.1
79.12
79.24
79.15
79.1
79.12
79.24

79.14
79.12
79.2
79.13
79.06
79.19
79.16
79.13
79.13
79.2
79.25
79.14
79.1
79.15
79.18
79.16
79.15
79.19
79.16
79.19
79.17
79.17
79.13
79.2
79.19
79.2
79.14
79.19
79.21
79
79.05
79.16
79.11
79.03
79.04
79.24
79.12
79.13
79.06
79.03
79.14
79.1
79.13
79.1
79.16
79.16
79.04
79.15
79.2
79.13
79.02
79.08
79.11
79.17
79.04
79.07
79.1
79.05
79.11

79.08
79.11
79.04
79.06
79.11
79.13
79.05
79.13
79.06
79.25
79.08
79.06
79.04
79.25
79.13
79.04
79.1
79.17
79.15
79.02
79.05
79.09
79
78.97
78.99
79.11
79.14
79.03
79.06
79.05
79.1
79.02
79.02
78.95
79.06
79.06
78.94
78.96
79.05
79.08
79.02
78.96
78.99
79.12
79.07
79.02
79.07
79.04
78.98
78.91
78.93
79.16
79.14
78.94
79.02
78.96
78.92
78.92
78.92

79.05
79.03
78.96
79.04
79
79.04
78.96
79.01
79
79
78.91
79.06
79.08
79.03
79.01
78.96
79.07
79.07
79.07
79.04
79.06
79.06
78.99
78.98
79.05
79.1
79.04
79.04
79.11
79.04
79.03
78.97
79.03
79.04
79.02
79.05
79.03
79.07
79.08
79.05
79.14
79.13
79.15
79.11
79.12
79.14
79.18
79.09
79.08
79.17
79.11
79.07
79
79.12
79.13
79.08
79.04
79.09
79.12

79
79.13
79.11
79.07
79.02
79.1
79.07
79.07
79.08
79.08
79.11
79.11
79.14
79.1
79.16
79.15
79.13
79.14
79.15
79.22
79.15
79.2
79.18
79.2
79.19
79.16
79.2
79.17
79.22
79.19
79.2
79.2
79.2
79.16
79.17
79.2
79.24
79.28
79.16
79.2
79.29
79.19
79.15
79.31
79.27
79.23
79.21
79.23
79.3
79.29
79.2
79.2
79.25
79.32
79.21
79.23
79.29
79.24
79.31

79.24
79.28
79.35
79.25
79.23
79.26
79.26
79.24
79.27
79.26
79.16
79.2
79.22
79.25
79.24
79.28
79.23
79.32
79.24
79.28
79.23
79.28
79.29
79.19
79.19
79.19
79.36
79.28
79.19
79.23
79.24
79.25
79.18
79.2
79.28
79.19
79.15
79.21
79.24
79.2
79.19
79.24
79.35
79.27
79.23
79.16
79.32
79.26
79.2
79.2
79.23
79.28
79.16
79.12
79.2
79.26
79.31
79.26
79.24

79.25
79.16
79.2
79.28
79.23
79.21
79.25
79.22
79.24
79.21
79.2
79.21
79.24
79.19
79.15
79.16
79.24
79.32
79.2
79.23
79.27
79.27
79.2
79.23
79.24
79.19
79.08
79.14
79.22
79.16
79.19
79.2
79.27
79.29
79.12
79.17
79.21
79.28
79.2
79.12
79.2
79.16
79.12
79.08
79.15
79.18
79.12
79.1
79.12
79.14
79.12
79.02
79.18
79.15
79.11
79.1
79.2
79.23
79.15

79.17
79.2
79.18
79.12
79.19
79.23
79.23
79.19
79.17
79.2
79.24
79.2
79.16
79.18
79.15
79.21
79.1
79.17
79.25
79.23
79.17
79.16
79.17
79.12
79.19
79.18
79.26
79.22
79.18
79.18
79.24
79.24
79.23
79.16
79.24
79.27
79.17
79.14
79.16
79.26
79.13
79.18
79.16
79.21
79.16
79.16
79.23
79.2
79.15
79.17
79.16
79.28
79.15
79.23
79.21
79.2
79.24
79.2
79.19

79.2
79.14
79.17
79.22
79.16
79.13
79.12
79.12
79.17
79.14
79.08
79.13
79.2
79.14
79.07
79.2
79.15
79.12
79.09
79.16
79.16
79.17
79.07
79.12
79.16
79.07
79.08
79.11
79.08
79.13
79.04
79.08
79.13
79.1
79.07
79.08
79.12
79.13
79.11
79.14
79.2
79.2
79.06
79
79.14
79.2
79.15
79.14
79.16
79.16
79.18
79.11
79.13
79.14
79.12
79.17
79.16
79.24
79.16

79.2
79.26
79.28
79.21
79.19
79.22
79.25
79.17
79.24
79.29
79.2
79.22
79.24
79.26
79.22
79.24
79.28
79.23
79.24
79.24
79.23
79.27
79.28
79.22
79.25
79.26
79.36
79.28
79.22
79.28
79.24
79.32
79.32
79.34
79.38
79.31
79.26
79.41
79.41
79.36
79.34
79.36
79.38
79.4
79.4
79.43
79.47
79.38
79.46
79.36
79.42
79.46
79.41
79.43
79.47
79.45
79.32
79.44
79.46

79.36
79.39
79.49
79.47
79.4
79.45
79.44
79.51
79.49
79.41
79.48
79.53
79.4
79.51
79.52
79.46
79.49
79.55
79.51
79.46
79.53
79.53
79.61
79.5
79.52
79.54
79.6
79.57
79.55
79.57
79.54
79.53
79.62
79.61
79.62
79.69
79.63
79.51
79.55
79.69
79.62
79.61
79.56
79.63
79.56
79.56
79.66
79.6
79.62
79.56
79.56
79.67
79.58
79.65
79.72
79.66
79.67
79.67
79.62

79.64
79.68
79.65
79.62
79.69
79.61
79.67
79.69
79.7
79.66
79.69
79.65
79.67
79.71
79.68
79.73
79.69
79.69
79.7
79.69
79.69
79.67
79.64
79.69
79.7
79.73
79.64
79.7
79.71
79.73
79.7
79.76
79.77
79.77
79.77
79.77
79.73
79.81
79.73
79.81
79.84
79.88
79.72
79.85
79.89
79.84
79.84
79.85
79.89
79.86
79.84
79.82
79.84
79.94
79.92
79.81
79.85
79.88
79.89

79.9
79.92
79.86
79.88
79.92
79.93
79.93
79.88
79.92
79.95
79.9
79.93
79.95
79.99
79.93
79.89
79.89
79.92
79.96
79.87
79.94
79.94
79.99
79.93
79.94
79.93
79.9
80
79.99
80.1
80.1
80.01
79.99
80.09
80.02
80.05
80.01
80.11
80.13
80.05
80.01
80.09
80.1
80.04
80.08
80.05
80.08
80.1
80.08
80.08
80.09
80.06
80.02
80.16
80.18
80.14
80.13
80.15
80.16

80.09
80.15
80.24
80.21
80.18
80.21
80.22
80.2
80.21
80.19
80.25
80.24
80.21
80.2
80.15
80.18
80.25
80.17
80.24
80.21
80.21
80.2
80.17
80.19
80.23
80.14
80.16
80.17
80.17
80.21
80.21
80.3
80.23
80.18
80.2
80.25
80.25
80.19
80.28
80.33
80.23
80.22
80.16
80.29
80.29
80.1
80.17
80.31
80.09
80.14
80.17
80.21
80.25
80.21
80.2
80.19
80.24
80.3
80.21

80.29
80.19
80.25
80.33
80.33
80.28
80.31
80.34
80.29
80.29
80.25
80.37
80.29
80.28
80.25
80.35
80.33
80.31
80.28
80.36
80.29
80.25
80.27
80.29
80.31
80.3
80.32
80.3
80.38
80.3
80.29
80.29
80.39
80.34
80.35
80.35
80.38
80.37
80.24
80.37
80.37
80.32
80.33
80.32
80.33
80.32
80.16
80.23
80.31
80.25
80.2
80.55
80.14
80.15
80.09
80.14
80.22
80.2
80.2

80.05
80.15
80.04
80.02
80.09
80.09
79.99
79.95
80.01
79.95
79.97
79.89
79.93
80.02
79.88
79.9
79.97
80
79.74
79.79
80.02
79.92
79.86
79.9
79.94
80.05
79.93
79.87
80.02
80.03
79.97
79.91
79.97
80.1
80
80.06
80.03
80.02
79.99
79.95
80.05
80.15
80.1
80.01
80.08
80.13
80.12
80.05
80.1
80.15
80.08
80.09
80.2
80.22
80.04
80.17
79.95
80.48
80.19

80.19
80.28
80.15
80.13
80.21
80.25
80.16
80.14
80.13
80.14
80.16
80.13
80.17
80.17
80.2
80.17
80.09
80.25
80.09
80.2
80.26
80.16
80.26
80.21
80.17
80.21
80.2
80.16
80.15
80.24
80.28
80.11
80.19
80.25
80.26
80.25
80.27
80.25
80.25
80.32
80.21
80.27
80.34
80.28
80.22
80.25
80.34
80.24
80.12
80.24
80.34
80.29
80.33
80.29
80.3
80.21
80.2
80.28
80.39

80.05
80.33
80.33
80.17
80.29
80.43
80.4
80.31
80.37
80.38
80.28
80.31
80.38
80.43
80.37
80.52
80.33
80.36
80.33
80.41
80.29
80.41
80.46
80.4
80.37
80.39
80.41
80.47
80.4
80.29
80.46
80.54
80.43
80.47
80.49
80.45
80.41
80.46
80.5
80.41
80.43
80.53
80.49
80.49
80.59
80.5
80.54
80.6
80.53
80.6
80.55
80.59
80.52
80.55
80.65
80.66
80.56
80.56
80.6

80.5
80.54
80.52
80.85
80.5
80.52
80.61
80.61
80.6
80.62
80.76
80.71
80.68
80.58
80.68
80.64
80.59
80.65
80.7
80.67
80.6
80.7
80.7
80.73
80.62
80.78
80.63
80.78
80.74
80.58
80.73
80.79
80.66
80.73
80.69
80.75
80.74
80.77
80.75
80.79
80.79
80.67
80.71
80.73
80.82
80.76
80.65
80.8
80.7
80.67
80.78
80.72
80.86
80.74
80.68
80.78
80.7
80.79
80.63

80.84
80.76
80.68
80.81
80.85
80.8
80.81
80.69
80.74
80.88
80.79
80.78
80.7
80.76
80.75
80.78
80.8
80.7
80.66
80.62
80.76
80.7
80.68
80.62
80.77
80.66
80.66
80.49
80.74
80.72
80.67
80.58
80.66
80.78
80.66
80.63
80.68
80.69
80.68
80.59
80.62
80.71
80.51
80.72
80.7
80.65
80.55
80.62
80.61
80.58
80.57
80.54
80.62
80.66
80.57
80.7
80.7
80.65
80.7

