122.13
121.26
121.1
121.69
122.29
121.76
121.08
122.06
121.86
120.7
121.21
122.94
122.08
121.58
122.06
122.5
121.46
121.68
121.7
120.53
120.53
122.05
122.05
121.31
121.62
121.02
120.79
121.62
121.44
120.29
120.61
121.82
122.11
121.86
121.26
121.65
120.99
121.29
121.7
121.64
121.64
121.3
121.21
120.66
121.35
121.56
120.85
120.75
121.92
122.05
121.31
121.98
121.21
120
121.66
121.18
120.24
120.85
121.82
121.44
121.27
120.59
120.97
120.9
121.65
121.73
120.8
121.1
122.41
122.68
121.14
121.09
121.09
120.9
121.4
122.06
121.23
121.01
121.42
120.4
120.9
121.83
122.93
121.66
122.06
123.57
122.41
121.57
121.57
121.04
119.74
119.91
120.05
119.45
118.72
119.63
120.15
119.85
120.78
120.73
120.98
120.49
121.88
121.24
120.5
121.34
120.89
120.6
120.6
122.01
121.93
121.6
122.47
121.17
120.07
121.24
120.93
120.37
121
122.4
121.28
120.47
120.47
120.02
120.02
121.1
120.76
119.95
119.93
120.97
121.18
120.07
121.28
121.95
121.64
121.31
121.18
121.58
121.73
122.59
122.06
122.17
121.47
121.66
120.76
120.59
121.72
120.92
121.38
121.12
121.31
120.41
120.4
120.79
121.35
120.54
120.23
121.39
121.39
121.21
121.35
121.06
120.61
121.02
119.85
119.54
121.2
121.77
121.48
120.93
121.03
120.53
120.53
120.65
120.65
121.26
122.05
120.8
119.63
120.71
121.95
121.65
121.32
121.38
120.28
121.04
120.96
120.7
120.64
121.82
122.29
121.74
121.74
121.58
121.58
119.99
121.24
121.34
120.59
120.77
120.51
119.53
120.2
121.11
121.51
121.35
121.2
121.87
121.03
120.54
121.75
121.05
119.96
120.23
120.57
119.24
119.07
119.88
120.4
119.59
120.27
120.46
120.57
120.04
119.98
120.32
120.77
120.77
121.67
122.08
121.81
121.61
121.26
120.44
120.62
120.72
120.61
121.36
121.84
120.57
120.29
121.16
120.69
120.4
120.4
120.53
120.22
121.32
122.01
122.08
121.23
121.21
120.49
120.6
121.92
121.77
121.04
121.66
121.1
120.59
120.59
120
121.17
120.65
120.31
121.07
121.15
119.89
120.38
120.05
120.9
121.52
121.83
121.15
121.35
120.92
120.73
120.73
120.88
121.81
120.67
121.62
121.33
120.93
121.04
122.09
121.3
120.39
121.91
121.7
120.36
121.62
121.63
121.13
120.81
121.39
121.31
120.24
121
120.84
121.26
120.49
121.26
120.44
119.89
120.62
120.54
120.07
121.52
120.87
120.1
119.54
120.05
120.05
119.95
121.07
120.24
119.62
119.47
120.4
120
119.97
121.6
122.16
121.51
121.39
121.61
120.42
119.9
120.22
120.22
120.03
120.67
120.28
119.42
119.69
120.28
120.45
120.98
121.12
120.9
120.46
120.51
120.5
120.55
120.99
120.31
120.31
120.77
121.21
120.9
120.08
120.42
120.03
119.95
119.93
120.73
120.63
120.66
121.26
121.35
120.73
120.25
120.19
119.78
119.78
121.15
121.75
120.71
121.12
121.26
120.65
120.45
122.36
121.9
121.42
122.17
121.67
120.92
121.77
122
121.61
121.9
122.81
121.69
121.14
122.22
120.68
119.34
119.75
120.3
119.36
119.06
120.11
120.42
120.58
122.19
121.33
120.48
120.48
120.71
119.55
119.04
120.48
120.51
119.75
120.16
120.79
119.88
118.63
119.42
119.54
119.96
120.47
120.85
120.55
120.55
121.52
122.01
121.07
120.85
120.62
120.71
121.06
120.72
120.8
121.8
122.46
120.6
119.41
119.97
121.33
121.55
121.55
121.56
121.25
120.79
122.09
120.84
121.19
122.25
122.18
121.59
120.84
121.13
121.86
120.53
121.62
122.12
121.64
121.42
121.95
121.19
120.83
121.23
121.65
121.38
121.9
121.57
119.66
119.7
120.01
120.06
120.1
121.43
121.43
119.15
119.23
119.2
119.15
118.94
119.43
119.91
119.72
121.52
122.18
121.06
120.76
121.79
121.24
120.97
120.77
120.77
120.96
121.63
122.28
122.23
121.31
121.29
120.62
120.17
121.27
121.53
120.86
120.98
121.71
121.11
120.47
122.25
122.25
121.68
121.78
121.78
121.3
121.17
121.54
120.39
120.35
121.33
121.75
120.4
120.79
121.71
121.67
120.93
121.54
121.48
120.88
121.18
121.18
120.97
120.84
122.02
121.21
120.11
120.68
120.49
120.18
121.04
121.18
121.39
121.45
121.96
121.86
120.39
120.42
120.99
120.08
120.94
122.41
122.57
121.98
121.9
121.41
120.45
121.57
121.88
121.31
121.22
121.72
122.15
121.24
120.89
121.34
121.25
121.73
121.48
120.2
120.31
120.57
120.87
121.38
121.8
121.84
121.48
121.02
121.42
121.57
120.84
120.89
120.89
121.09
121.02
122.41
121.83
120.61
121.85
120.94
121
120.51
120.95
120.75
121.73
121.5
121.34
121.34
121.59
120.71
119.7
120.25
120.94
120.57
120.21
120.77
120.31
120.1
121.98
120.77
120.62
120.58
120.94
120.53
120.53
120.5
120.7
121.07
121.42
122.13
121.35
120.07
120.81
121.26
121.17
121.54
120.52
120.14
120.33
120.24
119.7
119.34
119.97
119.97
119.21
120.78
121.2
120.88
120.74
120.24
119.8
119.69
120.44
120.9
119.91
120.63
121.58
120.64
120.75
121.4
121.4
120.96
122.06
122.45
122.04
120.91
120.8
120.58
120.34
121.95
121.19
120.1
121.22
120.9
120.57
121.47
121.51
121.69
121.69
120.91
120.56
119.89
121.05
121.43
121.55
121.41
121.16
120.81
119.63
121.19
121.69
121.45
121.78
121.37
120.34
119.3
120.47
120.66
120.22
120.98
121.05
121.2
120.54
120.85
120.17
119.57
120.37
121.13
121.7
121.7
121.93
120.97
120.97
121.41
121.3
120.24
121.33
122.22
120.74
120.59
121.34
121.7
120.85
120.88
121.37
121.55
121.28
121.28
121.37
121.37
121.76
120.79
120.51
121.38
121.55
121.09
120.53
120.66
120.03
120.78
121.71
121.22
119.78
120.51
120.51
120.19
119.63
120.74
119.89
120.16
120.66
120.03
119.09
119.82
120.47
120.63
120.07
122.06
121.05
120.45
121.15
120.21
120.39
121.08
121.09
120.77
121.32
122.04
121.49
122.1
121.71
121.3
121.05
120.98
121.71
120.79
121.43
122.69
122.69
121.35
120.86
121.62
121.53
120.11
121.51
121.58
120.96
121.21
122.13
122.3
122.48
122.83
122.37
121.73
121.59
120.82
120.54
120.78
120.82
121.09
120.49
121.04
120.99
120.23
120.67
121.35
121.36
120.51
120.91
121.22
120.8
122.31
122.31
122.16
120.77
120.12
120.75
121.16
121.31
121.48
120.75
121.42
121.4
121.71
120.56
121.24
121.41
120.78
121.05
120.84
120.84
121.65
121.74
121.13
121.24
122.11
120.84
121.13
121.69
121.17
120.72
120.39
121.3
121.23
120.22
120.36
120.46
120.55
121.23
121.23
120.96
121.37
121.48
121.59
120.39
120.78
120.69
120.55
121.14
121.51
120.91
121.04
121.44
120.37
119.97
120.99
120.99
119.16
119.36
119.37
119.45
120.15
121.25
121.03
120.17
120.41
120.7
121.14
120.92
120.96
121.29
121.2
121.83
121.83
121.47
120.77
121.29
121.4
121.66
122.02
120.66
120.33
121.51
120.97
120.99
121.31
120.31
119.79
120.8
120.8
122.07
121.1
122.02
122.35
121.96
121.92
121.98
120.61
119.75
120.63
121.85
121.04
121.27
121.48
120.79
120.04
120.04
121.01
120.51
120.31
121.21
120.59
120.52
121.26
121.29
121.18
120.84
120.5
120.16
120.57
120.14
119.51
120.21
120.59
120.06
119.53
120.64
120.97
119.79
119.81
120.61
120.86
120.01
119.5
119.9
119.87
119.83
120.49
119.88
120.45
120.45
121.66
122.05
122.85
121.32
119.61
121.56
121.3
120.38
120.95
122.28
121.35
120.65
120.95
120.55
120.37
120.37
121.71
121.41
121.61
121.81
121.94
120.58
120.95
121.94
121.05
120.96
121.49
120.82
120.84
121.78
121.74
120.55
120.55
120.87
120.59
120.58
121.25
121.43
120.76
121.2
120.74
119.9
120.6
121.45
121.47
121.1
121.57
121.31
120.88
121.7
120.84
120.69
120.17
120.78
120.69
120.82
121.7
120.61
119.65
120.11
120.64
119.86
119.6
120.11
119.22
118.64
121.11
121.11
121.84
121.15
121.89
121.45
120.82
122.2
120.73
119.47
120.44
122.08
121.46
120.87
121.45
122.03
120.95
121.59
121.59
120.62
120.5
120.74
121.28
121.14
120.9
120.31
119.71
120.52
120.89
120.66
121.12
120.77
121.64
120.99
121.52
121.13
120.31
121.03
121.32
121.49
121.84
122.19
121.05
120.21
121.06
121.15
120.77
121.41
122.65
121.51
119.99
119.95
120.07
119.86
120.92
121.4
120.54
121.36
122.31
120.75
120.48
120.67
120.64
120.29
120.85
121.1
120.47
119.85
120.34
120.84
120.55
121.65
121.26
120.73
121.68
122.38
121.81
122.24
121.91
120.66
120.11
121.07
120.73
120.62
121.18
121.59
121.21
120.59
121.84
122.65
122.14
122.9
122.82
121.86
121.13
121.27
120.7
120.55
121.89
122.34
122.15
121.86
122.04
122.4
121.73
121.73
121.1
120.97
121.32
121.2
120.99
120.72
121.99
121.78
121.22
120.94
121.2
121.79
122.62
122.75
122.03
121.36
122.57
121.17
120.87
121.13
121.53
121.36
122.79
122.57
121.47
119.94
120.99
121
120.46
121.19
121.14
121.09
121.09
121.23
121.56
121.21
120.48
121.15
121.35
121.55
121.88
121.51
120.79
121.13
121.75
119.67
121.01
121.36
120.3
119.99
120.57
119.55
119.57
120.57
120.73
120.92
121.24
120.52
120.66
120.09
122.25
122.11
121.19
121.45
120.97
120.97
120.49
121.42
122.01
121.92
121.83
121.25
121
121.75
121.86
121.21
120.77
120.9
120.7
120.91
121.5
120.83
120.11
120.5
121.35
121.1
121.14
122.19
120.89
119.85
120.24
121.28
121.01
121.13
121.01
120.74
120.55
121.84
121.67
120.49
121.94
121.94
121.18
119.93
120.62
121.02
121.19
121.94
121.05
120.45
120.59
120.78
120.69
121.22
122.6
121.77
121.5
121.44
121.92
121.92
122.01
121.82
122.17
121.8
122.46
122.21
121.97
121.72
121.88
122.22
121.23
121.66
121.74
121.97
121.97
122.24
122.18
121.96
122.51
121.93
121.85
122.42
122.29
120.63
121.63
121.7
121.09
122.05
122.67
121.45
121.56
121.83
122.45
122.45
122.27
122.6
122.08
120.84
121.98
121.33
121.03
122.35
121.58
120.88
122.12
122
121.77
122.08
122.18
121.5
121.28
121.58
121.02
120.9
121.57
121.18
121.5
120.47
120.65
120.91
120.66
121.19
121.73
121.35
121.08
121.26
121.59
121.59
121.5
121.94
120.95
121.15
121.65
120.3
120.4
121.07
121.31
120.51
121.03
120.71
119.85
119.58
121.16
121.16
120.54
121.82
121.57
120.24
120.61
121.69
121.28
121.17
122.22
121.91
120.89
121.18
121.21
120.85
120.85
122.73
121.74
121.74
121.95
121.46
120.6
120.6
120.93
120.75
120.89
121.95
122.44
121.6
121.66
121.29
120.32
121.05
121.48
120.89
120.87
121.33
121.36
120.41
120.6
120.27
120.11
120.25
120.38
120.28
120.39
122.31
122.42
121.67
121.93
122.11
121.88
121.54
121.71
121.69
120.69
121.13
121.52
121.64
121.28
121.65
121.46
120.73
121.36
122.13
120.95
120.82
120.6
120.89
120.52
120.61
120.66
119.95
121
120.79
120.74
120.91
120.09
118.86
119.47
121.3
121.18
120.41
122.03
122.37
121.31
120.89
120.89
120.73
120.22
121.47
121.88
121.24
121.59
121.47
122.25
122.22
122.04
121.17
121.27
122.01
121.78
121.78
122.72
122.72
121.05
120.65
122.28
122.26
121.16
121.77
121.84
121.37
122.07
123.21
122.4
121.31
120.93
121.68
120.89
121.34
121.34
122.05
120.96
120.95
121.17
120.63
121.32
121.79
120.87
120.96
121.64
120.42
120.11
120.99
120.73
120.58
120.49
120.36
119.74
120.65
121.37
121.22
120.89
121.12
120.34
120.41
120.55
121.23
120.34
120.23
120.5
120.28
120.28
121.69
120.65
120.26
119.11
119.03
119.49
120.11
121.16
121.06
121.35
122.05
122.07
121.61
119.94
120.49
121.44
121.44
121.36
121.04
120.59
120.86
121.43
121.58
121.29
122.15
121.19
120.18
121.37
121.71
120.74
120.47
120.94
119.85
119.61
119.61
120.96
120.86
121.89
122.73
122.15
122.08
121.32
121.69
120.66
120.78
120.9
120.5
121.23
122.15
120.96
120.32
122
121.55
121.55
119.95
119.61
120.46
120.8
121.55
120.81
120.3
122
121.99
121.16
121.86
122.41
121.45
121.45
121.45
121.64
121.64
121.22
121.39
121.74
121.84
121.08
120.6
120.67
120.96
121.67
121.09
121.63
121.59
121.26
121.24
122.03
121.72
121.2
121.57
121.37
120.33
120.6
121.17
121.26
120.98
122.15
121.34
121.08
122.18
121.14
120.38
120.51
120.51
121.53
120.93
121.33
121.28
119.91
121.27
121.21
121.36
121.92
122.67
121.63
121.14
121.38
121.52
120.62
120.17
121.58
121.39
120.9
121.81
121.35
120.39
120.64
121.53
121.04
121.32
122.36
122.1
121.47
121.34
120.63
120.83
121.29
121.44
120.63
120.55
120.51
120.48
120.95
121.55
121.03
120.44
120.54
119.85
119.83
119.91
121.08
120.89
120.65
120.89
120.97
120.55
121.11
122.21
121.02
120.57
121.49
121.67
121
121.15
121.78
121.73
119.99
121.39
121.14
120.85
122.08
121.87
120.07
120.17
121.48
120.87
121.15
122.44
121.5
121.07
121.15
121.1
121.2
121.55
121.02
119.93
119.89
120.58
121.46
121.05
121.71
121.71
120.71
120.86
122.04
122.1
120.27
121.39
121.35
120.78
121.02
121.49
121.24
121.88
122.36
121.34
120.99
121.88
121.88
120.92
120.41
121.99
121.58
121.2
122.37
121.26
120.22
120.83
122.87
121.93
120.71
121.07
122.03
121.25
120.76
121.53
121.53
122.2
122.09
121.17
120.45
120.92
121.57
120.7
121.44
121.81
121.18
120.94
121.11
121.82
121.24
121.79
121.58
121.51
121.36
122.62
122.49
121.11
120.88
120.92
121.14
122.78
122.35
121.27
121.41
122.47
121.71
121.71
121.56
121.56
120.48
121.63
122.46
121.29
120.85
121.78
121.82
122.12
122.06
122.31
121.19
121.36
122.62
122.38
122.54
122.32
122.34
121.79
122.54
121.9
121.91
121.83
122.38
121.52
120.72
120.95
121.66
121.86
121.5
121.48
121.41
121.24
122.3
122.05
120.8
121.23
121.49
120.81
120.83
122
121.99
121.31
121.59
121.58
120.55
120.58
121.09
120.49
120.73
120.6
120.65
120.65
120.94
121.05
121.08
121.39
121.79
121.12
120.26
120.23
120.21
119.79
120.61
120.78
119.73
120.42
121.02
121.26
120.91
122.25
121.52
120.19
120.97
120.66
121.08
121.25
122.06
121.58
120.64
121.29
120.91
120.53
120.19
120.42
120.63
120.46
121.38
121.51
121.32
122.66
121.92
121.96
121.92
121.76
121.31
120.5
122.26
122.12
120.85
120.98
120.98
119.87
120.02
120.89
120.78
119.7
121.15
122.35
121.31
121.09
121.58
120.11
120.84
121.22
120.73
120.01
120.8
121.11
119.64
119.64
119.55
119.91
119.68
120.25
120.46
120.7
121.72
122.74
121.94
120.88
121.72
121.52
120.93
121.71
122.06
121.21
121.21
121.66
120.86
121.24
122.02
121.96
120.76
120.88
122.29
121.7
121.06
121.99
121.79
121.29
121.97
120.74
120.74
121.33
121.81
120.74
120.65
121.04
121.64
120.54
122.6
122.35
120.88
120.75
121.13
120.9
120.93
121.86
121.92
121.45
121.64
121.8
120.92
120.67
121.89
121.39
121.01
122.28
121.4
120.59
120.62
121.49
121.37
121.01
121.33
121.36
120.33
121.21
120.34
121.09
120.89
121.59
121.09
121.09
122.09
121.86
121.52
121.39
122.02
122.12
121.54
121.56
120.25
120.04
121.1
121.1
121.6
122.15
121.65
121.83
121.15
121.92
121.36
120.99
121.18
120.98
121.07
121.78
122.82
121.87
121.34
121.83
121.21
121.05
121.9
121.73
121.3
120.85
121.19
121.07
121.38
122.06
121.67
121.08
121.59
121.81
121.6
121.88
122.63
121.89
121.34
121.48
120.83
120.81
121.06
121.73
121.43
120.79
121.4
121.56
120.47
120.2
121.44
121.65
121.96
121.96
120.75
120.68
122.06
121.81
120.42
120.22
120.2
120.11
119.96
121.49
121.03
120.81
120.92
121.27
120.69
120.69
121.08
120.97
121.08
121.5
120.79
119.44
120.52
120.98
120.92
120.98
121.3
120.83
121.04
121.73
120.98
120.16
120.27
120.43
120
120.47
121.61
121.75
120.53
121.7
122.11
121.07
121.76
122.55
121.74
121.15
120.79
121.15
120.6
120.06
119.85
119.85
120.59
121.48
121.12
120.74
121.06
121.02
120.98
121.75
122.02
121.42
121.28
121.7
122.33
121.48
121.25
122.02
121.93
122.14
122.36
122.16
120.97
122.57
121.6
120.32
121.45
121.93
120.94
120.5
121.27
121.47
121.06
121.75
121.62
121
121.58
122.27
120.91
119.35
120.65
121
120.19
120.4
121.01
120.61
120.15
120.29
120.43
120.93
121.86
121.72
121.76
121.49
121.49
121.57
121.3
121.36
121.38
120.96
120.96
120.32
121.12
121.55
122.03
120.88
121.17
121.56
121.52
120.71
121.78
121.4
120.21
120.86
122.08
121.53
120.92
121.45
121.35
121.01
121.17
120.69
121
120.36
121.39
121.55
120.48
120.65
120.82
120.76
120.92
121.3
121.35
120.53
121.93
121.95
120.35
120.97
121.46
121.76
121.33
120.66
120.61
119.95
120.78
120.78
121.03
121.52
121.15
121.19
120.67
121.63
121.22
120.42
120.61
120.55
120.04
120.35
121.29
121.24
120.52
120.72
120.5
120.29
120.43
120.37
121.14
121.31
121.2
120.2
119.44
120.69
120.69
120.44
120.85
121.18
120.17
119.81
119.81
121.22
120.03
120.93
121.41
120.95
121.11
121.99
121.04
121.34
120.83
120.37
120.3
120.85
121.56
121.32
121.06
121.06
120.23
119.81
120.56
121.18
120.37
119.68
120.77
120.65
120.54
120.9
121.04
120.62
120.99
120.75
120.28
120.65
121.19
120.91
120.19
121.17
121.05
120.7
121.34
120.65
119.95
120.68
121.11
121.52
120.65
121.75
121.12
119.87
120.21
121.11
120.83
120.09
121.25
120.02
120.08
119.84
120.18
119.8
120.34
120.75
120.44
119.94
121.15
120.89
121.14
121.36
122.32
121.21
120.38
121.03
120.53
119.94
120.53
120.52
119.75
119.88
120.6
120.4
119.7
120.52
121.64
120.56
119.98
120.33
121.11
120.31
120.88
120.72
119.5
120.56
120.94
120.35
120.44
121.45
120.57
120.38
121.94
121.66
120.89
121.06
122.43
121.3
120.42
121.45
121.71
121.34
122.54
122.11
121
120.75
121.82
120.84
120.79
121.97
122.28
121.57
121.26
121.27
121.25
120.39
121.18
120.77
120.52
121.46
120.7
120.6
121.08
120.92
120.93
121.05
121.46
120.13
119.72
121.52
121.56
121.04
121.23
121.61
120.31
119.64
121.33
121.68
120.1
120.46
120.63
120.47
120.12
121.37
121.1
119.91
119.83
119.96
119.94
121.22
121.88
121.21
120.06
121.5
120.87
120.76
120.94
119.78
119.98
120.58
120.84
120.48
120.83
120.99
120.59
119.59
120.27
120.58
121.17
121.2
120.92
121.73
120.54
120.28
120.8
120.46
120.87
121.22
119.32
120.02
120.72
122.27
121.41
120.67
121.66
121.57
120.72
121.97
120.65
120.35
121.36
121.66
121.04
121.21
122.66
122.34
121.06
122.15
120.78
120.59
121.57
122.86
122.59
121.76
121.11
121.72
121.28
121.63
121.43
120.62
120.97
121.36
121.77
121.6
122.41
121.95
121.73
121.73
121.74
120.41
120.28
120.74
121.41
121.08
120.8
120.95
120.5
121.07
122.18
120.76
119.84
120.45
120.11
120.3
121.23
121.23
121.39
121.08
121.99
121.49
120.96
121.57
121.27
120.37
120.69
120.21
120.07
120.31
121.02
121
121.29
121.27
121.72
121.33
121.87
122.59
122.12
121.04
122.25
122
120.87
121.27
121.38
121.96
121.71
121.74
121.21
120.55
121.51
120.7
120.61
121.45
122.17
121.06
119.78
121.05
120.28
120.21
121.27
121.79
120.55
120.03
120.66
120.42
120.69
121.1
120.64
119.98
120.88
121.69
121.17
120.97
121.26
121.06
120.13
119.92
120.74
120.87
121.47
122.42
121.75
120.61
120.56
120.33
120.49
120.31
120.99
121.1
120.26
120.73
121.18
120.78
120.9
120.85
120.29
120.48
120.68
120.71
120.1
121.92
121.95
120.01
120
120.96
120.76
120.98
121.86
121.61
120.45
120.9
120.98
120.85
121.31
122.13
121.49
120.67
121.55
120.39
120.23
120.92
121.49
121.34
121
121.35
120.79
119.93
120.41
121.36
121.06
120.48
121.04
120.61
121.15
122.57
121.96
120.53
120.7
120.75
120.69
120.44
121.7
121.21
120.42
122.2
122.19
121.17
121.01
121.51
121.52
120.54
121.04
121.04
121.06
120.85
120.65
120.16
120.75
122.24
121.59
120.68
121.87
121.17
120.42
120.74
121.68
121.06
120.25
121.26
120.97
120.03
120.7
120.49
120.62
121.06
121.09
120.81
120.98
120.83
121.32
119.74
119.47
120.4
120.25
120.39
121.35
121.41
121.31
121.41
121.85
121.47
120.85
121.4
120.89
120.77
120.59
120.28
120.39
121.11
122.36
121.89
121.45
122.02
121.89
121.76
122.7
121.13
120.88
120.9
121.56
121.6
120.43
121.17
121.68
120.77
121.8
120.83
121.07
120.56
120.14
121.09
121.64
122.51
121.85
119.84
120.17
122.18
121.34
120.02
121.09
120.4
120.74
120.81
122.12
121.55
120.63
120.44
120.8
120.12
119.99
120.29
120.13
120.27
120.82
120.18
120.13
120.69
120.74
120.79
121.03
121.16
120.23
119.88
120.08
120.51
120.17
121.19
121.33
120.76
120.87
121.07
121.03
121.07
121.37
120.51
119.89
120.13
121.31
121.93
121.59
121.35
120.97
120.3
120.37
119.76
120.2
121.25
121.21
121.2
120.33
120.23
120.49
120.77
121.2
121.38
120.36
120.55
120.77
120.94
120.63
120.94
120.73
120.16
119.57
120.51
120.12
120.48
121.1
121.41
120.94
120.64
121.13
120.85
121.09
121.58
121.02
119.95
121.4
121.35
120.25
120.92
120.79
121.01
120.59
120.73
120.65
120.79
121.52
122.01
121.52
121.53
121.9
121.74
120.21
120.99
120.85
120.23
120.83
121.52
120.02
119.67
120.85
120.18
119.39
120.3
120.31
120.97
121.33
121.52
121.74
120.88
121.17
121.17
120.52
120.74
120.87
119.12
119.04
120.96
120.44
120.76
121.01
121.02
120.27
120.11
120.23
120.24
120.8
121.23
120.55
120.86
121.98
121.29
120.8
120.92
121.73
121.42
119.74
121.04
121.51
121.88
121.6
122.05
121.02
120.48
120.76
120.34
119.56
120.36
121.72
121.35
120.72
121.38
121.17
120.41
120.58
121.32
120.31
121.18
120.72
119.61
119.36
121.03
120.91
120.63
121.15
121.73
121.43
121.21
121.21
121.27
121.38
121.88
121.59
120.03
120.58
120.83
120.15
120.36
121.61
120.69
120.48
121.65
121.8
120.75
120.78
121.3
121.41
120.9
120.91
121.36
119.85
120.51
121.4
121.57
120.73
121.02
120.67
120.85
121.32
121.02
119.82
120.28
120.4
119.85
119.49
120.83
120.6
119.78
120.55
120.78
119.01
119.55
119.96
119.08
119.38
119.41
120.74
121.09
120.83
121.51
120.52
119.94
121.5
120.6
120.56
120.72
120.93
121.21
120.71
121.31
120.41
120.22
120.83
120.75
120.19
120.79
120.67
120.79
120.98
120.96
120.66
120.05
120.78
121.26
121.29
120.44
120.07
120.26
120.29
120.72
121.28
120.68
120.95
121.44
121.37
120.1
120.44
120.02
118.93
119.7
120.04
120.58
121.12
121.13
120.75
120.25
120.85
120.05
120.23
120.74
120.32
119.8
120.36
120.85
119.4
119.44
120.26
120.74
121.05
120.75
120.4
119.67
118.93
119.59
119.19
119.27
118.89
119.99
118.85
119.86
120.47
120.18
120.41
120.96
120.95
120.69
121.87
121.59
120.66
119.78
120.46
120.69
120.04
121.16
122.01
121.22
120.58
121.39
120.57
119.36
121.19
122.08
121.22
121.39
121.64
121.44
121.35
121.66
120.99
120.39
120.52
120.09
120.36
120.44
121.34
120.28
119.89
121.06
121.2
120.75
120.31
121.5
121.02
119.79
120.55
120.85
120.67
120.98
121.65
120.83
120.72
121.4
121.67
121.14
121.13
120.39
119.43
120.58
121.02
120.57
120.54
121.64
121.53
120.39
120.77
120.96
121.08
121.68
121.31
121.02
119.59
120.54
120.33
119.76
119.9
119.67
118.88
119.16
120.63
121.1
120.59
121.41
121.61
121.2
121.79
122.07
120.63
119.36
120.58
120.04
119.22
120.35
120.7
120.39
120.11
121.58
121.71
120.17
120.52
120.99
120.66
120.34
120.55
120.11
120.41
120.52
120.49
120.17
120.17
120.81
119.96
120.04
121.41
121.35
120.55
120.46
120.85
120.77
120.26
120.96
121.84
120.95
121.07
121.37
121.22
120.66
120.4
120.7
119.99
121.43
121.38
121.09
121.23
121.16
120.95
120.63
121.41
120.9
119.98
120.34
120.01
119.63
120.54
120.23
119.88
120.17
121.21
120.85
119.97
122.24
121.47
120.24
121.27
121.84
121.22
119.55
120.29
120.38
119.89
120.17
120.32
120.02
119.88
121.26
120.93
120.19
120.43
120.41
120.18
120.04
120.98
120.86
120.43
120.85
121.19
120.47
121.17
121.37
120.9
120.14
120.64
120.35
120
120.9
120.51
120
120.84
121.72
121.07
120.64
121.59
121
119.43
120.09
120.21
119.63
119.87
120.49
120.97
120.61
121.41
121.12
120.75
121.2
121.12
120.2
120.42
121.1
120.72
120.97
121.05
121.13
120.68
120.74
121.2
121.6
121.32
120.9
120
120.16
120.81
120.76
120.88
120.39
120.95
121.45
120.69
121.26
121.36
120.7
120.7
121.44
120.34
119.65
119.7
120.4
120.07
120.94
121.55
120.9
119.85
121.18
121
120.45
122.25
121.62
120.35
120.31
121.32
120.88
120
120.17
120.51
120.53
121.06
121.93
120.33
120.67
121.72
121.36
120.71
120.59
120.23
119.7
120.48
120.43
120.16
120.83
122.01
121.04
119.64
120.99
121.73
120.32
120.38
120.39
120.11
120.05
121.25
121.22
120.26
121.06
121.89
121.14
120.23
121.52
121.39
121.9
121.68
120.76
119.89
120.01
120.72
120.94
120.83
121.33
120.87
120.49
120.46
120.15
119.86
121.01
120.99
120.41
119.92
121.4
120.58
120.17
120.75
121.93
121.03
120.66
120.28
121.13
121.38
120.94
120.14
121.01
121.01
121.87
121.7
120.66
121.48
121.76
120.24
121.3
121.93
121.9
121.14
121.47
121.1
120.68
120.57
120.88
120.91
120.39
121.6
121.51
121.07
121.4
120.49
119.75
120.45
121.15
120.11
119.69
120.3
121.13
121.09
121.19
120.65
120.16
120.79
120.63
120.14
119.67
120.12
120.72
120.04
121.59
121.31
120.76
119.66
121.3
120.88
120.53
120.5
120.42
120.56
120.87
120.63
119.68
120.12
121.02
120.67
120.55
120.77
120.41
121.28
121.93
121.74
121.31
120.45
120.87
121.39
121.03
119.84
120.65
121.41
120.6
120.74
120.81
120.58
121.21
121.5
120.75
120.58
121.23
120.59
119.69
120.8
121.08
120.84
120.9
120.77
119.71
119.69
121.2
120.63
120.39
121.16
120.84
120.96
121.48
121.92
121.19
120.15
120.84
121.24
120.46
120.75
120.89
121.44
120.79
120.03
120.32
119.9
120.74
121.29
121.18
121.37
121.83
120.26
119.3
121.82
121.58
120.71
120.88
121.49
120.95
120.56
121.91
121.68
120.01
120.36
120.85
121.22
121.47
122.8
122.84
121.84
121.64
121.63
120.65
120.9
120.95
120.5
121.22
122.32
121.82
120.75
121.51
120.89
120.88
120.45
120.89
120.69
120.51
121.98
122.21
121.84
121.53
121.02
121.04
120.39
121.48
121.58
120.59
121.34
120.6
120.46
120.56
121.05
119.97
120.25
120.56
120.81
120.43
120.96
121.46
121.58
120.83
120.67
120.45
120.41
121.21
121.54
121.03
120.78
120.35
120.25
121.04
121.38
120.46
120.48
121.78
121.97
120.73
119.64
121.79
121.45
120.36
121.37
121.73
121.23
121.17
121.64
120.84
120.34
121.57
122.57
122.51
122.65
122.08
121.23
121.24
121.29
120.89
120.89
120.83
121
121.25
121.12
121.18
121
120.89
120.78
121.57
121.16
120.51
120.97
120.98
120.03
119.86
120.53
119.16
120.18
120.66
120.18
119.97
120.06
119.8
120.26
121.19
121.28
119.91
120.55
120.8
120.02
118.76
119.67
118.99
118.84
120.6
121.6
120.37
119.83
119.69
120.47
120.97
121.46
121.4
120.58
121.25
120.51
121
119.76
119.76
120.18
120.63
121.58
120.92
120.22
120.81
120.46
120.43
121.03
121.74
121.28
120.27
121.47
120.86
120.62
120.22
120.81
120.62
120.16
121.1
120.84
120.69
120.23
120.89
120.15
120.42
121.5
120.92
119.95
119.95
120.96
120.49
120.53
121
121.62
121.07
121.02
120.23
120.13
120.32
120.54
120.57
120.26
120.85
121.97
121.01
121.01
120.2
120.02
120.18
121.38
120.96
120.44
120.54
121.36
119.96
119.81
120.43
120.23
119.7
120.97
121.26
120
120.97
121.87
121.53
121.38
121.49
121.31
120.59
121.14
120.56
120.91
121.03
120.86
120.62
120.76
121.42
120.98
120.2
121.23
121.23
120.94
121.44
121.29
121.6
121.31
121.4
120.29
119.66
120.28
121.12
120.4
120.83
121.55
120.9
119.93
121.45
122.09
120.74
120.93
120.81
120.77
119.08
120.57
121.59
121.51
122.45
122.21
121.26
120.9
121.53
120.77
121.27
121.73
121.73
121.26
120.7
120.8
120.93
121.02
122.22
120.81
119.41
120.43
121
121.45
121.26
121.44
121.04
119.98
120.95
122.29
121.37
120.99
121.49
120.49
119.91
122.54
122.97
122.3
121.66
121.2
120.39
120.73
120.88
120.68
120.53
121.08
120.83
120.52
121.44
121.71
119.79
119.97
121.04
121.28
120.66
120.87
120.08
120.26
120.51
120.72
120.89
120.53
121.21
121.63
121.29
120.56
121.24
120.88
120.89
121.76
121.56
120.71
121.15
121.28
121.67
121.73
121.93
121.1
120.89
121.23
121.33
121.08
121.67
121.49
121.52
120.16
121.41
121.77
120.78
121.88
121.2
120.44
120.35
121.41
121.51
121.1
121.3
121.25
121.15
120.92
120.6
120.15
120.28
121.28
121.42
120.24
121.62
121.48
120.44
121.19
121.57
120.09
120.55
121.38
121.4
120.7
121.26
121.52
121.17
120.9
122.35
120.72
120.5
121.08
121.38
120.88
121.51
121.49
121.27
121.56
121.23
120.62
120.55
121.41
122.28
121.75
121.17
121.88
121.82
121.4
121.5
121.6
120.37
120.63
121.44
121.45
121.21
121.03
119.97
119.61
120.17
120.21
119.68
120.59
120.37
120.2
119.92
120.85
120.5
119.06
119.36
120.15
120.22
119.42
120.29
120.1
120.42
120.34
120.22
120.03
121.51
121.52
120.41
120.66
121.33
121.35
120.28
121.73
121.76
120.83
120.75
121.66
121.35
121.23
121.21
121.62
121.01
121.3
120.88
120.63
120.01
121.76
121.52
120.48
121.01
121.62
121.03
120.9
121.35
120.3
120.01
121.75
121.41
120.73
120.9
121.7
120.63
119.61
120.92
120.27
119.27
119.45
120.48
119.78
119.43
119.98
120.36
120.62
122.19
121.5
119.94
120.83
121.58
120.03
119.54
120.71
120.24
120.59
121.83
121.58
119.82
120.54
121.05
120.76
119.93
121.76
121.16
120.02
119.9
121.31
120.17
120.78
121.45
121.63
120.94
121.04
120.66
119.95
120.31
121.36
120.57
120.66
121.87
121.4
120.51
120.63
120.39
121.35
121.28
121.9
120.87
120.67
121.65
122.56
121.73
120.97
121.47
121.15
120.5
121.88
121.61
120.21
120.46
120.87
120.66
120.69
121.89
121.48
120.69
121.75
121.76
121.43
121.6
121.7
121.14
120.52
121.62
121.82
120.19
120.19
121.15
120.22
120.98
120.57
120.64
120.38
120.73
120.89
120.83
121.01
121.44
120.78
120.43
122.11
121.59
120.44
120.62
121.25
121.16
121
120.89
121.04
121.08
120.98
121.13
120.01
120.69
120.76
120.37
119.34
120.17
121.27
120.19
120.59
121.36
121.5
120.84
121.55
120.86
119.34
119.97
120.51
120.11
120.62
121.04
120.61
120.96
121.04
120.66
120.44
120.82
121.38
121.62
121.11
121.19
121.27
120.7
121.37
120.05
120.63
120.82
120.62
120.44
120.09
119.88
120.83
120.95
122.07
121.81
120.51
120.38
121.03
121
120.96
120.88
121.65
121.24
122.18
122.05
120.6
120.75
121.51
121.1
120.53
121.54
121.84
121.04
121.94
122.38
122.03
119.78
120.73
121.13
121.3
121.86
120.78
120.18
120.93
121.87
121.26
120.09
120.41
121.09
121.28
120.86
121.46
121.63
120.91
121.44
120.97
121.12
121.65
121.97
120.71
121.14
121.44
121.16
120.64
121.72
121.49
121.25
121.26
121.67
121.79
120.88
121.65
120.71
119.82
120.69
120.95
120.31
120.15
121.48
121.29
120.99
121.18
122.06
121.23
120.71
120.8
120.42
121.24
122.19
121.68
120.59
120.6
120.9
119.91
120.22
121.46
120.49
120.04
121.31
121.28
121.27
121.02
121.23
120.8
121.32
121.8
121.13
120.4
120.38
121.13
120.75
119.75
120.92
120.8
120.11
121.54
121.53
120.64
121.08
121.29
120.49
120.67
120.84
120.4
119.88
121.1
120.96
120.98
120.92
121.69
121.16
121.39
121.66
120.26
120.11
121.66
121.74
121.47
121.57
121.23
121.19
120.39
121.91
121.68
120.75
121.39
121.22
120.4
120.96
121.78
120.23
120.39
121.39
121.23
120.55
121.03
121.47
121.73
121.44
120.98
121.03
120.32
120.16
120.33
119.7
120.68
121.34
121.09
119.68
120.9
121.69
119.87
120.54
121.51
121.82
122.04
121.54
121.43
121.66
122.17
121.85
120.83
120.2
120.98
120.7
121.15
121.35
121.46
121.28
121.38
121.8
121.59
120.96
120.85
119.85
120.49
120.79
121.88
121.44
120.33
120.48
120.83
120.52
120.83
121.04
121.39
121.68
121.96
120.49
120.61
121.45
120.97
120.29
120.77
120.83
121.11
121.66
121.66
120.57
120.7
122.42
121.43
120.47
120.8
121.27
120.35
120.41
121.1
121.65
120.72
120.71
121.18
120.23
120.76
120.52
120.26
120.19
120.56
120.13
120.04
122.44
122.54
121.05
120.27
120.88
120.05
119.71
120.29
120.58
120.28
120.82
121.98
121.83
120.62
120.91
121.42
120.36
121.3
121.17
120.96
120.25
121.17
121.57
120.49
119.74
120.18
120.48
121
121.04
120.92
119.98
120.71
120.85
119.67
120.57
120.25
120.59
121.17
122.62
121.62
120.21
121.58
121.29
120.24
121.37
121.15
120.88
120.15
120.76
120.23
119.79
120.64
121.34
120.6
120.21
120.62
120.89
120.08
120.86
120.99
120.38
121.43
121.88
121.36
121.14
121.43
120.6
120.66
121.63
121.85
121.62
121.99
121.63
120.75
120.54
120.29
120.25
120.31
121.17
121.61
120.82
120.59
121.22
121.81
121.42
122.46
121.75
120.86
120.78
120.53
119.99
119.49
119.45
119.26
119.43
120.45
121.03
121.58
121.3
121.63
121.04
120.28
120.37
121
121.83
121.32
121.66
121.01
120.94
122.25
121.67
120.48
121.19
121.08
121.2
120.88
121.66
120.7
120.85
121.87
121.66
121.37
121.98
121.88
121.48
120.95
121.74
121.16
120.7
120.68
121.22
121.09
121.83
122.06
121.88
120.62
120.79
121.06
120.63
121.6
122.31
121.74
121.12
120.93
120.78
120.1
120.92
121.27
120.52
121.21
121.22
120.72
120.07
120.7
121.16
121.27
121.39
121.78
121.51
120.32
120.12
120.23
119.75
120.96
120.95
120.95
120.32
120.35
120.3
121.05
121.64
121.33
120.78
121.7
122.61
122.4
121.4
121.69
119.96
119.66
120.8
121.72
121.54
121.73
121.03
121.11
120.82
120.46
120.77
121.25
121.76
120.82
119.83
119.56
120.96
120.44
119.29
120.28
121.37
121.45
121.76
120.98
120.93
121.21
121.44
121.17
120.81
121.18
120.8
119.46
120.47
121.21
120.96
120.7
121.25
120.82
120.21
120.29
120.43
119.54
120.55
121.33
120.1
119.03
120.11
120.9
119.73
120.3
121.32
120.49
120.62
121.16
120.78
120.39
120.98
121.82
120.48
120.23
120.87
119.97
120.85
121.36
121.13
121.08
120.87
121.66
121.24
120.65
120.64
120.16
120.55
121.04
121.64
120.8
120.14
121.06
120.64
120.86
120.91
120.48
120.46
120.14
120.45
120.2
118.6
119.13
119.49
119.41
120.96
120.61
120.63
121.08
121.06
120.34
119.64
120.45
120.51
120.51
121.25
121.02
120.59
121.37
122.16
122
121.85
122.38
121
120.11
120.54
121.39
120.69
120.79
122.13
121.84
121.15
121.63
122.3
121.77
120.93
120.91
119.54
119.76
121.49
121.79
121.4
120.38
121.95
122.19
121.31
121.91
121.58
121.03
120.65
120.8
121.56
122.09
122.79
121.42
121.04
120.77
121.31
121.18
120.56
121.52
121.7
121.21
121.58
121.82
120.83
121.33
121.72
120.4
120.84
122.41
122.44
121.65
121.21
120.79
120.3
120.26
120.9
120.45
120.21
121.23
120.64
121.01
121.89
122.19
121.1
121.13
121.53
120.84
120.32
120.8
120.97
120.82
121.49
121.6
121.59
121.36
121.31
120.21
120.21
121.35
121.86
122.08
121.55
121.2
122.08
121.3
121.22
121.56
121.24
121.3
121.88
121.32
120.39
120.92
121.09
120.14
121.49
121.31
119.72
120.56
122.22
121.8
120.49
120.61
120.73
121.28
121.3
121.3
121.75
120.81
120.69
120.26
120.37
121.82
122.35
121.38
119.83
119.94
120.69
120.24
120.95
120.49
120.91
120.47
121.1
120.24
120
120.77
121.2
120.36
120.9
122.33
121.36
120.84
121.47
120.44
118.74
119.36
120.5
119.88
120.38
121.1
120.94
120.32
120.93
120.12
119.23
120.79
120.96
120.3
121.32
120.84
120.44
120.58
122.07
121.83
121.65
121.71
121.07
120.03
120.05
121.58
121.19
120.32
121.78
121.78
121.58
121.27
121.24
120.24
119.9
121.79
121.63
120.33
121.35
121.77
120.77
120.95
121.49
121.12
120.61
121.57
121.38
120.97
122.5
122.05
121.28
120.6
120.42
120.68
121.16
121.41
120.93
120.88
121.1
122.21
121.84
120.89
120.47
121.52
120.43
120.5
121.46
121.77
120.85
121.52
121.16
121.14
121.89
121.35
120.3
120.61
121.54
121.48
121.69
122.06
122.18
120.2
121.36
121.91
119.95
120.87
121.75
120.85
120.38
121.12
121.14
120.98
120.1
120.37
120.84
120.97
122.27
121.36
120.74
121.62
120.94
120.76
120.32
121.33
121.43
120.8
120.67
119.83
120.34
120.61
120.53
119.48
118.81
120.76
121.32
121.18
121.57
121.68
121.03
120.74
121.08
120.41
120.48
121.31
120.93
121.02
121.4
121.69
120.75
120.48
121.81
122.21
121.15
121.18
121.81
120.72
120.51
120.54
121.03
120.16
120.7
120.1
120.24
121.39
121.73
121.49
120.64
120.91
120.9
120.66
121.65
120.92
120.38
120.81
122.04
121.61
121.4
120.98
120.19
120.76
121.34
121.48
122.43
122.14
122.35
121.3
120.12
121.76
121.96
121.08
121.44
121.9
121.44
120.9
121.15
122.06
122.01
121.69
121.35
120.75
120.84
121.4
120.49
120.05
120.99
121.28
120.15
121.49
121.1
121.25
121.39
122.03
121.88
120.57
120.46
121.16
121.21
121.28
121.48
121.97
121.06
121.66
120.77
121.37
120.9
120.67
121.04
120.88
121.13
121.2
121.23
121.22
121.75
120.91
120.78
121.98
122.39
121.79
121.69
121.58
121.82
122.2
121.59
121.12
120.8
121.29
121.11
120.09
121.9
121.98
120.95
121.06
121.12
120.1
120.04
121.81
122.33
121.57
120.85
122.07
121.7
121.43
121.33
121.84
121.32
121.4
120.68
120.96
120.87
120.61
119.88
120.39
121.94
121.99
121.15
121.79
121.4
120.97
120.41
121.42
120.98
121.18
122.23
122.3
121.09
120.91
121.38
121.36
120.99
121.38
121.33
120.97
121.54
121.73
121.16
120.84
121.2
121.1
121.33
121.66
121.41
121.3
121.4
121.66
120.63
120.82
120.64
119.88
119.32
121.19
121.61
121.51
120.08
121.03
121.49
121.48
121.88
121.27
121.42
121.59
121.93
120.88
121.63
122.48
121.54
121.05
121.29
121.27
120.85
121.56
122.62
122.09
121.53
121.31
120.74
120.33
120.53
121.26
121.62
122.26
122.28
122.76
122.58
122.39
121.54
121.03
122.23
122.49
121.77
121.4
122.36
121.87
121.69
121.56
122.46
121.64
121.41
121.91
121.43
120.7
121.17
120.14
118.9
120.17
120.82
120.93
120.86
121.54
122.06
121.41
122.15
121.86
121.08
121.77
121.71
121.09
121.55
122
121.69
120.82
122.37
122.63
120.84
121.5
121.48
121.71
121.93
122.67
121.05
120.2
121.2
121.89
121.56
121.82
122.64
121.28
120.68
121.44
121.62
121.7
122.02
122.32
121.53
121.76
122.69
121.99
120.79
121.18
121.95
121.78
121.71
122.54
122.65
121.97
122.19
122.14
120.76
120.08
121.42
121.5
121.86
122.1
121.52
121.72
121.81
121.78
121.35
121.13
121.35
121.33
121.06
122.17
121.46
120.96
121.16
121.59
121.17
121.14
122.05
121.74
120.98
121.63
121.81
121.19
121.34
122.55
121.37
120.92
121.3
120.9
120.77
121.27
121.23
121.69
121.69
121.91
120.66
121.17
120.96
120.88
121.72
120.24
121.25
122.16
122.16
122.6
121.41
120.29
120.64
121.7
121.65
121.21
121.09
121.07
121.09
121.19
121.52
121.25
121.46
121.23
121.64
121.99
122.23
122.16
121.14
121.86
121.89
120.87
121.04
121.97
121.03
120.82
121.78
122.06
121.8
121.77
121.64
121.03
120.71
121.48
121.53
121.41
121.72
121.21
121.43
121.81
122.07
121.6
120.96
121.45
121.43
120.88
121.42
121.66
121.9
120.62
121.18
120.52
121.21
121.2
121.99
120.5
121.4
122.07
121.65
121.12
121.21
121.13
121.24
121
121.33
120.21
121.3
121.91
121.49
121.28
121.97
122.13
120.55
121.27
121.62
120.93
119.98
121.22
122.23
121.15
121.42
121.6
121.41
121.1
121.83
121.23
121.14
121.65
122.05
121.48
121.52
121.71
121.18
120.76
122.04
121.21
121.12
120.92
120.72
121.01
121.8
121.48
120.59
119.91
121.14
121.23
121.23
121.53
122.52
121.83
121.33
121.74
121.95
120.8
121.65
122.22
121.22
121.36
122.02
121.83
121.53
121.53
121.59
121.47
121.47
122.34
121.14
121.82
122.56
122.56
120.83
120.56
120.74
120.63
120.24
122.09
120.64
120.83
122.2
121.72
120.76
120.76
121.88
121.25
120.61
120.69
122.12
121.6
122.37
121.53
121.2
121.78
121.41
121.02
120.95
121.75
121.29
121.49
122.12
121.08
121.08
121.29
122.5
121.76
120.96
121.78
122.2
121.12
121.17
121.61
121.14
121.25
121.25
122.28
122.07
122.07
121.4
120.64
120.98
120.98
120.71
120.47
122.03
122.05
121.61
121.44
122.12
121.39
120.84
120.84
122.23
122.23
122.36
122.12
121.29
119.57
120.76
121.29
121.34
121.62
120.96
120.87
121.74
121.73
121.84
121.62
121.26
120.77
120.63
120.63
121.44
120.91
121.44
121.93
122.34
121.44
121.87
121.71
121.13
121.86
122.58
121.29
120.82
121.53
122.2
122.2
121.51
121.57
121.85
122.61
122.07
122.07
121.06
122.1
122.07
120.85
121.8
121.61
121.64
120.25
120.68
120.68
120.86
120.56
121.54
121.54
120.88
121.35
121.35
121.59
121.44
121.74
120.89
121.21
121.2
120.94
120.8
121.67
121.07
121.58
121.11
121.22
120.27
121.44
121.72
121.66
121.2
121.2
121.58
120.27
120.84
121.36
122.33
122.49
122.1
122.1
121.77
121.52
121.21
121.21
122.06
121.76
121.77
121.77
122.14
121.5
120.5
121.24
121.97
121.38
122.06
121.83
121.15
121.46
122.03
121.88
121.27
121.72
121.72
122.22
121.64
121.67
121.51
120.72
121.84
122.23
120.67
121.74
121.93
121.08
121.43
121.34
120.98
121.23
122.34
122
120.85
121
121.68
120.72
120.99
121.31
121.47
121.79
122.48
122.22
121.52
120.62
121.09
120.27
120.27
121.92
121.74
121.2
121.2
121.64
120.8
120.74
121.08
122.12
121.79
121.42
121.32
120.74
121.31
121.62
121.48
120.69
121.94
121.78
121.18
121.25
121.25
121.95
121.14
121.41
121.35
121.14
121.14
122.19
121.96
121.94
121.94
123.39
123.26
123.26
122.75
120.7
120.7
121.46
120.69
121.5
122.55
121.71
121.88
122.29
122.43
121.63
121.63
121.21
120.38
120.25
121.24
121.09
121.46
121.93
121.82
120.77
121.14
121.11
121.32
121.51
122.83
121.91
121.39
122.13
121.57
120.21
120.21
120.39
121.03
121.3
122.31
122.31
121.92
122.45
122.78
120.78
120.55
122.29
122.29
121.85
122.28
122.28
121.77
121.77
121.31
121.55
121.22
122
121.63
121.49
121.56
122.24
121.08
120.89
121.9
121.78
121.4
122.55
122.17
121.21
122.39
122.61
122.67
122.44
122.14
122.14
121.93
121.88
122.04
121.77
121.76
122.48
121.73
121.97
122.86
122.86
122.12
121.99
121.99
121.98
122.13
122.67
121.76
121.76
121.75
122.51
122.2
121.49
121.65
121.71
120.98
121.42
121.5
121.04
121.9
122.22
121.51
121.28
121.37
120.81
120.73
122.15
121.98
121.74
121.62
121.42
120.83
121.31
121.32
121.19
121.19
120.85
120.85
121
120.68
121.43
122.22
122.22
121.26
121.04
121.57
121.81
121.81
121.51
121.84
121.86
121.86
120.99
121.77
122.65
122.65
122.13
122.12
121.67
121.24
121.96
121.33
120.76
122.41
122.37
122.01
121.53
121.99
121.87
120.79
121.04
121.29
121.28
121.95
122.24
120.78
120.78
121.76
121.05
120.95
121.03
120.92
120.75
120.23
121.87
121.21
121.21
120.32
121.8
121.26
121
121.9
121.9
121.36
122.2
121.63
121.19
121.7
120.8
120.53
121.46
121.77
121.25
121.25
121.53
120.39
120.46
121.68
121.67
120.99
120.99
121.4
121.85
121.63
121.56
120.85
121.05
121.81
121.48
120.84
120.84
122.26
122.76
122.76
122.49
122.48
121.45
121.26
121.89
121.28
121.1
122.43
122.7
121.23
121.82
121.82
121.62
121.76
121.47
120.83
121.25
121.59
121.59
122.14
122.48
122.6
122.52
121.79
122.15
122.47
121.37
121.72
120.46
121.03
120.92
120.92
121.63
121.03
122.58
122.58
122.28
121.75
121.75
122.14
121.71
122.04
122.5
121.85
122.76
122.22
122.43
122.69
122.75
122.75
120.66
121.92
121.92
121
121.44
122.3
122.52
122.43
122.64
122.46
121.69
123.1
122.68
122.03
122.1
122.17
122.01
122.13
122.13
121.32
121.62
121.99
121.99
122.04
121.15
122.31
122.51
121.42
121.67
121.99
121.44
121.39
121.39
121.69
121.07
123.15
122.29
121.91
123.07
122.09
121.4
121.93
122.65
122.85
121.98
122.34
122.94
121.11
121.05
120.43
120.13
120.22
121.03
120.85
120.64
122.59
122.26
122.37
122.32
122.09
121.58
121.46
122.43
120.24
120.97
121.83
122.79
120.96
121.32
122.01
122.04
121.61
122.58
122.9
121.63
121.76
121.08
120.69
121.54
122.06
122.49
121.77
121.85
121.68
121.85
122.53
122.73
122.73
121.49
121.71
121.43
120.87
121.39
121.78
121.49
122.09
122.22
121.75
122.07
122.32
121.45
120.41
120.54
120.54
121.65
121.83
121.97
121.97
121.24
122.57
123.39
121.74
121.84
123.05
121.95
121.73
122.53
121.87
121.07
121.67
121.47
120.43
120.24
121.67
121.61
121.24
122.14
122.78
120.99
122.17
122.09
121.1
121.42
121.92
121.87
121.87
122.44
122.46
122.46
122.62
122.89
121.61
121.61
122.36
122.4
122.21
122.52
122.09
121.18
121.59
123.08
122.23
121.72
121.66
121.89
121.89
122.37
123.18
122.71
121.92
123.34
122.46
122.43
121.71
121.73
122.26
122.5
123.11
121.74
121.74
123
123.16
123.16
122.55
122.07
122.16
121.86
122.46
122.23
122.9
123.18
122.77
120.82
121.37
121.65
121.17
121.3
122.53
122.26
122.26
122.31
122.66
122.66
122.45
122.14
122.11
121.74
122.47
122.56
122.63
122.83
122.72
121.86
121.86
122.12
122.19
122.07
122.07
121.93
122.13
122.13
123.04
122.9
121.93
122.44
121.87
121.56
122.52
122.67
121.43
121.22
121.22
122.18
122.19
122.55
122.09
122.21
122.45
122.45
122.63
122.11
122.56
122.78
121.7
121.45
121.5
121.78
121.75
121.75
122.15
121.66
121.66
122.19
121.29
121.8
121.66
122.02
121.5
122.38
122.15
121.44
122.41
123.17
122.08
121.19
122.25
122.3
120.89
121.4
122.29
121.83
120.54
121.05
121.88
120.79
121.71
121.9
121.07
121.91
121.78
122.03
122.39
122.39
122.82
121.43
122.13
122.24
122.24
121.79
121.89
121.43
120.98
121.78
122.48
122.02
122.04
122.25
121.54
121.76
122.43
122.43
122
122
122.62
121.7
122.48
123.19
122.23
121.96
122.3
122.33
121.74
122.18
122.59
122.74
122.87
123.46
122.78
121.96
122.5
121.74
121.16
122.47
122.84
122.55
121.53
122.43
122.23
121.97
122.73
122.51
121.21
121.8
122.94
122.31
122.31
122.29
122.37
121.51
122.04
122.39
121.75
121.55
122.13
121.62
121.23
122.71
122.09
120.89
121.39
122.43
122.43
121.33
122.59
122.59
121.14
121.75
120.96
121.51
122.08
123.51
122.39
121.88
121.75
122.25
121.33
121.74
122.78
122.78
122.28
122.84
122.2
121.78
122.38
122.38
122.35
122.98
122.85
121.44
120.75
122.16
122.73
121.89
122.06
122.22
122.22
121.93
122.46
120.86
121.34
121.34
121.88
122.04
122.48
122.19
122.17
120.76
121.42
121.99
121.94
122.18
122.84
122.73
122.11
122.11
121.68
121.98
120.82
121.96
121.77
121.89
122.4
122.09
121.81
121.99
121.44
122.03
121.75
122.6
122.4
122.4
122.72
122.19
122.46
122.56
122.62
121.51
121.54
122.2
122.16
122.04
122.89
122.9
122.11
122.24
122.07
121.19
121.19
121.92
121.81
120.85
121.72
121.16
121.68
122.09
122.33
121.69
121.67
122.43
122.28
122.06
122.59
121.37
121.28
121.28
123.18
121.64
121.12
122.44
122.28
121.8
122.48
121.88
121.81
122.08
122
122.22
121.75
122.24
122.12
121.53
121.53
122.14
121.59
122.04
122.04
121.93
121.93
121.42
121.74
121.16
121.77
121.88
121.78
121.14
122.01
120.49
120.95
120.95
122.51
122.14
121.83
122.86
122.32
120.45
120.41
120.33
120.49
120.44
120.78
121.05
120.9
120.84
120.37
119.8
120.87
122.03
121.72
120.62
121.45
121.45
121.87
121.55
122.17
122.06
122
122.13
121.16
120.78
121.15
121.11
121.46
121.46
121.67
121.33
121.71
122.42
122.13
120.83
121.03
121.81
120.56
120.45
121.65
121.54
121.38
122.65
121.7
121.23
121.5
122.47
122.15
122.15
122.2
122.2
121.14
122.19
122.05
120.69
120.45
121.84
122.61
122.27
122.35
121.82
120.46
120.46
121.25
121.77
121.77
122.09
122.09
121.26
121.87
120.81
121.19
121
122.19
121.57
122.14
122.09
121.84
121.36
122.62
121.83
121.14
120.91
121.81
121.95
121.03
121.85
121.79
122
121.24
120.61
120.84
121.12
121.73
121.73
120.67
120.67
121.74
122.34
122.05
122.05
121.94
121.35
122.49
121.96
121.25
122.31
121.53
120.02
120.62
120.87
121.35
121.32
121.29
122.08
122.08
121.97
122.37
121.66
121.45
121.45
121.77
120.87
121.29
121.49
121.43
120.77
121.88
121.97
121.97
121.1
121.73
121.73
122.21
121.93
121.14
121.41
121.78
120.86
121.05
121.95
122.61
122.65
122.95
122.83
121.93
121.93
120.9
121.72
121.66
122.26
121.92
121.92
121.73
122.19
121.5
121.32
121.36
121.77
121.32
122.3
122.14
121.56
121.64
122.27
122.27
121.54
122.2
122.54
122.22
121.19
122.1
122.05
122.73
121.99
121.87
121.2
120.83
121.46
121.53
120.97
120.97
121.9
120.89
121.88
121.56
121.5
121.88
121.38
121.86
121.53
121.41
121.65
121.11
120.46
122
121.76
122
122
122.34
122.34
120.93
122.19
121.9
121.9
122.55
121.79
121.29
121.54
122.25
121.93
121.4
121.16
121.31
121.65
122.49
122.49
122.6
121.79
121.31
121.45
121.53
121.92
121.73
120.97
121.31
122.07
120.94
120.35
121.56
121.54
121.96
122.31
122.31
122.03
121.39
123.01
122.01
120.7
121.62
121.62
120.7
121.88
122.88
121.92
122.12
122.12
121.83
121.11
122.63
122.63
121.7
121.05
121.76
122.39
121.04
121.25
121.95
121.82
121.24
120.82
120.83
121.12
122.26
121.72
121.35
121.93
121.9
120.56
121.22
120.74
120.74
122
122.54
122.51
121.77
122.07
122.35
121.59
120.97
121.43
119.87
120.85
121.72
121.72
122.08
121.45
122.15
121.56
121.56
120.67
121.64
121.64
121.13
121.71
121.68
121.14
122.03
121.78
121.25
122.35
121.56
121.56
121.58
122.21
121.61
121.5
122.45
121.74
121.6
121.58
121.38
121.8
122.28
122.03
121.47
120.6
121.36
121.68
121.43
122.34
122.34
122.4
122.12
122.12
122.29
122.29
121.58
122.76
121.67
121.71
121.89
121.89
121.13
122.03
121.57
121.26
121.26
122.03
121.56
121.55
122.96
122.96
121.8
121.98
122.65
121.69
122.49
122.78
122.65
121.36
121.91
121.78
121
121.75
121.75
121.68
122.18
122.28
121.98
121.32
121.46
120
120.9
121.8
121.97
122.11
121.81
122.35
121.57
120.26
120.85
122.11
121.75
121.7
121.7
121.79
120.5
122.04
122.34
121.8
121.88
122.11
121.92
121.67
121.47
121.47
121.95
122.34
121.72
121.66
121.66
121.49
121.49
121.91
123.21
122.53
121.87
120.89
121.27
122
122.4
122.18
122.13
121.5
121.16
121.16
121.01
121.15
122.48
121.62
120.36
120.83
121.27
120.52
121.44
121.59
121.68
121.07
122.3
121.42
121.42
121.15
122
122
122.73
122.38
122.87
122.57
122.14
121.44
120.84
121.62
121.83
121.56
121.37
122.83
122.29
121.03
121.91
122.44
122.44
122.03
122.09
122.09
120.65
121.87
122.03
120.9
121.45
122.29
122.09
121.78
122.22
121.87
121.87
121.28
122.01
120.99
121.7
122.35
121.94
122.01
122.58
121.95
120.9
122.42
122.33
121.82
121.51
122.29
122.29
120.95
122.02
121.78
121.74
122.05
121.51
121.51
121.99
121.86
122.36
121.93
122.21
121.78
121.94
122.61
122.42
122.5
121.54
121.56
121.42
121.65
121.92
121.38
122.1
121.5
121.44
121.89
121.37
121.78
121.96
121.25
121.68
121.87
121.64
121.64
121.23
121.6
121.96
121.38
121.45
120.95
121.05
122.05
121.53
121.06
121.82
122.71
121.23
121.62
122.58
122.13
121.2
120.89
120.89
122.01
121.49
121.49
121.13
121.02
121.15
121.34
121.72
121.84
122.58
121.38
121.28
121.5
121.28
121.31
120.71
120.38
120.56
121.78
121.84
120.77
121.53
121.95
122.57
122.61
123.01
121.82
121.84
122.25
122.37
121.65
121.71
121.85
121.65
121.42
121.92
122.06
121.78
121.7
122.05
121.75
122.43
122.64
122.02
120.99
121.96
122.79
121.99
121.65
122.75
121.42
120.31
121.18
121.26
121.3
121.66
121.71
121.2
120.82
121.87
121.16
120.59
121.91
121.53
120.81
120.67
121.02
120.86
120.86
120.21
120.09
119.85
120.78
121.52
121.73
121.54
121.5
121.42
121.43
122.09
122.47
121.52
122.26
122.74
122.38
122.38
122.07
121.25
120.64
121.71
122.61
121.98
121.44
121.68
121.5
120.34
121.11
120.61
120.71
120.6
120.6
121.63
121.22
121.62
122.01
121.47
122.28
122.64
121.64
121.55
122.28
122.08
122.23
122.29
121.6
121.12
121.82
122.19
122.26
122.26
121.91
121.91
120.68
121.56
121.56
120.68
120.6
121.61
122.28
121.54
122.15
122.02
121.9
121.85
121.15
120.63
120.75
121.29
121.29
121.46
121.27
121.77
121.8
121.29
121.36
120.85
120.62
121.32
120.51
119.69
119.38
121.08
121.27
121.92
121.92
122.02
120.88
122.58
122.37
121.67
122.34
121.83
121.39
120.56
121.72
121.68
120.55
121.25
121.82
121.81
121.58
122.15
122.15
122.15
122.01
121.16
121.67
121.9
122.7
122.36
121.56
121.9
121.54
121.04
122.05
122.64
122.11
121.74
122.21
122.21
122.56
122.35
122.4
121.76
121.97
122.26
122.23
121.37
121.97
122.64
121.66
121.19
121.17
121.33
121.13
121.81
122.62
122.08
122.08
122.38
122.38
122
121.92
121.91
121.42
121.62
121.96
120.42
121.74
122.53
121.23
121.23
121.82
120.9
119.75
120.48
120.36
119.4
120.58
121.23
120.95
119.71
120.71
121.08
120.85
121.39
121.14
120.97
120.67
120.67
119.7
119.75
120.48
120.74
120.51
120.91
121.54
120.95
121.63
121.72
121.26
120.92
121.58
121.74
121.61
121.66
121.66
121.54
121.11
121.35
121.35
120.45
121.84
122.25
121.18
121.13
122.35
122.26
121.35
121.42
122.53
122.8
122.09
122.09
121.87
121.87
120.77
121.51
121.08
121.32
121.22
121.06
121.52
121.64
121.15
121.13
122.19
121.42
120.6
120.74
120.74
120.84
120.09
120.42
120.42
120.13
121
121.32
120.78
120.88
121.81
121.3
120.84
121.54
121.99
121.47
120.61
120.45
121.06
120.19
121.35
121.92
120.78
120.62
121.5
121.34
120.97
120.66
120.66
119.72
119.8
120.19
120.31
121.09
120.91
120.51
119.7
122.3
122.3
121.79
121.38
120.71
121.1
120.97
121.92
121.69
121.25
121.72
121.99
121.83
121.69
121.69
122.13
120.66
120.66
121.19
121.25
122.29
121.98
120.43
120.25
122.07
121.2
121.02
121.92
121.45
121.45
120.98
121.49
121.48
120.94
121.72
121.84
121.42
121.79
120.91
120.99
121.11
121.79
121.06
120.78
121.43
120.48
119.77
120.33
120.33
120.45
120.16
120.16
121.01
120.52
121.63
121.04
120.31
121.38
122.12
122.08
120.43
121.26
122
121.91
122.72
122.51
121.66
120.87
122.17
122.1
121.23
121.23
120.59
120.48
120.68
121.09
120.85
120.54
121.4
120.77
120.43
120.58
121.08
121.08
121.57
121.29
121.29
120.61
121.22
121.2
121.62
121.49
121.89
120.92
121.22
121.3
121.37
120.66
121.17
121.17
120.69
120.89
121.79
121.79
121.3
121.42
121.18
120.02
120.83
122.18
121.66
120.72
121.46
121.13
120.31
121.26
121.31
120.57
120.57
122.15
121.83
120.72
120.72
121.62
120.69
119.76
120.79
121.15
120.98
120.97
121.31
120.6
120.7
121.27
121.03
119.72
119.72
120.94
120.3
121.55
121.17
120.17
120.24
120.89
120.68
120.03
120.56
120.56
120.86
121.58
121.58
121.71
120.59
120.59
121
120.22
121.67
121.78
120.7
120.13
121.5
121.82
121.54
121.49
120.41
119.47
119.99
121.32
120.01
120.15
120.69
120.69
121.23
120.69
121.04
120.52
120.91
121.8
121.88
120.63
122.55
121.17
119.99
121.07
122.38
122.38
121.34
121.56
121.56
121.26
121.9
121.31
121.62
121.4
121.65
121.25
120.56
121.51
121.57
121.89
122.04
121.06
121.06
122
121.9
121.9
120.41
121.66
121.92
120.74
121.15
121.8
121.49
120.98
121.74
121.81
120.62
121.59
121.94
121.99
121.5
121.5
121.97
121.18
121.18
121.75
121.73
122.7
121.83
121.87
120.83
121.28
120.74
119.16
121
122.18
122.18
122.12
122.12
121.97
120.86
121.41
120.55
120.41
121.64
121.68
121.37
122.04
122.38
121
120.47
121.91
121.32
120.79
120.29
120.29
120.96
120.8
121.98
121.79
120.46
121.6
121.59
121.45
121.57
121.12
121.29
120.99
121.38
120.68
119.72
120.28
121.26
121.26
120.71
122.04
122.04
121.76
121.1
121.5
120.73
120.77
119.93
119.69
120.57
121.79
121.63
120.7
120.7
120.79
120.74
120.76
121.84
121.71
120.48
120.41
120.98
121.38
121.02
121.07
121.42
120.85
121.23
120.27
119.79
120.28
121.15
121.79
122.05
121.95
120.99
120.83
121.24
121.29
120.82
120.88
121.28
121.72
121.29
121.87
120.82
120.22
120.77
120.84
120.1
120.1
122.13
122.49
121.99
121.43
120.96
119.89
120.5
120.57
120.64
120.36
121.21
120.91
120.59
120.59
120.86
121.15
121.72
121.49
121.49
120.59
121.34
120.37
120.73
120.48
120.76
121.55
121.11
122.38
121.55
120.73
121.36
121.88
122.22
121.54
121.47
120.5
119.5
121.03
122.11
121.59
122.03
122.21
121.75
121.25
122.02
121.77
121.16
121.16
120.58
120.91
120.91
121.57
122.16
121.49
122.21
121.47
120.56
121.23
121.78
120.88
120.81
121.27
121.71
121.71
120.74
121.24
121.24
121.46
121.68
120.93
121.3
121
120.89
121.05
121.77
121.97
121.22
121.33
120.97
121.35
121.07
121.07
121.35
120.64
120.64
121.34
122.14
121.68
122.09
121.1
120.52
120.72
121.8
121.63
122.06
122.2
121.85
120.98
121.74
121.74
121.25
121.25
121.64
122.22
121.85
122.48
122.27
121.32
121.91
121.76
121.25
121.04
121.53
121.76
121.64
122.08
121.49
121.47
121.67
121.67
121.71
121.22
121.64
121.11
121.4
122.55
121.5
120.85
120.58
121.2
121.54
121.67
122.34
121.56
120.62
121.34
121.34
122.13
122.14
121.54
120.59
120.7
122.14
121.71
120.92
121.23
121.3
121.79
121.68
122.01
121.15
121.25
121.41
121.41
120.25
121.01
122.16
121.11
121.34
122.65
122
120.52
121.51
122.24
121.6
120.87
122.16
121.88
120.82
121.74
123.16
121.52
121.05
122.11
122.07
120.87
121.31
120.53
120.42
120.74
121.34
121.48
121.2
121.14
121.14
120.67
121.28
120.58
119.63
121.09
121.52
121.6
120.75
121.09
121.63
120.37
121
122.48
121.51
120.85
121.34
121.51
121.51
120.79
121.71
121.57
121.54
122.06
121.57
120.72
121.55
121.54
121.19
121.5
122.01
121.6
121.21
121.37
121.48
121.11
121.16
121.16
120.91
120.55
121.2
121.88
120.2
121.53
121.59
120.56
120.67
120.79
121.56
122.09
122.82
122.26
121.23
122.11
121.93
121.14
121.14
122.11
121.38
120.52
121.21
120.56
120.87
121.54
121.26
120.97
120.9
122.3
121.36
121.36
121.03
121.76
120.99
121.96
121.74
121.31
120.89
121.7
120.83
120.09
120.63
121.4
120.98
122.19
121.39
121.53
121.53
121.28
121.28
121.25
121.25
121.18
120.17
119.45
120.94
121.08
119.73
120.44
119.87
119.03
120.09
120.72
119.67
120.47
120.47
121.3
121.3
121.53
121.3
121.51
121.6
122.43
120.54
119.97
120.65
121.27
120.84
121.35
121.19
121.37
121.29
121.8
121.26
120.27
121.23
121.28
121.4
120.99
121.14
120.8
120.9
121.68
121.48
120.73
121.69
121.59
120.12
119.7
120.58
120.98
120.98
121.38
122.16
121.03
120.43
121.21
120.9
120.33
121.27
121.15
120.51
121.36
121.27
119.82
119.82
121.1
120.85
120.85
121.26
120.9
121.1
121.17
121.29
121.79
121.26
121.51
121.57
121.72
121.19
121.77
121.04
120.52
120.15
120
119.9
119.9
121.79
121.88
121.05
121.19
120.9
120.55
121.82
121.25
121
121.52
121.53
121.1
121.4
121.09
121.07
121.54
121.65
121.93
120.46
120.37
122.01
122.38
120.66
121.88
122.1
121.86
121.01
121.26
121.22
120.99
120.99
120.39
120.39
122.3
122.25
121.57
121.37
120.98
121.03
121.43
122.17
121.27
121.28
121.29
121.22
121.31
121.64
121.64
121.18
121.18
121.41
121.72
120.69
121.56
121.49
121.52
121.55
121.87
121.37
121.02
120.68
121.61
121.15
121.55
121.55
120.95
120.44
120.44
121.83
120.97
120.99
121.17
121.2
121.02
121.74
121.66
120.35
120.71
121.42
121.44
121.82
121.28
119.93
120.54
120.54
121.6
120.88
120.77
121.48
120.69
120.16
120.55
121.08
121.13
121.36
121.9
121.62
120.71
121.15
121.15
120.73
121.05
121.05
120.61
121.22
121.77
120.99
121.42
120.36
120.38
120.75
121.55
120.98
119.86
119.86
119.23
119.23
120.32
121.25
121.25
120.28
121.1
120.58
120.78
120.78
120.94
120.77
120.85
120.46
120.59
120.67
120.99
121.36
121.36
120.92
122.39
121.34
120.94
121.69
120.38
120.95
121.48
122.35
121.84
120.75
120.97
121.14
120.88
121.63
122.02
122.02
122.02
122.96
122.96
120.57
121.04
121.46
120.65
121.48
122.07
122.06
121.13
121.04
121.9
121.31
121.1
122.15
122.15
121.06
121.06
122
121.48
122.73
122.02
120.59
120.95
121.76
121.14
120.28
120.62
121.24
119.74
120.01
121.39
122.48
121.77
122.16
122.16
122.16
122.16
121.7
122.47
122.02
122.52
122.32
121.21
121.68
122.37
121.37
122.19
122.13
122.13
121.12
121.05
121.56
120.87
121.47
121.77
120.13
120.25
121.53
120.94
120.55
122.25
122.31
121.26
121.44
121.33
121.15
121.15
121.53
122.31
122.31
122.01
122.03
121.53
122.4
121.96
121.55
121.22
122.31
122.36
121.65
121.87
122.14
121.57
121.57
122.3
121.48
121.48
121.91
121.48
120.8
121.15
122.23
122.5
121.54
120.78
121.73
121.28
121.92
121.78
122.02
122.13
122.63
121.53
121.53
121.86
122.34
121.62
121.68
121.49
121.8
120.78
121.38
121.74
121.31
121.27
121.97
121.14
120.82
120.82
121.79
120.91
122.18
121.84
120.69
121.18
121.36
120.86
120.93
122.34
121.27
121.34
121.37
121.28
120.77
120.76
120.76
121.13
120.15
120.15
121.47
120.51
121.17
121.97
120.9
121.45
122.41
121.85
121.25
121.06
121.42
121.39
122.35
122.31
121.58
121.21
121.74
121.72
121.32
121.92
121.78
120.95
121
121
121.29
121.81
121.81
121.48
121.66
121.92
121.92
121.42
121.42
121.44
120.85
120.16
121.64
121.84
121.53
122.54
123.09
122.06
120.94
122.39
122.14
122.14
120.62
121.59
121.59
121.93
121.74
120.53
121.09
121.83
121.26
122.18
121.86
121.97
121.08
120.44
121.74
121.2
121.59
123.06
123.06
123.06
122.16
120.85
121.45
121.44
121.86
121.37
120.92
120.89
121.89
121.56
120.98
121.64
121.6
120.67
121.84
121.84
121.29
120.44
120.44
120.98
120.19
120.88
121.11
121.07
121.34
121.47
121.8
122.55
121.69
120.75
120.13
121.04
120.34
120.55
121.09
121.62
120.8
121.17
121.96
121.01
119.96
120.19
121.69
122.09
121.29
122.02
120.86
120.36
120.36
121.73
121.58
120.59
120.66
120.73
121.89
122.33
122.37
121.69
121.99
122.99
122.44
121.38
121.88
121.65
121.27
121.68
121.78
121.1
121.1
121.67
121.75
120.3
120.65
120.63
120.59
121.74
121.86
122.47
121.73
121.36
121.41
120.48
121.37
121.37
121.38
121.71
122.03
121.98
121.6
122.64
121.38
120.76
121.58
122.43
122.3
122.43
122.46
121.41
120.99
122.4
121.59
120.36
121.17
121.61
121.61
120.73
121.16
121.09
121.47
122.12
122.01
120.6
120.17
120.98
120.97
120.86
121.64
121.69
121.54
121.54
121.65
121.13
121.31
121.44
121.28
120.91
120.99
121.98
122.22
121.05
121.88
121.89
120.58
121.64
121.64
120.76
120.95
121.88
121.21
120.98
121.43
121.42
120.26
121.09
121.95
121.49
121.37
121.77
121.14
120.56
121.87
121.87
121.92
120.49
120.49
119.92
120.77
122.1
122.06
122.08
122.43
122.06
121.46
121.65
120.92
121.15
120.7
121.72
121.32
121.32
120.99
121.14
121.14
121.13
121.35
121.47
121.34
121.45
120.45
121.34
121.08
122.34
121.57
121.08
121.82
121.82
121.96
121.21
121.21
121.57
121.45
122.36
121.71
120.65
120.26
121.06
121.25
121.18
121.78
121.85
121.39
121.39
122.2
121.22
121.22
120.77
120.77
120.74
120.93
122.01
120.96
120.63
120.79
120.59
120.93
121.68
121.14
121.49
121.94
122.23
120.32
120.32
121.79
121.3
121.2
121.67
121.04
120.69
121.22
120.13
119.76
120.53
122.63
122.81
121.77
121.55
120.45
119.77
119.77
121.15
122.09
121.96
121.66
121.58
120.94
119.94
119.94
120.49
120.85
121.22
120.55
121
121.54
121.24
120.97
121.14
121.09
120.95
121.02
120.73
120.65
120.01
120.47
121.83
121.37
121.21
121.36
120.94
120.46
120.65
121.77
121.85
121.85
122.13
122.13
120.87
121.63
121.1
119.46
121.1
122.74
122.94
122.18
122.11
121.69
120.34
121.92
121.49
121.63
121.81
121.71
121.71
121.61
121.91
121.18
121.32
122.14
122.06
120.98
120.98
122.1
121.09
120.49
122.02
122.02
121.1
121.06
122.07
121.5
121.59
122.02
122.11
121.92
122.13
122.01
121.46
121.7
122.24
121.52
121.5
122.7
122.7
121.23
121.91
122.49
122.09
122.01
121.83
121.03
121.53
121.84
121.39
120.53
121.08
121.48
122.16
121.23
120.98
121.09
121.09
121.37
121.48
121.53
121.94
122.7
121.74
121.82
123.1
122.59
121.58
121.23
121.58
122.58
122.05
122.21
122.08
122.08
122.31
122.31
121.76
121.75
122.15
122.31
122.07
122.37
121.93
121.04
121
121.55
120.61
119.82
120.42
120.42
121.01
121.01
121.42
121.2
121.2
122.01
121.61
121.46
121.63
121.34
121.05
121.38
121.56
121.39
120.82
121.45
120.42
119.88
120.31
121.49
121.49
121.34
121.52
121.27
120.58
120.99
120.45
120.52
121.5
122.13
121.17
121.08
121.41
122.07
121.32
121.32
121.77
121.27
121.35
121.78
121.45
122.01
122.33
122.17
120.94
121.82
121.89
121.71
121.55
122.6
121.56
121.71
121.71
121.54
121.54
120.99
120.99
120.93
121.05
121.76
121.54
120.81
121.63
120.86
121.08
120.55
121.55
121.14
121.07
121.85
122.08
122.08
122
121.73
121.33
120.28
120.84
121.55
121.13
121.01
121.74
122.12
121.54
121.88
121.44
121.3
122.13
122.13
121.04
121.85
122.24
121.28
120.82
121.85
121.53
120.21
121.72
122.4
122.12
121.44
121.44
121.9
121.27
120.61
121.79
121.79
121.05
121.75
120.76
120.49
121.9
121.48
120.46
121.75
122.27
122.5
121.15
121.11
121.45
121.44
121.26
121.26
121.44
122.37
122.37
121.43
121.42
121.88
122.24
121.35
120.69
120.84
120.72
121.74
121.89
121.17
120.96
120.96
122.37
122.37
121.22
121.52
121.06
121.54
121.52
120.57
119.75
120.5
120.98
121.28
121.97
121.74
121.62
121.65
121.98
121.98
120.88
119.75
120.81
120.51
120.75
121.83
121.64
120.63
121.63
122.65
121.65
120.73
121.36
120.5
120.7
120.7
121.44
120.55
121.23
121.23
121.38
121.03
122.13
121.8
121.24
121.89
121.23
121.22
121.15
122.81
122.49
121.5
122.13
122.13
120.56
120.56
121.85
121.83
121.58
121.48
121.17
121
121.77
122.09
121.58
121.86
121.41
120.78
120.25
120.25
121.47
122.39
121.67
121.22
121.59
121.72
122.11
121.87
120.7
122.07
122.3
122.51
122.12
122.56
121.85
121.82
122.25
121.4
121.17
121.55
121.96
122.19
120.58
120.89
121.05
120.72
121.92
121.53
120.94
121.96
122.25
121.48
120.66
120.66
122.34
122.34
121.84
122.04
121.82
121.41
122.66
121.02
121.02
121.89
121.71
121.38
122.19
122.36
121.99
121.5
121.88
121.32
120.23
120.23
121.04
121.16
121.28
122.56
121.92
121.52
122.39
121.64
120.63
120.64
122.37
122.06
121.96
121.94
121.06
120.5
121.77
121.77
121.45
120.76
121.83
121.91
120.49
121.97
121.76
121.54
121.55
122.34
121.23
120.41
120.41
121.48
120.49
120.92
120.78
120.74
121.9
122.21
121.44
121.59
121.89
121.08
120.77
120.64
121.79
121.71
121.11
121.11
121.17
120.51
121.3
121.27
121.22
121.2
121.3
120.59
120.17
121.91
121.47
120.44
121.47
121.58
120.09
120.58
121.67
121.27
120.24
121.54
121.82
120.87
120.8
121.5
121.01
121.08
121.32
121.29
121.1
121.9
121.09
120.43
120.27
121.43
120.74
120.74
121.15
121.38
121.81
120.78
121.75
121.14
120.51
121.11
121.09
121
121.85
121.21
120.19
120.93
121.38
121.38
121
121
120.73
120.59
120.5
120.02
120.33
120.27
122.31
121.94
121.43
121.62
120.92
120.84
121.01
121.98
121.31
121.31
121.07
121.74
120.67
120.67
120.74
121.04
120.91
121.81
122.07
121.48
121.77
121.63
121.53
121.04
121.5
122.12
121.29
121.9
121.59
122.19
122.19
121.62
120.97
121.84
121.91
121.87
121.19
122.33
122.3
121.75
121.28
121.67
121.52
120.78
120.78
121.63
120.72
120.72
121.88
121.56
120.91
122.2
121.74
120.67
121.45
121.34
121.35
121.32
121.74
121.37
121.4
121.7
121.12
121.27
120.88
122.24
121.74
121.07
121.44
121.92
122.25
121.65
121.74
121.75
120.83
121.46
121.44
120.56
121.35
122.05
121.74
121.36
121.71
121.48
121.24
121.62
121.4
120.25
121.15
121.84
121.39
121.55
122.12
121.18
121.13
121.8
121.91
120.9
120.65
120.99
119.94
120.2
122.16
121.74
120.61
121.33
121.88
121.79
121.41
121.36
121.37
120.35
121.43
121.36
121.26
121.26
121.42
122.24
120.95
121.43
121.96
121.66
121.28
121.57
121.35
120.23
121.2
121.08
120
121.26
121.26
120.92
120.92
121.88
121.3
120.93
121.91
122.11
121.68
122.27
122.35
120.77
120.76
121.49
121.5
121.55
121.27
121.42
122.12
122.84
121.96
121.8
120.91
121.79
121.8
121.13
121.87
122.28
121.06
120.78
121.11
121.7
121.54
122.54
121.97
121.97
121.32
121.85
120.68
120.55
121.36
121.32
120.87
121.17
121.81
121.44
121.74
121.74
120.78
120.59
121.39
120.6
120.23
120.23
122.2
121.08
120.63
121.28
120.5
120.43
121.3
120.47
121.46
122.03
121.92
121.42
120.67
120.67
121.4
122.24
120.84
121.89
121.45
121.32
122.09
120.97
120.73
121.33
121.61
121.32
122
122.04
121.64
121.77
122.1
122.1
121.44
122.57
122.46
