336.19
336.13
336.16
336.17
336.05
335.95
336.02
335.99
336.12
336.3
336.41
336.19
336.17
336.5
336.34
336.33
336.45
336.36
336.14
336.39
336.54
336.67
336.58
336.77
336.64
336.49
336.4
336.52
336.39
336.32
336.48
336.41
336.58
336.37
336.37
336.44
336.4
336.49
336.43
336.61
336.59
336.53
336.52
336.29
336.53
336.55
336.81
336.76
336.64
336.56
336.46
336.51
336.84
336.71
336.69
336.79
336.68
336.61
336.49
336.54
336.63
336.67
336.7
336.7
336.98
336.83
336.81
336.63
336.57
336.87
336.65
336.54
336.61
336.63
336.69
336.6
336.67
336.79
336.91
336.63
336.69
336.71
336.87
336.92
336.63
336.61
336.79
336.61
336.76
336.89
336.68
336.79
336.96
336.85
336.81
336.83
336.83
337.11
336.8
336.64
336.97
336.68
336.5
336.84
336.99
336.97
336.88
336.68
336.66
336.77
337
337.07
337.05
336.88
337.02
336.86
336.69
336.9
337.04
336.87
336.99
336.86
336.65
336.77
336.52
336.32
336.75
336.56
336.49
336.62
336.86
336.82
336.82
336.9
337.03
336.84
336.69
336.93
336.95
336.97
336.71
336.65
336.53
336.6
336.97
336.81
336.88
337.02
337.14
337.01
336.92
336.88
336.89
336.95
336.89
336.99
336.94
336.64
336.52
336.49
336.76
336.84
336.52
336.58
336.55
336.46
336.7
336.53
336.56
336.89
336.86
336.77
336.95
336.66
336.39
336.61
336.68
336.68
336.56
336.3
336.61
336.77
336.76
336.54
336.4
336.52
336.62
336.47
336.52
336.78
336.89
336.5
336.51
336.54
336.56
336.61
336.54
336.63
336.7
336.71
336.52
336.69
336.74
336.66
336.77
336.7
336.7
336.6
336.45
336.59
336.62
336.59
336.64
336.55
336.49
336.46
336.68
336.51
336.49
336.61
336.62
336.64
336.7
336.7
336.66
336.48
336.74
336.71
336.83
336.85
336.68
336.51
336.72
336.82
336.56
336.57
336.62
336.5
336.78
336.55
336.64
336.67
336.61
336.53
336.66
336.66
336.64
336.45
336.48
336.64
336.9
336.76
336.57
336.47
336.5
336.84
336.82
336.51
336.65
336.46
336.66
336.76
336.67
336.64
336.69
336.74
336.31
336.14
336.51
336.16
336.48
336.54
336.18
336.26
336.43
336.52
336.39
336.27
336.51
336.33
336.39
336.31
336.41
336.71
336.5
336.48
336.35
336.19
336.06
336.11
336.04
336.23
336.24
336.25
336.47
336.33
336.1
336.26
336.31
336.26
336.06
335.93
336.03
336.05
336.21
336.25
336.11
336.33
336.35
335.95
336
336.23
336.23
336.36
336.2
336.22
335.83
335.89
336.28
335.94
335.94
336.11
336.15
336.15
335.91
336.1
336.24
335.88
336.22
335.91
335.95
336.13
336.3
336.14
335.9
335.98
336.26
336.13
336.14
336.3
335.95
335.64
335.74
335.79
335.81
335.46
335.55
336.11
335.9
335.7
335.92
335.83
335.6
335.72
336.06
336.07
335.93
335.63
335.48
335.81
335.76
335.81
335.57
335.62
335.81
335.86
335.85
335.75
335.85
335.85
335.81
335.48
335.62
335.55
335.5
335.53
335.36
335.83
335.81
335.52
335.59
335.54
335.4
335.48
335.67
335.59
335.52
335.71
335.51
335.57
335.65
335.34
335.27
335.3
335.54
335.7
335.74
335.6
335.68
335.73
335.67
335.56
335.59
335.59
335.7
335.74
335.68
335.45
335.4
335.24
335.09
335.64
335.26
335.23
335.29
335.09
335.46
335.5
335.34
335.29
335.37
335.41
335.23
335.25
335.42
335.34
335.32
335.16
335.19
335.33
334.99
335.01
335.23
335.07
334.99
335
334.91
334.91
334.82
334.87
334.89
335.09
335.14
334.9
334.79
334.86
334.98
334.96
335.01
335.25
335.27
335.12
334.88
334.85
334.97
335.14
335.17
335.23
334.97
334.8
334.73
334.89
335.1
335.1
334.78
334.8
334.93
334.74
334.79
334.87
334.74
334.73
334.9
334.82
334.7
334.53
334.51
334.4
334.67
334.5
334.5
334.63
334.42
334.57
334.78
334.54
334.66
334.57
334.65
334.6
334.43
334.39
334.42
334.42
334.57
334.42
334.38
334.63
334.71
334.71
334.5
334.59
334.69
334.45
334.41
334.53
334.6
334.31
334.18
334.42
334.48
334.66
334.6
334.36
334.26
334.41
334.34
334.25
333.99
334.34
334.51
334.44
334.23
334.32
334.42
334.33
334.1
333.95
334.29
334.29
334.45
334.27
334.17
334.05
334.22
334.25
334.45
334.41
334.13
334.05
334.26
334.26
334.55
334.43
334.26
334.22
334.17
334.15
334.38
334.45
334.43
334.31
334.15
334.22
334.33
334.61
334.43
334.39
334.17
334.16
334.61
334.53
334.41
334.22
334.23
334.42
334.62
334.35
334.68
334.46
334.48
334.45
334.45
334.57
334.38
334.34
334.21
334.39
334.34
334.22
334.27
334.41
334.48
334.41
334.36
334.3
334.36
334.25
334.45
334.43
334.41
334.56
334.24
334.19
334.45
334.59
334.59
334.55
334.38
334.6
334.64
334.34
334.51
334.15
334.25
334
333.88
334.21
334.1
334.07
334.17
334.4
334.1
334.37
334.34
334.1
333.97
334.05
334.04
334.24
333.88
333.79
333.7
333.81
334.05
333.96
334.01
334.06
334.26
334.07
333.9
333.99
334.07
334.07
334.04
334.14
334.18
334.03
334.22
334
333.99
333.84
333.96
334.17
334.03
334.36
334.22
333.9
333.96
333.93
333.96
333.75
333.7
333.82
333.87
334.06
333.88
334.27
334.25
334.08
333.91
333.95
333.77
333.73
333.99
333.81
333.75
333.94
333.84
333.64
333.51
333.98
333.79
333.8
333.68
333.7
333.6
333.82
333.87
333.77
334.03
333.99
334.04
333.94
333.74
333.83
333.85
333.99
333.86
333.96
334.08
334.05
334.03
333.86
333.85
333.95
333.78
333.99
334.28
334.14
334.09
334.1
334.15
334.2
334.06
333.94
333.85
333.98
334.07
334.19
334.2
334.27
334.15
333.87
333.79
334.24
334.04
333.91
334
334.25
334.27
334.18
334.13
334.11
334.25
334.12
333.95
333.95
334.28
334.08
334.06
334.11
334.4
334.14
334.31
334.26
334.36
334.29
334.21
334.25
334.22
334.18
334.31
333.93
333.81
333.77
334.01
334.22
333.99
334.2
334.25
334
334.08
333.98
333.96
334.1
334.16
334.21
334.29
334.32
334.53
334.15
334.18
334.26
334.31
334.62
334.34
334.15
334.51
334.74
334.79
334.51
334.28
334.29
334.3
334.37
334.29
334.2
334.21
334.28
334.36
334.24
334.04
334.17
334.31
334.12
334.25
334.11
334.21
333.96
334.25
334.17
334.08
333.99
334.02
333.86
333.91
334.06
334.18
334.21
334.03
333.9
333.78
333.78
333.74
333.75
333.88
333.72
333.81
334
333.67
333.79
333.7
333.93
334.05
333.95
333.87
333.77
333.73
333.74
334.01
333.83
333.86
333.61
333.72
333.62
333.55
333.53
333.77
333.85
333.92
333.78
333.67
333.77
333.63
333.81
333.81
333.61
333.44
333.77
333.72
333.63
333.45
333.41
333.51
333.78
333.87
333.64
333.7
333.61
333.61
333.69
333.68
333.55
333.42
333.71
333.45
333.63
333.53
333.67
333.33
333.44
333.11
333.09
332.95
333.09
333.11
333.24
333.26
333.53
333.65
333.52
333.47
333.33
333.5
333.64
333.43
333.55
333.66
333.64
333.49
333.39
333.42
333.42
333.6
333.62
333.69
333.46
333.56
333.56
333.48
333.55
333.48
333.6
333.5
333.6
333.57
333.84
333.42
333.42
333.66
333.95
333.72
333.4
333.43
333.59
333.49
333.63
333.9
334.11
333.84
333.6
333.73
333.84
333.76
333.6
333.74
333.86
333.85
333.63
333.74
333.87
333.84
333.66
333.47
333.5
333.49
333.59
333.89
333.75
333.85
333.79
333.86
334.01
333.95
334.14
333.81
333.84
333.72
333.66
333.65
333.55
333.46
333.51
333.53
333.56
333.44
333.57
333.64
333.54
333.65
333.61
333.52
333.52
333.48
333.83
333.73
333.86
333.88
333.39
333.47
333.61
333.47
333.5
333.32
333.49
333.35
333.52
333.5
333.58
333.48
333.27
333.21
333.71
333.66
333.67
333.7
333.58
333.56
333.56
333.59
333.4
333.52
333.57
333.65
333.49
333.51
333.46
333.38
333.48
333.25
333.34
333.46
333.34
333.35
333.35
333.35
333.52
333.54
333.37
333.56
333.63
333.53
333.36
333.72
333.55
333.82
333.62
333.57
333.73
333.47
333.43
333.43
333.51
333.69
333.49
333.94
333.72
333.66
333.61
333.49
333.33
333.27
333.32
333.51
333.73
333.78
333.59
333.69
333.54
333.43
333.56
333.41
333.54
333.33
333.31
333.58
333.62
333.63
333.63
333.42
333.35
333.33
333.5
333.65
333.65
333.55
333.43
333.45
333.59
333.69
333.48
333.29
333.51
333.65
333.71
333.68
333.62
333.82
333.63
333.61
333.52
333.54
333.78
333.64
333.74
333.51
333.35
333.7
333.58
333.64
333.48
333.86
333.92
333.8
333.79
333.68
333.75
333.7
333.57
333.61
333.57
333.7
333.82
333.54
333.81
333.98
333.93
333.67
333.87
333.76
334.12
334.04
333.85
333.88
334
333.89
334.01
334.21
334.23
334.27
334.41
334
334.06
334.05
333.99
334.2
334.47
334.21
334.13
333.94
334.1
334.32
334.2
334.3
334.35
334.54
334.38
334.12
334.29
334.69
334.53
334.49
334.46
334.21
334.23
334.4
334.48
334.44
334.57
334.8
334.58
334.57
334.58
334.55
334.63
334.27
334.55
334.61
334.57
334.48
334.47
334.68
334.55
334.6
334.37
334.85
334.59
334.28
334.54
334.91
334.74
334.67
334.54
334.56
334.59
334.81
334.75
334.43
334.46
334.67
334.72
334.66
334.8
334.75
334.8
334.68
334.59
334.87
334.95
334.55
334.65
334.67
334.63
334.23
334.42
334.8
334.73
334.61
334.7
334.69
334.67
334.7
334.67
334.46
334.87
334.73
334.97
334.84
334.79
334.72
334.82
334.94
334.88
334.67
334.72
334.66
334.86
334.38
334.43
334.5
334.64
334.62
334.69
334.67
334.67
334.78
334.82
334.74
334.64
334.56
334.69
334.84
334.83
334.77
334.77
334.8
334.89
334.85
334.75
334.8
334.83
334.78
334.47
334.63
335.03
335.06
334.77
334.61
334.87
334.73
334.72
334.84
334.78
335
335
335.05
334.89
334.95
334.99
334.91
335.01
334.89
334.93
334.86
334.97
335.02
335.02
335.26
335.33
335.21
335.08
335.13
335.32
335.08
335.05
334.95
335.24
335.25
335.13
335.23
335.21
335.2
335.3
335.27
335.3
335.32
335.24
335.3
335.46
335.03
335.39
335.42
335.19
335.09
335.19
335.43
335.34
335.53
335.46
335.72
335.39
335.55
335.62
335.65
335.63
335.56
335.55
335.27
335.62
335.54
335.62
335.71
335.68
335.45
335.49
335.49
335.42
335.49
335.36
335.52
335.4
335.58
335.62
335.58
335.69
335.55
335.58
335.43
335.14
335.43
335.95
335.65
335.42
335.59
335.42
335.13
335.42
335.55
335.34
335.36
335.41
335.35
335.55
335.51
335.68
335.77
335.8
335.5
335.29
335.31
335.33
335.51
335.51
335.52
335.47
335.33
335.35
335.35
335.33
335.36
335.24
335.17
335.46
335.49
335.46
335.6
335.85
335.57
335.6
335.73
335.51
335.47
335.48
335.37
335.6
335.42
335.23
335.49
335.37
335.54
335.41
335.37
335.48
335.5
335.63
335.6
335.6
335.66
335.89
335.7
335.41
335.5
335.62
335.6
335.47
335.61
335.69
335.55
335.35
335.4
335.56
335.71
335.6
335.6
335.48
335.5
335.63
335.72
335.6
335.45
335.35
335.46
335.6
335.86
335.58
335.49
335.62
335.82
335.67
335.69
335.8
335.83
335.88
335.75
335.36
335.5
335.69
335.66
335.57
335.54
335.51
335.64
335.64
335.76
335.78
335.75
335.84
335.74
335.75
335.63
335.76
335.64
335.71
335.61
335.79
335.84
335.89
335.82
335.84
335.93
336.22
335.98
335.96
335.93
336.13
336.12
335.95
336.13
336.32
336.27
335.99
335.95
335.84
335.98
335.85
335.82
335.89
336.07
336.09
336.16
336.03
335.96
335.94
336.17
336.24
336.15
336.17
336
336.28
336.34
336.41
336.16
336.17
336.31
336.44
336.26
336.19
336.28
336.16
336
336.31
336.47
336.22
336.19
336.22
336.21
336.32
336.63
336.59
336.7
336.61
336.72
336.69
336.71
336.57
336.38
336.21
336.42
336.42
336.49
336.65
336.46
336.4
336.48
336.35
336.33
336.2
336.48
336.51
336.45
336.4
336.47
336.39
336.45
336.43
336.54
336.56
336.63
336.55
336.54
336.59
336.58
336.54
336.52
336.52
336.83
336.53
336.76
336.77
336.78
336.65
336.54
336.46
336.53
336.49
336.51
336.58
336.57
336.45
336.54
336.59
336.74
336.95
336.8
336.84
336.75
336.58
336.92
336.71
336.82
336.77
336.97
336.69
337.09
337.01
337.04
337.07
336.99
336.85
336.81
337
336.96
337.08
336.99
336.75
336.79
336.95
336.97
337.25
337.12
337.02
337.21
337.23
337.21
336.85
336.91
337.12
337.21
337.14
337.1
336.95
336.94
337.3
337.23
337.1
337.13
337.24
336.96
337.04
337.28
337.13
337.08
336.8
337.14
337.33
337.15
337.31
337.35
337.1
337.21
337.41
337.48
337.48
337.3
337.42
337.23
337.2
337.09
337.19
337.02
337.24
337.2
337.34
337.06
336.91
337.07
337.26
337.41
337.03
337.24
337.21
337.19
337.37
337.2
337.58
337.47
337.43
337.38
337.36
337.15
337.35
337.35
337.41
337.13
336.82
336.92
336.95
337.09
337.02
337.1
337.16
337.16
337.13
337.18
337.15
337.1
337.08
336.97
336.97
337.2
337.13
336.99
337.06
337.08
336.94
336.91
337.05
337.38
337.28
337.32
337.09
336.91
337.11
336.9
337.12
337.22
336.98
336.87
336.84
337
336.69
336.89
337.11
337.03
336.91
336.93
336.97
336.85
336.76
336.85
336.95
336.84
336.64
337.08
337.16
336.97
336.78
337.07
336.9
336.85
337.01
337.01
336.72
336.79
336.72
336.64
336.86
336.77
336.84
336.88
337.04
337.08
336.9
336.84
336.55
336.75
336.68
336.87
336.76
336.66
336.88
336.74
336.83
336.66
336.87
336.89
336.74
336.78
336.78
336.8
336.8
336.86
336.93
336.81
336.68
336.78
336.84
336.98
336.72
336.99
336.64
336.54
336.65
336.4
336.65
336.83
336.76
336.66
336.78
337
337.08
336.92
336.68
336.9
336.86
336.99
336.84
336.75
336.78
336.73
336.75
337.03
337.17
337.27
336.92
337.13
337.22
337.07
337.02
336.96
337.26
337.16
336.9
337.07
336.98
336.74
337.17
337
336.99
337.28
337.26
337.27
337.15
337.14
337.17
337.48
337.03
336.94
336.98
336.93
336.9
337.09
337.03
337.07
336.86
336.87
336.94
336.76
336.85
336.87
337.04
337.01
336.94
337.12
337.17
337.15
337.19
337.46
337.23
337.17
337.06
336.8
336.79
337.17
336.92
337
337.22
337.49
337.48
337.31
337.27
337.06
337.31
337.17
336.68
336.89
336.93
337.12
337.05
336.88
336.95
336.92
336.92
337.21
336.97
336.81
336.76
337.02
336.93
336.8
336.92
336.87
336.99
336.79
336.66
336.85
336.91
336.92
337.13
337.15
337.16
336.95
337.05
336.88
336.93
336.86
336.66
336.81
336.83
336.8
336.8
336.89
336.8
337.01
337.18
337.11
336.87
336.85
336.99
336.99
337.2
337
336.9
336.84
336.92
336.78
336.76
336.74
336.67
336.97
337.03
336.65
336.67
336.67
336.65
336.5
336.67
336.76
336.53
336.63
336.73
336.47
336.61
336.8
336.99
336.62
336.85
336.98
336.71
336.88
336.48
336.44
336.47
336.74
336.45
336.59
336.79
336.72
336.55
336.75
336.6
336.56
336.65
336.65
336.6
336.58
336.49
336.64
336.54
336.36
336.57
336.62
336.45
336.39
336.54
336.49
336.56
336.36
336.62
336.57
336.35
336.4
336.34
336.1
336.18
336.24
336.33
336.67
336.36
336.32
336.28
336.32
336.43
336.58
336.61
336.34
336.27
336.06
336.08
336.4
336.39
336.38
336.13
336.17
336.16
336
336.21
336.35
336.3
336.19
336.41
336.53
336.43
336.06
336.06
336.14
336.16
336.02
335.95
335.86
336.16
336.04
336
336.1
335.95
335.83
335.98
335.89
336.18
336.2
335.82
336.08
336.2
336.12
336.06
336.18
336.14
336.18
335.97
336.08
336.03
336.06
336.12
336.03
336.24
336.12
336.03
336.01
335.84
335.88
335.92
335.88
335.95
336.16
335.95
335.88
335.82
336.09
336.26
336.24
336.19
335.84
335.63
335.95
335.9
335.79
335.92
336.25
335.65
335.59
335.91
335.61
335.57
335.76
335.74
335.77
335.88
335.65
335.86
335.72
335.87
335.83
335.69
335.68
335.68
335.77
335.58
335.55
335.7
335.54
335.61
335.79
335.62
335.5
335.45
335.61
335.66
335.69
335.57
335.4
335.53
335.71
335.45
335.31
335.4
335.25
335.23
335.43
335.49
335.64
335.72
335.59
335.55
335.32
335.46
335.65
335.64
335.45
335.17
335.47
335.75
335.75
335.69
335.67
335.4
335.22
335.52
335.72
335.25
335.41
335.44
335.49
335.75
335.61
335.23
335.52
335.65
335.51
335.51
335.25
335.23
335.25
335.33
335.3
335.42
335.25
335.44
335.32
335.37
335.37
335.44
335.41
335.46
335.25
335.2
335.2
335.22
335.12
335.17
335.03
335.23
335.21
335.16
335.09
335.32
335.45
335.24
335.22
335.43
335.66
335.34
335.43
335.48
335.17
335.12
335.21
335.26
335.28
335.47
335.2
335.24
335.09
335.37
335.55
335.63
335.46
335.51
335.44
335.39
335.36
335.27
335.01
335.01
335.37
335.46
335.28
335.28
335.14
335.18
335.32
335.49
335.42
335.56
335.34
335.42
335.22
335.28
335.54
335.32
335.49
335.42
335.51
335.39
335.51
335.35
335.34
335.41
335.32
335.36
335.57
335.83
335.42
335.13
335.26
335.5
335.5
335.49
335.09
335.38
335.33
335.28
335.25
335.19
335.52
335.59
335.61
335.32
335.31
335.61
335.49
335.37
335.3
335.44
335.4
335.7
335.86
335.73
335.65
335.81
335.73
335.47
335.69
335.67
335.74
335.76
335.78
335.75
335.6
335.67
335.81
335.65
335.5
335.67
335.74
335.64
335.45
335.76
335.59
335.48
335.87
335.78
335.75
335.8
335.82
335.96
335.77
335.78
335.61
335.77
336.08
335.97
335.73
335.87
336
336.17
336.22
335.95
335.92
336.19
336.3
336.21
336.23
336.09
336.04
335.93
335.63
335.95
336.04
336.23
336.16
335.82
335.88
336.09
335.88
335.88
335.85
336.02
336.1
336.03
336.25
336.33
336.03
336.14
336.17
336.03
335.97
335.93
336.13
336.14
336.1
336.27
336.26
336.28
336.14
336.3
336.31
336.14
336.22
336.1
336.17
336.22
336.12
336.26
336.42
336.36
336.41
336.24
336.2
336.39
336.05
336.03
336.2
336.03
336.1
336.26
336.18
336.31
336.4
336.05
336.1
336.1
336.11
336.02
336.03
336.34
336.19
336.42
336.52
336.32
336.26
336.41
336.42
336.25
336.46
336.53
336.47
336.21
336.25
336.32
336.32
336.34
336.42
336.43
336.27
336.29
336.31
336.34
336.29
336.2
336.13
336.19
336.28
336.22
336.17
335.86
336.03
336.09
336.07
335.99
336.11
336.27
336.18
336.22
335.84
335.9
336.04
335.95
335.91
335.89
335.79
335.74
336.12
336.2
336.1
336.17
336.42
336.34
336.2
336.53
336.28
336.3
336.27
336.06
336.29
336.36
336.24
336.31
336.24
336.26
336.33
336.3
336.17
335.97
336.15
336.04
336.38
336.57
336.21
336.08
336.37
336.34
336.46
336.45
336.44
336.41
336.71
336.61
336.65
336.37
336.16
336.48
336.78
336.65
336.29
336.22
336.25
336.28
336.54
336.42
336.44
336.2
336.3
336.37
336.47
336.51
336.48
336.32
336.42
336.49
336.18
336.42
336.68
336.69
336.38
336.63
336.39
336.41
336.25
336.2
336.26
336.38
336.44
336.15
336.35
336.35
336.58
336.68
336.52
336.68
336.6
336.8
336.52
336.4
336.45
336.57
336.53
336.48
336.5
336.46
336.3
336.56
336.54
336.6
336.53
336.25
336.29
336.46
336.58
336.45
336.57
336.7
336.6
336.57
336.4
336.38
336.4
336.36
336.54
336.64
336.49
336.6
336.31
336.38
336.3
336.5
336.59
336.4
336.35
336.36
336.29
336.38
336.3
336.39
336.39
336.34
336.19
336.31
336.24
336.43
336.55
336.43
336.54
336.5
336.22
336.34
336.52
336.43
336.27
336.57
336.45
336.7
336.62
336.55
336.47
336.3
336.42
336.36
336.43
336.38
336.5
336.2
336.07
336.1
336.25
336.2
336.04
335.9
336.18
336.11
336.09
335.95
336.14
336.33
336.42
336.38
336.27
336.32
336.06
336.08
336.2
336
335.86
336.17
336.24
336.16
335.96
335.93
336.12
336.25
336.32
336.26
336.26
336.08
336.03
335.97
335.94
335.88
335.81
336.08
336.2
336.06
336.08
336.08
336.06
335.95
335.86
335.91
335.96
336.05
336.15
335.96
336.04
335.71
335.75
335.58
335.61
335.63
335.75
335.6
335.69
335.91
335.75
335.63
335.6
335.94
336
335.8
335.9
335.76
336.03
336.07
335.88
335.76
335.9
335.6
335.53
335.41
335.71
335.3
335.33
335.56
335.76
335.61
335.56
335.78
335.63
335.58
335.77
335.7
335.69
335.7
335.91
336.12
336.11
335.97
335.96
335.82
335.8
335.94
335.71
335.71
335.9
335.94
335.83
335.72
335.83
335.96
336.17
335.95
335.89
335.61
335.87
335.98
335.98
335.93
336.03
335.89
335.77
335.85
336.18
336.18
336.31
335.99
336.11
336.29
336.22
336.28
336.47
335.91
335.72
335.71
335.85
335.81
335.92
335.77
335.98
335.92
335.77
335.98
335.83
335.94
336.02
336.01
335.89
335.83
335.67
335.6
335.74
335.97
335.63
335.64
335.76
335.73
335.69
335.57
335.39
335.88
336.04
335.77
335.58
335.69
335.73
335.65
335.84
335.59
335.74
335.64
335.81
335.57
335.83
335.7
335.8
335.76
335.88
335.96
336.06
335.91
335.84
335.65
335.67
335.39
335.58
335.73
335.97
335.88
335.71
335.94
336.06
336.1
335.87
335.81
335.92
335.93
335.78
335.89
336.05
335.89
335.79
335.86
335.85
335.74
335.92
335.72
335.59
335.85
335.86
335.63
335.5
335.74
335.86
335.77
335.89
335.65
335.79
336.02
335.81
335.99
335.88
335.7
335.65
335.67
335.67
335.76
335.72
335.82
335.86
336.02
335.95
335.86
335.76
335.84
335.89
335.8
335.6
335.93
336.08
336.19
336.17
336.05
335.82
336.1
336.31
336
335.83
336.07
335.92
336.2
335.76
335.99
336.23
335.78
335.83
336.13
335.92
335.79
336.07
335.97
335.85
335.48
335.57
335.81
336.09
336.05
335.94
335.74
335.67
335.72
335.98
336.13
336.07
336.24
335.81
335.89
336.05
335.83
335.64
335.72
336.24
336.08
336.31
336.1
336.03
336.01
335.91
335.89
335.96
335.96
335.88
335.94
336.07
336.1
336.08
335.88
335.95
336.15
336.1
336.13
335.93
335.81
335.74
335.55
335.98
335.97
335.98
335.73
335.57
335.97
335.97
335.88
335.76
335.88
335.97
335.84
335.87
336.05
335.8
336.18
336.08
336.13
336.08
336.38
336.4
336.16
336.01
335.95
336.21
336.3
335.96
336.06
335.97
336.19
336.15
336.06
336.22
336.19
336.2
336.19
336.19
336.11
336.21
336.23
336.06
336.11
336.25
336.27
336.08
336.04
336.09
336.18
336.17
336.08
336.15
336.46
336.48
336.44
336.5
336.26
336.08
335.91
336.07
336.18
336.18
336.11
336.11
336.13
336.49
336.46
336.19
336.28
336.22
336.48
336.21
336.27
336.2
336.04
336.35
336.09
336.2
335.91
336.06
336.31
336.24
335.91
336.12
336.21
336
336.05
336.04
336.13
336.11
336.09
336.3
336
335.93
336.07
336.13
336.1
336.02
336.22
336.11
336.09
336.01
336.06
336.13
336.37
336.37
335.98
335.75
335.93
336.17
336.08
336.06
335.85
335.92
336.1
336.29
335.98
335.96
335.97
335.86
335.72
335.79
335.99
335.99
335.99
336.14
335.89
335.77
335.92
335.99
336.11
336.02
335.8
336.17
336.19
336.14
335.85
335.9
335.92
335.96
336.22
336.25
335.99
336.15
336.22
336.24
335.89
335.93
336.05
336.03
336.19
336.07
336.04
336.07
335.99
335.88
335.77
335.95
336.16
336.17
336.19
336.15
336.23
336.15
336.22
336.31
336.12
336.29
336.26
336.14
336.35
336.26
336.13
336.22
336.2
336.25
336.28
336.35
336.3
336.53
336.58
336.65
336.43
336.39
336.25
335.89
336.31
336.28
336.56
336.57
336.14
336.07
336.3
336.37
336.37
336.39
336.07
336.14
336.3
336.1
336.09
336.02
336.14
336.07
335.88
335.82
335.99
336.08
336.11
335.84
335.7
335.83
336.14
336.04
336
335.83
335.8
335.57
335.7
335.77
335.8
335.96
335.93
335.89
335.77
335.69
335.86
335.93
335.94
335.98
335.69
335.76
335.86
335.95
335.59
335.87
335.96
335.78
335.98
336.1
335.67
335.92
335.99
336.09
335.96
336.13
335.94
336.33
336.05
335.88
335.98
336.01
335.73
336.09
335.74
335.9
335.74
335.88
335.63
335.54
336.08
336.07
336
335.8
335.85
335.83
336.23
336.26
335.94
336.25
336.27
335.95
335.77
335.86
335.88
335.85
335.75
335.91
336.05
336.27
336.32
336.26
336.01
335.91
336
336.19
336.29
336.2
335.95
336.12
336.1
336.24
336.27
336.14
336.24
336.16
336.2
336.14
336.03
336.02
335.94
336.08
336.38
336.43
336.3
336.49
336.54
336.55
336.21
336.28
336.19
336.13
336.48
336.55
336.51
336.44
336.27
336.4
336.46
336.36
336.2
336.45
336.42
336.23
336.44
336.41
336.15
336.28
336.06
336.22
336.25
336.46
336.46
336.46
336.29
336.32
336.34
336.38
336.32
336.36
336.48
336.39
336.45
336.29
336.43
336.28
336.33
336.06
336.14
336.32
336.42
336.42
336.3
336.21
335.9
336.19
336.23
336.49
336.61
336.22
336.11
336.36
336.27
336.11
336.37
336.15
336.07
336.42
336.25
336.33
336.19
336.18
336.24
336.13
336.18
336.17
336.22
336.18
335.95
335.94
335.98
336.46
336.12
336.38
336.29
336.2
336.18
336.36
336.16
335.91
335.96
336.1
336.07
336.07
336.08
336.31
336.11
336.32
336.07
336.12
336.08
335.93
335.96
335.72
335.71
336.01
336.1
336.18
336.09
336.28
336.31
336.14
335.73
335.85
336.04
336.22
335.89
336.02
336.09
336.14
335.98
336.17
336.22
336.03
336.31
336.24
336.23
335.95
336.21
336.21
336.16
336.07
336.26
336.33
336.12
335.91
335.9
335.99
336.43
336.28
336.08
335.94
336.14
335.98
336
336.38
336.2
336.33
335.74
335.75
336.06
336.04
336.05
336.42
336.4
336.41
336.32
336.37
336.26
335.93
336.12
336.21
336.21
336.42
336.44
336.05
335.97
335.91
335.98
335.99
336.15
336.15
336.13
336.09
335.94
335.99
335.99
336.37
336.18
335.97
336.14
336.19
336.03
336.12
336.1
336.22
336.32
336.31
336.27
336.18
336.13
336.01
335.97
335.86
336.17
336.12
336.16
336.17
336.15
336.36
336.33
336.17
336
336.35
336.43
336.23
336.45
336.38
336.32
336.42
336.36
336.46
336.71
336.65
336.39
336.58
336.49
336.42
336.09
336.04
336.41
336.72
336.6
336.5
336.22
336.56
336.44
336.38
336.34
336.39
336.29
336.27
336.32
336.29
336.36
336.12
335.96
336.17
336.33
336.42
336.38
336.67
336.34
336.41
336.57
336.41
336.41
336.2
336.36
336.22
336.52
336.38
336.41
336.42
336.48
336.61
336.48
336.53
336.58
336.23
336.3
336.31
336.39
336.61
336.59
336.29
336.45
336.1
336.17
336.27
336.12
336.45
336.33
336.33
336.19
336.3
336.24
336.62
336.48
336.47
336.29
336.36
336.41
336.37
336.67
336.6
336.72
336.47
336.57
336.45
336.37
336.46
336.27
336.36
336.31
336.77
336.72
336.4
336.41
336.45
336.42
336.39
336.2
336.29
336.56
336.42
336.47
336.57
336.52
336.55
336.4
336.61
336.29
336.53
336.2
336.5
336.24
336.32
336.5
336.41
336.26
336.33
336.37
336.37
336.45
336.57
336.42
336.55
336.75
336.53
336.47
336.41
336.38
336.57
336.42
336.39
336.27
336.34
336.58
336.44
336.67
336.79
336.62
336.82
336.56
336.62
336.63
336.57
336.61
336.77
336.76
336.6
336.6
336.44
336.67
336.51
336.57
336.55
336.77
336.78
336.4
336.42
336.57
336.51
336.62
336.72
336.28
336.76
336.65
336.51
336.61
336.33
336.34
336.53
336.91
336.91
336.71
336.74
336.57
336.74
336.72
336.7
336.67
336.93
336.9
336.78
336.66
336.82
336.89
336.82
336.64
336.76
336.79
336.8
336.58
336.69
336.93
336.69
336.63
336.81
336.63
336.75
336.97
336.83
336.89
336.62
336.95
336.93
336.97
337.04
336.94
336.73
336.9
337.06
336.8
336.88
336.88
337.06
336.95
336.87
336.9
336.84
336.82
336.88
336.87
336.87
337.02
337.09
336.94
336.99
336.95
336.8
336.8
336.77
336.96
337.12
336.87
336.98
337.01
337.09
337.12
337.17
336.96
337.06
337.25
337.03
337.01
337.4
337.48
337.59
337.16
336.91
336.93
337.1
337.44
337.23
336.97
337.09
336.98
337.29
337.45
337.33
337.24
337.39
337.24
337.22
337.37
337.31
337.3
337.33
337.46
337.63
337.66
337.58
337.34
337.5
337.4
337.44
337.49
337.16
337.28
337.56
337.49
337.66
337.59
337.45
337.49
337.37
337.58
337.36
337.35
337.36
337.22
337.32
337.55
337.76
337.46
337.49
337.44
337.53
337.53
337.79
337.74
337.25
337.45
337.57
337.55
337.43
337.67
337.88
337.87
337.76
337.83
337.55
337.69
337.62
337.91
337.66
337.66
337.56
337.65
337.68
337.66
337.67
337.94
337.84
337.84
337.75
337.77
337.86
337.87
337.73
337.94
337.94
338.1
338.03
337.81
338.12
338.19
338.15
337.92
337.8
338.04
337.85
338.13
338
338.11
338.09
338.16
338.14
338.01
338.04
338.16
338.03
338.12
338.07
338.12
338.17
338.15
338.02
338.22
338.09
338.2
338.22
338.24
338.1
338.08
338.19
338.15
338.27
338.34
338.36
338.52
338.5
338.34
338.25
338.19
338.45
338.38
338.5
338.35
338.39
338.35
338.49
338.47
338.58
338.53
338.51
338.46
338.23
338.51
338.59
338.51
338.44
338.63
338.49
338.29
338.55
338.67
338.42
338.32
338.29
338.31
338.62
338.59
338.71
338.49
338.44
338.47
338.56
338.65
338.62
338.33
338.54
338.54
338.3
338.52
338.33
338.65
338.72
338.5
338.49
338.57
338.66
338.75
338.61
338.67
338.52
338.63
338.65
338.84
338.8
338.79
338.67
338.75
338.82
338.84
338.73
338.95
338.97
338.83
338.79
338.77
338.86
338.6
338.83
338.83
338.84
338.66
338.67
338.66
338.83
338.87
339
338.78
338.86
338.6
338.85
339.17
339.17
338.86
338.76
338.88
338.66
338.79
338.85
338.88
338.57
338.74
338.76
338.81
338.95
339.07
339.14
338.95
339.09
339.16
338.84
338.97
339.1
339.19
339.2
339.33
339.02
339.26
339.27
339.1
339.28
339.35
339.23
339.24
339.36
339.42
339.2
338.81
339
339.12
339.07
339.19
339.05
339.26
339.05
339.1
339.29
339.15
339.29
339.21
339.09
339.28
338.98
338.95
339.07
339.3
339.26
339.21
339.14
338.88
339.09
339.03
338.79
339
339.14
339.17
339.33
339.17
338.6
338.95
338.98
338.66
338.71
338.88
338.79
338.82
338.48
338.38
338.85
338.91
338.73
338.58
338.67
338.6
338.73
338.67
338.58
338.58
338.58
338.33
338.45
338.61
338.57
338.49
338.49
338.75
338.72
338.54
338.73
338.49
338.42
338.4
338.42
338.38
338.25
338.29
338.34
338.4
338.48
338.38
338.4
338.12
338.05
338.37
338.52
338.24
338.39
338.52
338.73
338.56
338.66
338.53
338.59
338.41
338.6
338.53
338.74
338.72
338.44
338.46
338.82
338.75
338.68
338.64
338.73
338.47
338.72
338.94
338.77
338.59
338.56
338.35
338.37
338.21
338.61
338.61
338.2
338.53
338.59
338.5
338.43
338.62
338.55
338.48
338.55
338.53
338.49
338.24
338.27
338.16
338.39
338.28
338.41
338.3
338.41
338.3
338.16
338.14
338.02
337.95
338.12
338.08
338.18
338.22
337.96
338.06
338.2
338.22
338.21
338.32
338.32
338.21
338.1
338.1
338.28
338.26
338.25
338.25
338.09
338.09
337.86
337.82
338
338.17
338.1
338.1
337.96
337.94
338.01
337.94
337.91
338.03
338.19
338.02
338.19
337.92
337.92
338.09
338.16
338.33
338.26
338.16
338.73
338.76
338.61
338.52
338.64
338.44
338.26
338.52
338.37
338.56
338.35
338.35
338.64
338.55
338.26
337.99
337.9
338.09
338.01
338.2
338.19
338.27
338.26
338.19
338.05
338.17
338.18
338.29
338.17
337.86
337.95
337.93
338.16
338.21
338.09
338.06
337.91
337.96
338.17
338.08
337.87
337.97
337.8
338
337.92
338.1
337.75
337.68
337.75
338.05
338
338.05
338.2
337.96
337.95
338.04
337.93
337.77
337.88
337.48
337.68
337.63
337.82
338.04
337.53
337.73
337.95
337.98
337.9
337.88
337.83
337.98
337.69
337.5
337.6
337.58
337.9
337.66
337.88
337.94
337.67
337.83
337.7
337.6
337.66
337.68
337.57
337.7
337.83
337.82
337.82
337.71
337.8
337.59
337.7
337.81
337.59
337.53
337.7
337.74
337.27
337.52
337.53
337.41
337.58
337.79
337.45
337.17
337.34
337.75
337.81
337.5
337.56
337.7
337.73
337.65
337.79
337.7
337.72
337.73
337.8
337.65
337.76
337.64
337.47
337.64
337.72
337.9
337.91
337.58
337.65
337.83
337.53
337.57
337.59
337.53
337.57
337.67
337.55
337.63
337.52
337.78
337.81
337.81
337.77
337.71
337.73
337.47
337.31
337.67
337.64
337.43
337.26
337.42
337.69
337.64
337.59
337.78
337.62
337.72
337.35
337.49
337.65
337.68
337.66
337.52
337.57
337.52
337.61
338.11
338.03
337.7
337.76
337.93
337.76
337.84
337.89
337.96
337.73
337.73
337.98
337.91
338
337.91
337.92
337.98
337.76
337.66
337.75
337.94
338.06
337.75
337.9
337.85
337.73
337.92
337.78
337.82
337.79
337.56
337.82
337.76
337.78
337.61
337.34
337.35
337.75
337.88
337.67
337.92
337.98
337.95
337.84
337.6
337.62
337.69
337.75
337.8
337.77
337.86
337.69
337.28
337.47
337.86
338
337.94
337.78
337.55
337.62
337.46
337.55
337.66
337.92
337.85
337.87
338.01
337.8
337.82
337.63
337.54
337.74
337.89
337.6
337.65
337.74
337.69
337.6
337.46
337.48
337.67
337.34
337.7
337.75
337.67
337.58
337.7
337.7
337.46
337.63
337.57
337.67
337.7
337.82
337.88
337.82
337.76
337.81
337.9
337.93
338.05
337.91
337.91
337.55
337.67
337.72
337.88
337.65
337.57
337.67
337.62
337.72
337.84
337.76
338.02
338.11
338.04
337.99
337.88
337.84
337.81
337.93
337.66
337.59
337.77
337.96
338.02
337.81
337.85
337.75
337.72
337.72
337.95
338.03
337.93
337.99
337.89
337.94
338.27
338.11
337.8
337.94
337.85
337.64
337.73
337.8
337.92
338.02
337.99
338
338.17
338.06
338.03
337.9
337.77
337.76
338.16
337.97
337.91
337.96
338.17
338.03
338.06
338.27
338.21
338.25
338.31
338.13
338.08
338.22
338.22
338.26
338.03
338.23
338.23
337.94
338
338.37
338.01
338.01
337.97
338.07
338.14
338.07
338.18
338.2
337.96
337.94
338.29
338.17
338.08
338.18
338.23
338.36
338.14
338.06
338.04
337.94
338.02
338.14
338.23
338.46
338.34
338.32
338.21
338.16
338.04
338.14
338.14
338.09
338.12
338.15
338.19
338.31
338.24
337.8
337.91
338.1
338.25
338.23
338.17
337.99
338.03
338.24
338.3
338.13
338.18
337.86
337.88
338.11
338.19
337.94
337.86
337.97
338.01
337.93
337.99
337.93
337.83
337.94
337.82
337.79
337.77
337.88
338.03
337.92
337.9
337.95
337.96
337.84
337.9
338.28
338.04
337.83
337.94
337.94
337.94
337.78
337.88
337.8
337.94
337.83
338.04
337.91
337.99
337.8
337.87
337.99
337.96
337.72
337.74
337.54
337.76
337.76
337.83
337.86
337.81
337.95
338.12
338.19
338.22
338.1
338.1
338.05
337.87
338.05
337.84
337.79
337.7
337.89
337.77
337.85
337.92
337.92
338.03
337.96
337.65
337.94
338
337.82
337.7
337.96
337.96
338
338.02
337.85
337.96
338.09
338.03
338.15
338.01
337.8
337.84
337.75
337.77
337.95
338.18
337.94
337.85
337.78
337.73
337.89
337.91
338.03
338.06
337.94
337.91
337.68
337.66
337.68
337.71
337.82
337.88
337.84
337.91
338.03
337.9
337.76
337.56
337.56
337.94
338.07
337.87
337.71
337.8
337.7
337.78
337.9
338.03
337.94
338.06
337.94
337.99
337.91
338.15
338.1
337.94
338.16
338.04
338.06
337.97
337.83
337.85
337.99
338.04
338.11
338
338.11
338.28
338.25
338.23
338.06
337.89
338.13
338.03
338.15
338.16
337.88
338.16
338.09
337.88
338.03
338.1
338.21
338.26
337.99
337.89
338.18
338.2
338.04
337.99
338.06
338.06
337.87
338.02
338.04
337.85
337.95
338.17
338.35
338.21
338.05
337.74
337.93
338.07
337.83
337.86
338.1
338.15
338.08
338
337.77
338.02
337.7
338.01
338.07
337.86
337.85
337.78
338.07
338.17
337.82
337.72
337.86
337.84
337.77
337.82
338
338.04
337.89
337.94
337.94
337.85
338.09
338.01
338
337.87
337.85
337.85
338.01
337.85
337.74
337.7
338.12
338
337.84
337.67
337.86
338.15
337.99
337.89
338.03
338.09
338.22
338.19
337.99
337.9
337.99
337.89
337.75
338.13
338.32
338.15
337.93
337.96
337.89
337.98
337.94
338.12
338.08
338.24
338.06
338.04
338.11
338.17
338.15
338.24
338
337.77
338.03
338.22
338.17
338.06
338.29
338.36
338.18
338.15
338.11
338.23
337.99
337.95
338.02
338.2
338.09
338.28
338.37
338.29
338.15
338.28
338.04
337.95
338.24
338.09
338.23
338.09
338.09
338.16
338.23
338.16
338.22
338.15
337.94
337.96
338.12
338.13
338.17
337.93
337.98
338.05
337.78
337.85
338.03
338.22
337.97
337.96
337.98
337.96
338.18
338.36
337.89
338.17
338.12
338
338.1
338.03
338.13
337.92
338.07
338.12
338.32
338.31
338.21
338.23
338.19
338.25
338.06
338.4
338.14
338.3
338.47
338.5
338.24
338.41
338.18
338.26
338.34
338.36
338.44
338.23
338.02
338.25
338.19
338.31
338.59
338.5
338.27
338.12
337.74
337.91
338.1
338.19
338.3
338.29
338.14
337.94
338.06
337.87
337.99
337.92
338.1
338.07
337.95
337.86
337.84
337.89
337.94
338.01
337.93
337.92
337.8
337.67
337.53
337.63
337.73
337.56
337.73
337.82
337.69
337.78
337.66
337.71
337.77
337.87
337.86
337.67
337.71
337.78
337.8
337.54
337.78
337.64
337.46
337.65
337.6
337.5
337.51
337.58
337.57
337.84
338.09
337.74
337.73
337.95
337.86
337.62
337.5
337.8
337.93
338.01
337.8
337.78
337.88
337.86
337.76
337.95
337.88
337.85
337.88
337.8
337.65
337.91
337.99
337.86
337.92
337.97
337.56
337.82
337.68
337.6
337.83
338.02
337.79
337.71
337.62
337.79
337.89
337.67
337.64
337.5
337.5
337.55
337.88
338
337.84
337.96
337.82
337.73
337.51
337.52
337.58
337.73
337.64
337.63
337.61
337.42
337.55
337.68
337.67
337.77
337.5
337.56
337.66
337.55
337.71
337.51
337.81
337.53
337.67
337.74
337.77
338.01
337.88
337.56
337.58
337.42
337.37
337.49
337.85
337.72
337.74
337.63
337.53
337.58
337.63
337.44
337.63
337.64
337.57
337.57
337.71
337.69
337.88
337.67
337.57
337.55
337.77
337.89
337.67
337.77
337.64
337.51
337.76
337.71
337.62
337.88
337.93
337.83
337.83
337.62
337.85
337.69
337.9
337.8
337.8
338.01
337.98
337.98
338.22
338.17
337.98
338
338
337.88
337.95
338.22
337.99
337.94
338.07
338.11
338.21
338.3
338.4
338.23
338.43
338.04
337.92
337.95
338.03
338.15
337.88
338.03
337.96
337.96
338.03
338.19
338.12
338.18
338.13
338.01
338.14
338.13
338.13
338.19
338.2
337.97
337.9
337.97
337.84
337.62
337.98
337.84
337.82
337.99
338.01
338.09
337.92
338.06
337.93
337.92
337.86
337.93
338
337.8
337.71
337.94
337.76
338.02
338.14
338.07
337.98
338.04
338.11
338.21
338.26
338.35
338.16
338.07
338.12
338.34
338.57
338.24
338.22
338.22
338.2
338.22
338.44
338.41
338.14
338.32
338.25
338.08
338.3
338.2
338.16
338.18
338.12
338.17
338.29
338.34
338.24
338.1
338.15
338.36
338.25
338.27
338.3
338.12
337.87
338.06
337.98
337.94
338.35
338.49
338.25
338.29
338.1
338.09
338.23
338.28
338.17
338.12
337.95
338.07
338.33
338.19
338.14
337.98
337.88
337.94
337.89
337.8
337.98
338.05
337.98
337.88
338.15
338.22
338.12
338.2
337.73
338.11
338.05
338.17
338.33
338.16
337.88
338.18
338.16
337.86
338.27
338.21
338.29
338.01
338.26
338.34
338.26
338.26
338.33
338.5
338.25
338.1
338.15
338.42
338.27
338.25
337.98
338.23
338.06
338.39
338.51
338.44
338.39
338.43
338.53
338.49
338.62
338.44
338.32
338.41
338.72
338.6
338.39
338.36
338.53
338.44
338.39
338.23
338.47
338.35
338.39
338.4
338.41
338.33
338.6
338.47
338.67
338.6
338.48
338.53
338.37
338.44
338.49
338.37
338.6
338.68
338.5
338.4
338.51
338.55
338.48
338.62
338.42
338.23
338.5
338.34
338.44
338.48
338.32
338.31
338.47
338.57
338.68
338.62
338.94
338.79
338.73
338.64
338.73
338.76
338.5
338.71
338.88
338.76
338.74
338.76
338.77
338.62
338.81
339.03
338.81
338.6
338.95
338.99
338.83
338.97
338.88
338.97
338.88
338.78
338.76
338.79
338.74
338.74
338.98
338.84
338.82
338.69
338.9
339.12
339.14
339.05
339.06
338.92
338.8
338.91
339.04
339
339.13
339.16
339.14
339.09
339.14
338.95
339
338.87
338.76
338.9
339.1
339.33
339.26
339.01
339.08
338.87
338.94
339.25
339.11
339.04
339.11
338.85
338.94
338.85
338.62
338.81
338.67
338.99
339.09
339.26
338.83
338.69
338.78
338.87
339.35
339.35
339.09
339
339.19
339.19
338.99
338.93
338.84
339.27
339.03
339.14
339.12
339.31
339.28
339.07
338.97
339.12
339.09
339.21
339.2
339.21
339.17
339.19
339.19
339.42
339.55
339.46
339.33
339.17
339.58
339.34
339.01
338.98
339.2
339.27
339.27
339.31
339.24
339.05
339.2
339.08
339.13
339.29
339.11
338.91
339.25
339.02
338.98
339.08
338.96
338.89
338.95
338.7
338.84
339.07
338.92
339.03
338.94
339.1
339.13
338.87
338.98
338.84
339.29
339.04
338.82
338.94
338.71
338.92
339.15
339.05
339.08
339.12
338.87
338.91
339
338.95
339.03
339.1
338.89
338.81
338.83
338.79
339.03
338.83
338.84
338.93
339.19
338.91
338.84
339.06
339.03
338.92
338.94
338.86
338.61
338.8
338.86
338.9
339.02
339.15
339.18
339.04
338.82
338.87
339.08
339.03
339.12
338.86
338.92
338.96
338.87
338.8
338.92
339.11
338.85
338.63
338.72
338.66
338.92
338.83
338.79
338.86
339.06
339.03
338.99
338.98
338.72
338.74
338.96
339.19
338.86
339.03
339.12
338.95
339.05
339.17
339.22
339.17
339.01
339.09
338.91
338.96
338.84
339.03
339.25
339.4
339.16
339.2
339.21
339.11
339.01
338.93
338.83
338.76
339.12
339.15
339.07
339
338.9
339.09
339
339.05
339.17
339.1
339.22
339.1
338.94
338.9
338.82
338.8
339.01
338.82
338.76
338.68
339.06
339.04
338.96
338.99
339.11
338.98
339.04
339.07
339.24
339.05
339.14
338.97
339.04
339
338.9
338.96
338.94
338.9
338.83
338.93
339.07
338.92
338.83
338.53
338.67
338.86
339.07
339.03
338.72
338.74
338.71
338.8
338.94
338.85
338.97
338.83
338.85
338.78
338.66
338.82
338.99
338.98
338.94
339.07
339.06
339.04
338.98
338.98
338.65
338.82
338.81
339.05
338.82
338.5
338.72
339.02
339.02
338.85
338.71
338.77
339.02
338.76
338.71
338.74
338.64
338.55
338.5
338.65
338.86
339.03
338.91
338.72
338.75
338.46
338.6
338.58
338.65
338.5
338.63
338.88
338.68
338.73
338.9
338.85
338.54
338.66
338.59
338.62
338.6
338.63
338.62
338.62
338.48
338.67
338.7
338.62
338.54
338.86
338.59
338.57
338.61
338.49
338.5
338.41
338.71
338.67
338.5
338.38
338.53
338.67
338.45
338.58
338.56
338.46
338.35
338.53
338.55
338.58
338.63
338.56
338.79
338.39
338.26
338.37
338.58
338.49
338.58
338.44
338.61
338.59
338.38
338.56
338.33
338.44
338.49
338.63
338.4
338.39
338.52
338.52
338.53
338.83
338.74
338.62
338.58
338.55
338.32
338.32
338.53
338.61
338.47
338.44
338.4
338.51
338.55
338.36
338.42
338.68
338.76
338.3
338.52
338.36
338.53
338.6
338.6
338.2
338.13
338.27
338.21
338.14
338.02
337.97
338.37
338.31
338.33
338.33
338.45
338.21
338.3
338.54
338.62
338.42
338.28
338.3
338.37
338.38
338.52
338.46
338.3
338.53
338.58
338.6
338.61
338.49
338.32
338.46
338.31
338.31
338.11
338.35
338.57
338.41
338.54
338.48
338.18
338.3
338.31
338.35
338.14
338.35
338.19
338.14
338.16
338.07
338.24
338.23
338.38
338.22
338.21
338.36
338.29
338.31
338.14
338.19
338.35
338.33
338.48
338.26
338.09
338.17
338.35
338.27
337.89
337.91
337.83
337.93
337.93
338.12
338.05
338.27
338.21
338.15
338.5
338.18
338.12
338.17
338.19
338.07
337.9
337.95
338.25
338.28
338.06
338.15
337.85
337.82
338.13
337.99
338.18
338.16
338.13
338.13
338.1
337.99
338
338.03
338.21
338.07
338.05
338.04
337.97
337.95
337.71
338.18
338.23
337.95
337.95
338
338.03
337.59
337.86
337.94
338.04
338.15
338.4
338.1
337.91
337.97
337.91
338.06
338.44
338.34
338.22
338.18
338.23
338.16
338.18
338.15
338.19
338.13
338.13
338.25
338.2
338.15
338.4
338.61
338.42
338.29
338.21
338.19
337.92
338.15
338.44
338.41
338.19
338.17
338.08
338.15
338.24
338.24
338.14
338.37
338.33
338.35
338.28
338.09
338.17
338.35
338.35
338.37
338.28
338.26
338.19
338.46
338.28
338.14
338.17
338.16
338.24
338.39
338.22
338.45
338.45
338.62
338.65
338.41
338.52
338.29
338.46
338.46
338.31
338.14
338.22
338.38
338.52
338.27
338.42
338.33
338.37
338.29
338.3
338.56
338.26
338.34
338.47
338.4
338.42
338.42
338.43
338.35
338.25
338.28
338.48
338.38
338.25
338.38
338.4
338.09
338.39
338.4
338.13
338.25
338.29
338.55
338.46
338.27
338.27
338.41
338.35
338.45
338.22
338.34
338.55
338.17
338.39
338.39
338.26
338.19
338.11
338.44
338.68
338.68
338.49
338.43
338.31
338.42
338.24
338.23
338.21
338.38
338.35
338.26
338.38
338.48
338.8
338.65
338.66
338.77
338.63
338.65
338.57
338.55
338.49
338.22
338.35
338.32
338.25
338.26
338.41
338.41
338.37
338.27
338.59
338.44
338.49
338.38
338.41
337.98
338.17
338.36
338.33
338.33
338.49
338.51
338.16
338.23
338.2
338.31
338.49
338.31
338.36
338.35
338.52
338.35
338.33
338.27
338.5
338.44
338.43
338.2
338.45
338.5
338.5
338.55
338.52
338.28
338.35
338.44
338.37
338.29
338.15
338.32
338.24
338.21
338.26
338.28
338.3
338.11
338.18
338.03
338.19
338.39
338.35
338.49
338.19
338.6
338.61
338.27
338.32
338.34
338.42
338.55
338.53
338.58
338.62
338.66
338.71
338.4
338.32
338.06
338.19
338.57
338.42
338.51
338.62
338.63
338.5
338.65
338.84
338.69
338.76
338.59
338.51
338.55
338.72
338.6
338.82
338.7
338.65
338.7
338.7
338.72
338.61
338.76
338.64
338.79
338.74
338.72
338.66
338.62
338.92
338.7
338.82
338.75
338.73
338.82
338.82
338.75
338.83
338.96
339.03
339.05
339.04
339.15
338.93
339.04
339.09
339.37
339.23
339.14
339.19
339.05
339
339
339.05
339.17
339.22
338.86
339.12
339.15
338.89
338.98
339.06
339.05
339.01
339.27
339.24
339.19
339.24
339.27
339.27
339.07
339.04
339.37
339.29
339.2
339.19
339.15
338.95
338.81
338.88
339
339.31
339.26
339.46
339.36
339.19
339.23
339.34
339.29
339.17
339.12
339.22
339.03
339.2
338.88
338.98
339.08
338.91
339.08
339.17
338.93
338.93
339.02
338.86
339.11
339.02
338.78
338.88
339
339.12
339.04
339.1
338.92
339.18
339.07
339.01
338.9
339.09
339.33
339.42
339.35
338.85
338.95
339.18
339.12
339.16
339.44
339.19
339.09
339.22
339.26
339.16
339.35
339.24
339.14
338.99
338.97
339.01
339.05
339.11
339.39
339.29
339.27
339.51
339.32
339.34
339.3
339.3
339.26
339.23
339.14
339.41
339.25
339.32
339.4
339.52
339.39
339.36
339.37
339.31
339.32
339.38
339.22
339.17
339.44
339.25
339.38
339.48
339.17
339.08
339.07
339.29
339.31
339.28
339.34
339.39
339.42
339.13
339.02
339.05
339.06
339.04
339.2
339.2
339.11
339.34
339.25
339.27
339.25
339.13
339.12
339.16
339.19
339.23
339.34
339.5
339.43
339.49
339.2
339.18
339.29
339.34
339.23
339.05
339.31
339.4
339.28
339.4
339.5
339.47
339.45
339.43
339.42
339.21
339.39
339
339.34
339.22
339.12
339.31
339.34
339.26
339.41
339.33
339.5
339.69
339.49
339.45
339.49
339.49
339.64
339.45
339.39
339.47
339.68
339.57
339.01
339.07
339.45
339.31
339.13
339.02
339.18
339.38
339.18
339.15
339.4
339.42
339.44
339.47
339.3
339.33
338.86
338.95
339.18
339.36
339.41
339.27
338.96
339.06
339.2
339.54
339.07
339.26
339.21
339.12
339.03
339.15
339.04
339.26
339.33
338.92
339.24
339.25
339.13
339.17
339.03
338.96
339.12
339.03
338.98
338.69
339.15
339.11
339.2
339.09
339
338.95
338.86
338.68
338.84
339.03
339.16
339.48
339.23
338.99
339.09
339.09
339.17
339.04
339.12
339.25
339.16
339.22
339.13
338.87
338.76
338.76
338.92
339.19
339.12
339.1
339.39
339.17
338.94
339.03
338.98
338.97
338.81
338.69
338.78
339.01
339.12
339
338.89
338.85
338.95
338.87
339.18
338.85
338.62
338.72
339.12
339.14
339.01
339.04
338.89
338.85
338.83
338.81
338.66
338.92
339.02
338.86
339.16
339.19
339.13
339.12
339.33
338.92
339.02
339.12
339.15
339.13
338.98
339.11
339.04
338.75
338.87
338.97
338.92
339.03
339.29
339.31
339.19
339.16
339.13
339.19
338.86
338.73
338.92
339.26
339.13
339.09
338.98
338.97
339.02
338.91
338.98
338.82
339.03
339.22
339.32
339.29
338.97
339.05
339.11
339.1
339.14
339.35
339.33
339.28
339.1
339.38
339.23
339.1
339.3
339.42
339.37
339.25
339.16
339.13
339.17
339.18
339.51
339.35
339.28
339.31
339
339.11
339.12
339.16
339.1
339.02
339.24
339.31
339.1
339.14
339.23
339.6
339.49
339.25
339.33
339.26
339.28
339.29
339.52
339.24
339.24
339.24
339.22
339.15
339.37
339.38
339.08
338.91
339.29
339.3
339.41
339.42
339.42
339.29
339.24
339.25
339.34
339.36
339.24
339.26
339.24
339.53
339.49
339.37
339.33
339.3
339.45
339.33
339.24
339.47
339.59
339.58
339.61
339.5
339.38
339.27
339.25
339.18
339.36
339.53
339.35
339.17
339.39
339.38
339.41
339.5
339.09
339.24
339.32
339.27
339.2
339.18
339.51
339.48
339.3
339.3
339.1
339.3
339.34
339.44
339.41
339.62
339.56
339.58
339.45
339.31
339.41
339.52
339.41
339.21
339.49
339.47
339.52
339.69
339.86
339.82
339.46
339.39
339.72
339.67
339.65
339.71
339.52
339.63
339.39
339.49
339.66
339.67
339.85
339.72
339.65
339.37
339.58
339.67
339.6
339.69
339.5
339.53
339.63
339.51
339.41
339.65
339.77
339.66
339.57
339.74
339.83
339.92
339.76
339.87
340.05
339.78
339.67
339.91
339.88
339.64
339.81
339.6
339.39
339.46
339.72
339.57
339.58
339.38
339.53
339.47
339.62
339.67
339.4
339.68
339.77
339.87
340
339.8
339.8
339.66
339.7
340.09
339.6
339.55
339.86
340
339.95
339.88
340.05
339.69
339.67
339.71
339.74
339.85
339.79
339.9
339.98
339.76
339.68
340.04
340.15
339.97
339.86
340.05
339.97
339.75
340.06
340.02
340.13
340.26
339.97
339.97
340.12
339.81
339.55
339.57
340.03
340.05
340.06
340.04
339.79
340.07
340.02
340.01
339.98
339.87
340.01
340.07
339.9
339.87
340.05
340.24
340
339.98
340.17
340.07
339.98
340.14
340.08
340.04
339.78
340.07
340.3
340.09
340.02
339.92
339.99
340.19
340.05
340.05
340.05
340.09
340.02
340.25
340.16
340.26
340.17
340.19
340.26
340.05
339.97
340.18
340.12
339.91
340.05
339.89
339.95
340.18
340.17
340.03
339.97
340.09
339.93
340
340.24
340.21
340.26
339.98
339.82
339.98
339.86
339.91
339.94
340.17
340.06
340.18
340.24
339.93
339.98
340.15
339.96
340.17
340.19
340.14
340.19
339.98
340.05
340.2
340.24
340.14
340.09
340.1
339.98
339.96
339.88
340.12
340.1
340.17
340.19
340.4
340.27
339.97
339.61
339.82
339.99
340.17
340.06
339.98
340.14
340.25
340.44
340.06
340.36
340.17
340.29
340.52
340.37
340.5
340.4
340.38
340.57
340.26
340.34
340.33
340.3
340.22
340.17
340.39
340.18
340.01
340.15
340.32
340.32
340.34
340.19
340.33
340.17
340.17
340.19
340.09
340.3
340.33
340.39
340.33
340.51
340.47
340.54
340.67
340.58
340.34
340.57
340.64
340.74
340.69
340.61
340.55
340.43
340.62
340.55
340.59
340.61
340.58
340.27
340.32
340.46
340.37
340.53
340.69
340.67
340.46
340.59
340.65
340.82
340.83
340.91
341.03
340.94
340.74
340.85
340.61
340.71
340.74
340.76
341.05
340.9
340.83
340.97
340.85
340.88
340.54
340.59
340.92
341.02
341.07
340.83
340.62
340.64
340.47
340.8
340.73
340.52
340.69
340.73
340.98
340.94
340.61
340.71
341.01
340.78
340.58
340.93
340.91
340.8
340.52
340.61
340.69
340.81
340.77
340.6
340.8
340.51
340.84
340.69
340.74
340.78
340.78
340.59
340.67
340.53
340.92
340.85
340.87
340.91
340.63
340.55
340.68
340.55
340.85
340.72
340.68
340.91
341.1
341.01
340.74
340.72
340.65
340.47
340.72
340.89
340.79
341.05
340.94
340.65
340.82
340.89
340.74
340.87
340.67
340.92
340.95
341
340.97
341.11
341.06
341.01
341.09
341.16
341.28
341
340.84
340.92
341.06
341.27
341.3
341.17
341.09
341.22
341.07
341.01
341.05
341
341.17
341.15
341.46
341.19
341.15
340.65
340.95
340.78
340.83
341.09
340.84
340.75
340.89
340.92
341.23
341.26
341.13
340.88
340.87
340.68
340.92
341.09
340.94
340.55
340.57
340.73
340.85
340.71
340.73
341.02
340.54
340.8
340.98
340.77
340.82
341.07
340.86
340.83
340.86
340.76
340.99
340.88
341.01
340.84
340.98
340.95
340.9
340.72
340.91
340.75
340.69
340.46
340.49
340.71
340.5
340.65
340.56
340.44
340.61
340.67
340.74
340.55
340.72
340.74
340.77
340.79
340.62
340.72
340.6
340.7
340.74
340.56
340.48
340.41
340.45
340.67
340.81
340.73
340.6
340.39
340.45
340.61
340.71
340.47
340.56
340.7
340.57
340.3
340.44
340.41
340.3
340.07
340.31
340.54
340.22
340.34
340.59
340.51
340.64
340.6
340.74
340.44
340.42
340.55
340.45
340.59
340.61
340.47
340.35
340.23
340.29
340.45
340.29
340.42
340.34
340.38
340.51
340.53
340.32
340.55
340.36
340.14
340.35
340.25
340.45
340.38
340.22
340.23
340.18
340.15
339.97
340.48
340.43
340.45
340.21
340.23
340.41
340.46
340.25
340.17
340.38
340.23
340.4
340.48
340.4
340.49
340.44
340.42
340.07
340.3
340.23
340.21
340.13
340.37
340.06
340.28
340.35
340.15
340.3
340.22
339.92
340.17
340.05
340.17
339.88
339.79
340.02
339.88
339.86
340.03
339.93
339.77
339.83
339.9
339.81
339.82
339.82
339.77
339.88
339.76
339.99
340.05
340.02
339.85
339.57
339.62
339.81
339.73
339.73
339.58
339.77
339.89
339.84
339.84
339.61
339.49
339.58
339.51
339.57
339.69
339.58
339.42
339.25
339.19
339.73
339.62
339.47
339.26
339.62
339.37
339.33
339.3
339.18
339.16
339.07
339.07
339.29
339.24
339.08
339.02
339.03
338.98
338.94
339.21
338.83
339.27
339.25
339.26
339.37
339.14
339.05
339.03
338.82
338.8
338.64
338.88
338.88
339.11
339.2
339.36
339.05
338.77
339.02
339.26
339.12
339.17
338.8
338.65
338.78
338.89
338.83
338.72
338.81
339.03
338.58
338.89
338.87
338.72
338.52
338.64
338.62
338.6
338.66
338.54
338.64
338.7
338.91
338.7
338.39
338.55
338.51
338.22
338.55
338.46
338.33
338.05
338.19
338.21
338.16
338.1
338.02
337.96
337.98
338.08
338.39
338.2
338.12
338.21
338.07
338.02
338.13
338.11
338.39
338.33
338.38
338.43
338.23
338.12
338
338.02
338.16
337.71
337.55
337.8
337.69
337.76
337.85
337.95
337.99
338.09
337.77
337.74
337.99
337.78
337.6
337.69
337.72
337.54
337.53
337.77
337.71
337.48
337.58
337.96
337.88
337.79
337.65
337.53
337.65
337.79
337.65
337.74
337.61
337.55
337.6
337.55
337.24
337.11
337.08
337.41
337.41
337.59
337.16
337.16
337.43
337.53
337.37
337.41
337.32
337.48
337.44
337.3
337.21
337.28
337.3
337.32
337.02
336.97
336.86
337.21
337.3
337.37
337.18
337.11
337.08
337.03
337.3
337.15
337.15
336.93
337
336.98
336.97
337.23
336.83
336.54
336.6
336.75
336.68
336.7
336.62
336.69
336.8
336.99
336.76
336.91
336.73
336.63
336.63
336.68
336.73
336.81
336.58
336.65
336.83
336.77
336.77
336.68
336.33
336.48
336.61
336.42
336.55
336.03
336.08
336.34
336.62
336.5
336.17
336.26
336.66
336.66
336.55
336.43
336.4
336.64
336.44
336.37
336.04
336
336.16
336.38
336.39
336.39
336.03
336.02
336.28
336.09
336
335.98
336.04
336.07
335.94
336.03
336.13
336.01
336.12
336.08
335.7
336
336.03
335.93
335.96
335.91
336.21
336.05
336.1
336.02
335.9
335.74
335.61
335.58
335.77
335.74
335.84
335.56
335.35
335.48
335.65
335.76
335.67
335.64
335.61
335.68
335.73
335.8
335.78
335.4
335.39
335.52
335.39
335.39
335.37
335.46
335.29
335.51
335.4
335.44
335.31
335.35
335.24
335.45
335.33
335.44
335.4
335.31
335.5
335.5
335.25
335.23
335.16
335.32
335.27
334.93
335.26
335.33
335.35
335.33
335.32
335.34
335.39
335.46
335.61
335.27
335.26
335.35
335.42
335.37
335.13
335.44
335.55
335.46
335.03
335.06
335
335.19
335.45
335.26
335.19
335.13
335.18
335.39
335.36
335.41
335.18
335.07
335.19
334.92
335.18
335.38
335.5
335.58
335.43
335.19
335.19
334.88
334.94
335.04
335.2
334.98
334.95
335
334.94
335.22
335.28
335.33
335.36
335.18
334.91
335.08
335.35
335.37
335.48
335.45
335.14
335.35
335.24
335.3
335.32
335.39
335.31
335.31
335.54
335.35
335.02
335.2
335.29
335.22
335.37
335.35
335.35
335.52
335.3
335.35
335.6
335.46
335.5
335.57
335.43
335.49
335.65
335.77
335.79
335.41
335.24
335.36
335.2
335.34
335.59
335.51
335.73
335.44
335.48
335.95
335.69
335.61
335.36
335.71
335.51
335.67
335.58
335.63
335.36
335.46
335.47
335.65
335.77
335.48
335.69
335.85
335.51
335.58
335.68
335.67
335.17
335.24
335.68
335.47
335.54
335.79
335.91
335.68
335.56
335.34
335.51
335.64
335.76
335.59
335.57
335.54
335.28
335.57
335.55
335.58
335.44
335.31
335.57
335.66
335.45
335.59
335.6
335.7
335.55
335.55
335.5
335.64
335.64
335.71
335.47
335.49
335.27
335.43
335.78
335.47
335.45
335.5
335.17
335.11
335.07
335.07
335.38
335.42
335.13
335.17
335.38
335.34
335.27
335.21
335.56
335.5
335.49
335.3
335.21
335.24
335.6
335.7
335.69
335.55
335.41
335.3
335.33
335.52
335.72
335.23
335.13
335.2
335.27
335.4
335.43
335.53
335.55
335.51
335.43
335.53
335.36
335.25
335.53
335.48
335.45
335.39
335.19
335.32
335.36
335.41
335.55
335.26
335.32
335.49
335.29
335.48
335.7
335.54
335.6
335.41
335.55
335.73
335.67
335.71
335.63
335.69
335.66
335.73
335.76
335.63
335.55
335.5
335.55
335.59
335.25
335.74
335.8
335.95
335.64
335.52
335.01
335.34
335.37
335.13
335.2
335.21
335.52
335.41
335.46
335.42
335.49
335.46
335.48
335.55
335.32
335.22
335.5
335.56
335.42
335.46
335.37
335.53
335.69
335.42
335.49
335.35
335.63
335.52
335.52
335.83
335.62
335.66
335.6
335.52
335.67
335.52
335.62
335.51
335.54
335.42
335.27
335.73
335.75
335.6
335.4
335.48
335.62
335.53
335.68
335.84
335.7
335.64
335.87
335.81
335.58
335.77
335.77
335.57
335.4
335.43
335.56
335.3
335.44
335.6
335.4
335.57
335.96
335.6
335.51
335.8
335.74
335.64
335.55
335.67
335.56
335.47
335.3
335.58
335.48
335.39
335.55
335.58
335.53
335.48
335.32
335.41
335.49
335.67
335.71
335.57
335.61
335.53
335.56
335.39
335.49
335.57
335.66
335.73
335.63
335.5
335.62
335.48
335.15
335.13
335.21
335.48
335.29
335.48
335.58
335.27
335.42
335.75
335.64
335.66
335.5
335.41
335.49
335.47
335.44
335.5
335.41
335.26
335.29
335.1
335.3
335.09
335.31
335.41
335.31
335.06
334.87
335.07
335.14
335.31
335.38
335.34
335.51
335.56
335.35
335.29
335.28
335.68
335.88
335.39
335.45
335.35
335.46
335.26
335.42
335.57
335.36
335.26
335.28
335.42
335.27
335.49
335.28
335.14
335.4
335.53
335.4
335.28
335.3
335.49
335.61
335.41
335.34
335.53
335.5
335.39
335.32
335.11
335.08
334.94
335.04
335.18
335.11
335.12
335.08
335.06
335.15
335.23
335.09
334.98
334.84
334.98
335.07
335.35
335.41
335.39
335.26
335.15
335.17
335
335.19
334.89
334.88
334.89
335
334.96
334.85
334.86
334.82
335.2
334.78
335.04
334.81
334.75
334.92
334.9
335.14
334.88
334.68
334.83
334.85
334.77
334.79
334.9
334.85
334.84
334.86
334.91
335.03
335.01
335.02
334.91
334.71
334.88
334.52
334.74
334.81
334.65
334.87
335.02
334.66
334.84
334.66
334.63
334.65
334.69
334.76
334.63
334.42
334.59
334.69
334.64
334.63
334.28
334.36
334.26
334.43
334.41
334.31
334.47
334.38
334.27
334.46
334.49
334.49
334.61
334.37
334.47
334.45
334.41
334.46
334.58
334.72
334.44
334.48
334.47
334.22
334.23
334.42
334.35
334.47
334.43
334.32
334.49
334.42
334.36
334.26
334.57
334.67
334.58
334.75
334.57
334.76
334.51
334.53
334.6
334.51
334.58
334.38
334.48
334.56
334.32
334.47
334.48
334.35
334.58
334.29
334.33
334.29
334.02
334.04
334.33
334.17
334.25
334.18
334.1
334.05
334.12
334.04
333.97
334.02
333.95
333.95
334.15
334.15
334.18
334.09
334.13
334.13
334.12
334.12
333.86
333.71
333.83
333.78
333.61
333.61
334.01
334
334.09
334.04
333.98
333.99
333.98
334.09
333.99
333.97
334.05
333.84
334.01
333.82
333.67
333.74
333.76
333.85
333.77
333.8
333.8
333.85
333.92
333.85
333.75
333.67
333.7
333.65
333.4
333.71
333.59
333.68
333.68
333.78
333.84
333.92
333.54
333.65
333.67
333.7
333.83
333.58
333.8
333.95
333.81
333.45
333.3
333.37
333.09
333.69
333.69
333.75
333.72
333.58
333.51
333.69
333.72
333.66
333.68
333.68
333.59
333.5
333.67
333.68
333.71
333.97
333.75
333.8
333.63
333.5
333.69
333.61
333.48
333.46
333.42
333.38
333.88
333.85
333.7
333.78
333.93
333.83
333.75
333.82
333.81
333.57
333.66
333.83
333.73
333.74
333.59
333.47
333.54
333.56
333.56
333.59
333.37
333.42
333.41
333.83
333.65
333.7
333.77
333.72
333.55
333.58
333.61
333.63
333.62
333.78
333.64
333.79
333.48
333.53
333.51
333.78
333.78
333.89
333.82
333.65
333.84
333.64
333.95
333.67
333.73
333.69
333.63
333.61
333.8
333.61
333.44
333.66
333.57
333.71
333.72
333.9
333.64
333.63
333.94
333.72
333.99
334.06
333.93
333.62
333.53
333.8
333.77
333.64
333.68
333.62
333.44
333.47
333.61
333.73
333.83
333.66
333.81
333.67
333.62
333.8
333.93
334.07
333.81
333.68
333.85
333.8
333.73
333.52
333.52
333.39
333.43
333.53
333.53
333.51
333.62
333.72
333.99
333.67
333.67
333.69
333.78
333.63
333.72
333.85
333.6
333.88
333.9
333.79
333.69
333.58
333.62
333.61
333.89
333.7
333.84
333.88
333.54
333.78
333.75
333.9
333.78
333.69
333.83
333.76
333.79
333.9
333.76
333.78
333.79
333.93
333.89
333.65
334.14
333.91
334.12
333.86
333.74
333.77
333.92
333.8
333.89
334.13
334.18
334.13
334.11
334.01
334.24
334.2
334.03
333.88
333.84
333.82
334.14
334.06
334.39
334.27
334.38
334.34
334.2
334.2
334.02
334.44
333.88
333.93
333.98
334.14
334.25
334.45
334.49
334.24
334.24
334.26
334.01
334.33
334.27
334.22
334.12
334.22
334.32
334.1
334.18
334.4
334.23
334.24
334.3
334.43
334.65
334.39
334.31
334.29
334.36
334.21
333.99
334.1
334.08
334.08
334.15
334.05
334.26
334.14
334.12
334.07
334.24
334.12
334.22
334.47
334.33
334.05
334.04
334.05
334.35
334.3
334.13
334.33
334.49
334.37
334.38
334.09
334.23
334.18
334.3
334.33
334.23
334.11
334.28
334.46
334.37
334.2
334.51
334.49
334.19
334.03
334.38
334.33
334.06
334.08
334.24
334.29
334.1
334.24
334.34
334.53
334.77
334.69
334.43
334.38
334.32
334.35
334.42
334.49
334.53
334.65
334.68
334.6
334.47
334.37
334.2
334.46
334.28
334.15
334.56
334.63
334.54
334.52
334.66
334.76
334.66
334.5
334.65
334.39
334.7
335.01
334.86
334.77
334.96
334.87
334.78
334.89
335.03
335.01
335.19
334.65
334.74
334.77
334.73
334.48
334.47
334.81
334.79
334.72
334.6
334.77
334.85
334.83
334.74
334.66
334.85
335.07
334.93
335.07
334.72
334.72
335.03
334.84
334.89
334.85
334.92
335.02
334.97
334.85
334.75
334.64
334.68
334.61
334.61
334.57
334.56
334.94
334.93
334.89
334.98
334.88
334.6
334.66
334.58
334.84
334.69
335.16
335.12
334.99
335.26
334.97
334.78
335.06
334.95
335.02
334.94
335.11
335.27
335.09
335.2
335.27
335.25
335.1
335.24
335.17
335.08
335.13
335.1
335.03
334.93
335.3
335.25
335.29
335.4
335.17
335.33
335
334.93
335.12
335.33
335.46
335.34
335.23
335.11
335.34
335.37
335.2
335.01
334.97
335.13
335.13
335.14
335.18
335.35
335.27
335.18
335.17
334.93
335.1
335.42
335.23
335.23
335.23
335.42
335.56
335.56
335.34
335.23
334.96
335.27
335.37
335.32
335.56
335.42
335.37
335.63
335.44
335.63
335.57
335.33
335.48
335.38
335.61
335.12
335.28
335.37
335.69
335.63
335.23
335.23
335.43
335.51
335.65
335.87
335.64
335.71
335.66
335.88
335.73
335.8
335.54
335.78
335.77
335.78
335.8
335.54
335.65
335.91
335.87
335.91
335.46
335.66
335.43
335.7
335.77
335.76
335.7
335.46
335.65
335.69
335.81
335.97
335.71
335.67
335.9
335.66
335.72
335.97
335.88
335.65
335.86
335.65
335.65
335.91
335.71
335.76
335.81
335.66
335.71
335.96
336.11
335.81
335.77
335.87
335.89
336
335.99
335.77
335.91
336.18
336.08
336.03
336.1
335.92
335.96
336.45
336.35
336.21
335.85
336.14
335.9
335.72
335.88
335.93
336.09
336
335.83
335.83
336.05
336.1
336.04
335.78
335.77
336.05
335.88
336.02
335.98
336.05
336.19
335.94
335.76
335.96
335.98
336.14
335.81
335.97
335.96
335.92
336.11
335.94
336.04
336.01
336.09
336.09
336.25
336.03
336.06
336.03
336
336.14
335.99
336.02
336.21
335.95
336.08
335.83
335.74
335.93
336.12
335.93
335.89
335.89
335.91
335.81
335.94
336.01
335.96
335.8
335.92
335.87
335.75
335.99
335.89
335.96
335.96
335.95
336.21
336.07
336.09
336.1
336.09
336.21
336.12
335.88
336.02
336.42
336.42
336.33
336.17
336.27
336.4
336.29
336.29
336.02
336
336.19
336.13
336.16
336.12
336.12
336.14
336.09
335.74
336.07
336
336.11
336.09
336.46
336.34
336.02
335.72
335.86
336.12
335.94
336.03
335.98
336.46
336.22
336.35
336.38
336.32
336
335.87
336.17
336.26
336.16
336.15
335.99
335.94
336.23
336.09
336.06
336.08
336.06
336.23
335.91
335.86
335.96
335.93
336.03
336.13
336.1
336.03
336.36
336.53
336.37
336.07
335.8
335.76
335.68
335.89
336.21
336.23
336.08
336.11
336.42
336.35
336.17
336.09
335.79
335.79
335.55
335.82
335.87
335.87
335.83
335.87
335.95
335.97
336.1
336.05
336.06
336.02
335.88
335.93
336.04
336.03
336.17
335.87
335.93
335.6
335.42
335.8
335.9
335.89
335.93
335.8
335.67
335.73
335.61
335.44
335.71
335.71
335.55
335.5
335.41
335.41
335.34
335.51
335.32
335.31
335.78
335.49
335.46
335.48
335.71
335.58
335.64
335.57
335.59
335.63
335.57
335.62
335.45
335.51
335.39
335.24
335.41
335.73
335.7
335.39
335.5
335.32
335.46
335.22
335.53
335.28
335.39
335.34
335.48
335.7
335.51
335.48
335.26
335.52
335.62
335.47
335.5
335.45
335.41
335.31
335.4
335.53
335.34
335.05
335.33
335.58
335.64
335.45
335.34
335.55
335.84
335.65
335.59
335.36
335.59
335.51
335.61
335.59
335.49
335.44
335.49
335.55
335.55
335.78
335.52
335.38
335.6
335.36
335.44
335.24
335.18
335.24
335.36
335.48
335.55
335.39
335.33
335.49
335.49
335.45
335.38
335.57
335.5
335.49
335.55
335.64
335.5
335.66
335.21
335.39
335.36
335.57
335.47
335.34
335.46
335.39
335.39
335.71
335.72
335.41
335.24
335.46
335.43
335.58
335.4
335.74
335.57
335.38
335.61
335.44
335.61
335.3
335.26
335.49
335.53
335.77
335.61
335.44
335.61
335.77
335.57
335.62
335.44
335.52
335.49
335.3
335.39
335.61
335.62
335.28
335.23
335.38
335.64
335.58
335.36
335.3
335.18
335.36
335.62
335.75
335.49
335.9
335.69
335.53
335.42
335.55
335.72
335.93
335.83
335.41
335.52
335.5
335.57
335.63
335.67
335.54
335.61
335.65
335.53
335.53
335.48
335.46
335.65
335.62
335.31
335.42
335.61
335.67
335.71
335.67
335.65
335.86
335.62
335.35
335.39
335.54
335.57
335.41
335.53
335.37
335.48
335.58
335.59
335.62
335.34
335.46
335.42
335.42
335.28
335.29
335.44
335.37
335.45
335.28
335.34
335.34
335.49
335.46
335.43
335.63
335.7
335.65
335.74
335.77
335.28
335.4
335.47
335.63
335.33
335.51
335.42
335.37
335.44
335.53
335.56
335.59
335.77
335.6
335.41
335.47
335.5
335.55
335.6
335.43
335.51
335.61
335.55
335.44
335.58
335.34
335.54
335.34
335.24
335.4
335.56
335.49
335.49
335.52
335.85
335.85
335.87
335.75
335.92
335.72
335.51
335.51
335.32
335.6
335.79
335.72
335.79
335.85
335.68
335.83
335.99
335.9
335.88
335.85
335.54
335.73
336.04
335.99
336.21
336.02
335.66
335.85
336.14
336.22
336.11
336.12
336
335.84
335.86
336.13
336.22
336.06
335.98
335.94
336.02
335.73
335.73
335.94
336.07
336.12
335.86
335.99
336.24
336.13
335.99
335.84
335.97
335.87
335.92
335.92
335.81
336.08
335.85
335.98
335.93
335.92
336.08
335.99
335.94
336.06
335.89
335.85
336.16
336.08
336.1
336.05
336.16
336.04
335.97
335.97
335.73
336.14
335.99
335.96
336.01
335.99
335.85
335.77
335.93
336
336.12
336.19
336.04
335.92
336.02
336.14
336.13
336.08
336.36
336.27
336.27
336.24
336.48
336.21
336.09
336.12
335.97
336.02
336.14
336.57
336.63
336.25
335.93
336.2
336.41
336.36
336.47
336.31
336.36
336.42
336.47
336.28
336.26
336.42
336.28
336.26
336.15
336.17
336.43
336.29
336.28
336.14
336.09
336.13
336.27
336.2
336.22
336.13
336.1
336.27
336.31
336.15
336.12
336.29
336.27
336.41
336.51
336.54
336.22
336.21
336.38
336.32
336.28
336.23
336.23
336.3
336.18
336
336.18
336.33
336.31
336.51
336.7
336.32
336.19
336.19
336.34
336.43
336.74
336.61
336.5
336.6
336.5
336.4
336.53
336.3
336.45
336.54
336.47
336.58
336.47
336.6
336.55
336.67
336.71
336.75
336.68
336.53
336.72
336.57
336.64
336.75
336.92
336.6
336.37
336.66
336.71
336.67
336.77
336.65
336.58
336.77
336.59
336.72
336.67
336.61
336.73
336.9
336.52
336.84
336.69
336.68
336.68
336.84
336.63
336.8
336.6
336.75
337.01
336.87
336.73
336.82
336.98
337.04
336.95
337.1
336.97
336.78
337.02
336.99
336.8
336.92
337.03
337.3
337.09
337.08
336.95
337.07
337.13
336.82
336.97
336.85
336.85
336.71
336.71
337.06
336.99
