100.29
100.29
100.29
100.29
100.29
100.31
100.31
100.31
100.32
100.32
100.33
100.33
100.34
100.36
100.36
100.36
100.36
100.36
100.34
100.36
100.36
100.37
100.37
100.37
100.37
100.37
100.37
100.37
100.37
100.38
100.38
100.38
100.37
100.37
100.37
100.37
100.37
100.37
100.37
100.36
100.36
100.36
100.36
100.37
100.37
100.37
100.37
100.38
100.39
100.39
100.39
100.41
100.42
100.42
100.43
100.42
100.42
100.42
100.42
100.42
100.42
100.43
100.43
100.44
100.44
100.45
100.45
100.45
100.45
100.43
100.43
100.43
100.44
100.44
100.44
100.44
100.43
100.44
100.45
100.45
100.45
100.47
100.47
100.47
100.47
100.45
100.45
100.45
100.45
100.45
100.47
100.47
100.48
100.48
100.48
100.49
100.49
100.48
100.48
100.48
100.48
100.48
100.48
100.48
100.48
100.49
100.48
100.49
100.49
100.49
100.49
100.49
100.48
100.49
100.49
100.49
100.49
100.48
100.47
100.47
100.45
100.43
100.43
100.43
100.43
100.43
100.43
100.43
100.43
100.43
100.43
100.44
100.43
100.43
100.44
100.45
100.45
100.47
100.47
100.47
100.47
100.47
100.47
100.45
100.45
100.45
100.47
100.47
100.47
100.47
100.47
100.45
100.45
100.45
100.44
100.43
100.42
100.42
100.42
100.42
100.42
100.42
100.42
100.42
100.42
100.42
100.43
100.43
100.43
100.42
100.42
100.42
100.41
100.41
100.41
100.41
100.41
100.41
100.41
100.41
100.41
100.39
100.41
100.39
100.39
100.39
100.39
100.39
100.41
100.41
100.41
100.41
100.41
100.42
100.42
100.42
100.42
100.42
100.42
100.43
100.43
100.43
100.42
100.42
100.42
100.41
100.39
100.39
100.39
100.38
100.38
100.38
100.38
100.37
100.37
100.38
100.38
100.38
100.39
100.39
100.41
100.41
100.41
100.41
100.41
100.42
100.42
100.42
100.42
100.41
100.41
100.42
100.42
100.42
100.42
100.42
100.42
100.41
100.39
100.39
100.39
100.41
100.41
100.41
100.41
100.39
100.41
100.41
100.41
100.41
100.41
100.42
100.42
100.42
100.42
100.42
100.42
100.42
100.41
100.41
100.39
100.41
100.39
100.39
100.38
100.37
100.36
100.36
100.36
100.36
100.36
100.36
100.36
100.36
100.36
100.34
100.34
100.34
100.33
100.33
100.33
100.34
100.33
100.33
100.32
100.31
100.29
100.29
100.28
100.28
100.28
100.28
100.27
100.27
100.26
100.26
100.25
100.25
100.23
100.23
100.23
100.23
100.23
100.23
100.25
100.23
100.23
100.22
100.22
100.21
100.21
100.21
100.21
100.21
100.21
100.21
100.21
100.21
100.21
100.21
100.2
100.2
100.21
100.21
100.2
100.2
100.18
100.18
100.18
100.18
100.17
100.17
100.17
100.17
100.17
100.17
100.17
100.17
100.16
100.15
100.13
100.13
100.12
100.12
100.12
100.11
100.11
100.1
100.1
100.09
100.09
100.09
100.07
100.07
100.07
100.06
100.07
100.07
100.07
100.07
100.07
100.06
100.06
100.07
100.07
100.06
100.05
100.04
100.04
100.02
100.02
100.02
100.02
100.02
100.02
100.02
100.02
100.01
100
100
100
100
100
99.97
99.97
99.97
99.96
99.95
99.95
99.95
99.95
99.95
99.95
99.95
99.95
99.94
99.94
99.93
99.93
99.91
99.91
99.91
99.91
99.91
99.9
99.9
99.9
99.89
99.89
99.89
99.89
99.89
99.88
99.88
99.86
99.86
99.86
99.86
99.86
99.86
99.86
99.85
99.85
99.85
99.85
99.85
99.84
99.83
99.81
99.8
99.8
99.8
99.79
99.79
99.79
99.78
99.78
99.78
99.78
99.78
99.77
99.77
99.75
99.75
99.75
99.75
99.75
99.77
99.75
99.75
99.75
99.75
99.74
99.74
99.74
99.73
99.73
99.72
99.72
99.72
99.72
99.72
99.72
99.72
99.7
99.69
99.69
99.69
99.68
99.68
99.68
99.67
99.67
99.67
99.67
99.67
99.67
99.65
99.67
99.67
99.67
99.68
99.68
99.68
99.69
99.69
99.68
99.68
99.67
99.67
99.67
99.67
99.67
99.67
99.67
99.68
99.68
99.68
99.69
99.69
99.68
99.67
99.67
99.67
99.65
99.65
99.65
99.65
99.65
99.64
99.64
99.63
99.62
99.62
99.61
99.62
99.62
99.62
99.61
99.61
99.61
99.61
99.61
99.61
99.61
99.61
99.61
99.62
99.62
99.62
99.62
99.62
99.62
99.63
99.63
99.63
99.64
99.64
99.64
99.65
99.65
99.65
99.65
99.67
99.67
99.67
99.68
99.68
99.68
99.68
99.68
99.67
99.67
99.67
99.65
99.65
99.64
99.65
99.65
99.67
99.67
99.68
99.68
99.68
99.68
99.68
99.68
99.68
99.68
99.68
99.68
99.67
99.67
99.67
99.67
99.67
99.67
99.68
99.68
99.69
99.7
99.7
99.7
99.7
99.69
99.69
99.69
99.69
99.68
99.68
99.68
99.68
99.68
99.68
99.68
99.68
99.67
99.67
99.65
99.64
99.63
99.62
99.62
99.63
99.63
99.63
99.63
99.63
99.63
99.63
99.63
99.63
99.63
99.63
99.63
99.62
99.61
99.61
99.59
99.58
99.58
99.58
99.57
99.57
99.57
99.56
99.57
99.57
99.57
99.58
99.58
99.58
99.59
99.58
99.59
99.59
99.61
99.61
99.61
99.62
99.62
99.62
99.62
99.61
99.61
99.61
99.59
99.58
99.57
99.57
99.57
99.56
99.56
99.56
99.57
99.56
99.56
99.54
99.54
99.54
99.54
99.53
99.52
99.52
99.52
99.52
99.52
99.51
99.52
99.52
99.52
99.52
99.52
99.52
99.53
99.53
99.54
99.54
99.56
99.56
99.54
99.56
99.56
99.57
99.57
99.57
99.57
99.57
99.57
99.57
99.57
99.57
99.58
99.58
99.59
99.59
99.61
99.61
99.61
99.61
99.61
99.61
99.59
99.59
99.59
99.59
99.59
99.61
99.61
99.61
99.61
99.61
99.61
99.61
99.61
99.61
99.62
99.62
99.62
99.63
99.63
99.64
99.63
99.63
99.64
99.63
99.64
99.65
99.65
99.65
99.65
99.65
99.65
99.65
99.65
99.65
99.65
99.65
99.65
99.67
99.67
99.67
99.68
99.68
99.68
99.68
99.68
99.67
99.67
99.67
99.67
99.67
99.68
99.68
99.68
99.69
99.68
99.68
99.69
99.69
99.69
99.69
99.7
99.7
99.72
99.73
99.74
99.74
99.73
99.73
99.72
99.7
99.69
99.69
99.69
99.69
99.68
99.68
99.69
99.69
99.68
99.68
99.68
99.68
99.68
99.68
99.68
99.68
99.68
99.68
99.67
99.67
99.67
99.65
99.65
99.67
99.65
99.65
99.65
99.65
99.64
99.63
99.62
99.62
99.62
99.62
99.62
99.62
99.63
99.63
99.62
99.62
99.61
99.61
99.61
99.61
99.61
99.61
99.59
99.59
99.59
99.59
99.59
99.59
99.59
99.59
99.59
99.59
99.59
99.59
99.59
99.61
99.61
99.59
99.59
99.58
99.58
99.57
99.57
99.57
99.57
99.57
99.57
99.57
99.57
99.57
99.58
99.58
99.58
99.58
99.58
99.58
99.58
99.58
99.57
99.57
99.57
99.56
99.54
99.54
99.54
99.53
99.52
99.52
99.52
99.51
99.52
99.53
99.53
99.54
99.56
99.57
99.58
99.59
99.61
99.62
99.62
99.63
99.63
99.63
99.63
99.63
99.63
99.62
99.62
99.63
99.63
99.63
99.63
99.63
99.63
99.63
99.63
99.63
99.64
99.63
99.63
99.64
99.64
99.64
99.63
99.64
99.64
99.64
99.65
99.65
99.65
99.67
99.65
99.65
99.67
99.68
99.68
99.68
99.68
99.68
99.68
99.68
99.68
99.68
99.68
99.67
99.68
99.68
99.68
99.68
99.69
99.7
99.7
99.72
99.72
99.7
99.7
99.7
99.69
99.69
99.68
99.69
99.68
99.68
99.68
99.68
99.68
99.68
99.68
99.69
99.69
99.69
99.69
99.68
99.69
99.69
99.69
99.69
99.68
99.68
99.69
99.69
99.69
99.69
99.69
99.69
99.68
99.68
99.68
99.68
99.68
99.68
99.67
99.65
99.67
99.68
99.68
99.68
99.68
99.68
99.68
99.68
99.68
99.68
99.68
99.68
99.68
99.68
99.68
99.67
99.67
99.67
99.67
99.67
99.67
99.68
99.68
99.68
99.68
99.68
99.68
99.68
99.68
99.68
99.68
99.68
99.68
99.68
99.68
99.69
99.68
99.68
99.68
99.68
99.68
99.68
99.69
99.69
99.69
99.68
99.68
99.68
99.68
99.68
99.68
99.68
99.68
99.69
99.69
99.68
99.69
99.68
99.68
99.68
99.68
99.68
99.69
99.69
99.69
99.69
99.69
99.69
99.68
99.68
99.68
99.68
99.68
99.68
99.69
99.69
99.7
99.7
99.7
99.7
99.7
99.69
99.69
99.69
99.69
99.69
99.69
99.7
99.7
99.69
99.69
99.69
99.69
99.69
99.7
99.7
99.7
99.7
99.72
99.73
99.73
99.73
99.74
99.74
99.74
99.75
99.75
99.75
99.74
99.74
99.75
99.77
99.77
99.78
99.78
99.78
99.79
99.79
99.8
99.8
99.8
99.8
99.83
99.83
99.84
99.85
99.85
99.85
99.86
99.86
99.86
99.86
99.86
99.86
99.88
99.88
99.88
99.89
99.89
99.89
99.89
99.89
99.9
99.9
99.9
99.91
99.91
99.91
99.93
99.93
99.93
99.93
99.94
99.94
99.94
99.94
99.95
99.96
99.96
99.97
99.97
99.97
99.97
99.97
99.97
99.97
99.99
99.99
99.99
99.99
100
100
100
100.01
100.02
100.04
100.04
100.04
100.02
100.02
100.01
100.01
100.01
100.01
100.01
100
100
100
100
100
100.01
100.02
100.02
100.04
100.04
100.04
100.05
100.05
100.05
100.05
100.05
100.05
100.05
100.05
100.05
100.06
100.06
100.06
100.06
100.05
100.05
100.05
100.05
100.05
100.05
100.05
100.05
100.05
100.05
100.05
100.05
100.05
100.05
100.05
100.05
100.05
100.06
100.06
100.06
100.06
100.06
100.07
100.07
100.07
100.07
100.07
100.09
100.09
100.07
100.09
100.09
100.09
100.1
100.1
100.11
100.1
100.1
100.1
100.1
100.1
100.1
100.1
100.1
100.11
100.11
100.11
100.11
100.11
100.11
100.11
100.12
100.12
100.13
100.13
100.15
100.15
100.16
100.17
100.17
100.18
100.18
100.18
100.2
100.2
100.21
100.22
100.22
100.23
100.23
100.23
100.23
100.23
100.23
100.23
100.23
100.23
100.25
100.23
100.25
100.25
100.25
100.26
100.26
100.27
100.28
100.29
100.31
100.32
100.31
100.31
100.31
100.31
100.31
100.31
100.31
100.32
100.31
100.32
100.32
100.32
100.32
100.32
100.32
100.32
100.32
100.33
100.34
100.34
100.34
100.36
100.34
100.36
100.36
100.34
100.34
100.34
100.34
100.34
100.34
100.34
100.36
100.36
100.37
100.37
100.37
100.37
100.37
100.38
100.38
100.38
100.37
100.38
100.37
100.37
100.37
100.37
100.37
100.37
100.37
100.36
100.34
100.34
100.36
100.34
100.36
100.36
100.36
100.37
100.38
100.38
100.39
100.38
100.38
100.38
100.38
100.38
100.38
100.38
100.37
100.37
100.37
100.37
100.37
100.38
100.39
100.39
100.41
100.41
100.41
100.41
100.39
100.39
100.39
100.38
100.38
100.38
100.38
100.38
100.38
100.38
100.39
100.39
100.41
100.41
100.42
100.41
100.41
100.41
100.41
100.41
100.41
100.39
100.41
100.41
100.41
100.41
100.41
100.41
100.41
100.41
100.41
100.41
100.41
100.41
100.41
100.41
100.41
100.41
100.41
100.41
100.41
100.41
100.41
100.42
100.42
100.42
100.43
100.43
100.43
100.43
100.43
100.42
100.42
100.42
100.41
100.41
100.39
100.39
100.39
100.39
100.39
100.39
100.41
100.41
100.42
100.43
100.43
100.43
100.44
100.44
100.45
100.45
100.45
100.45
100.45
100.45
100.47
100.47
100.48
100.49
100.5
100.5
100.52
100.52
100.53
100.53
100.53
100.53
100.53
100.52
100.53
100.53
100.54
100.54
100.55
100.57
100.57
100.57
100.58
100.58
100.58
100.57
100.57
100.57
100.57
100.57
100.57
100.57
100.57
100.57
100.58
100.59
100.59
100.6
100.6
100.6
100.6
100.59
100.6
100.6
100.6
100.61
100.61
100.63
100.63
100.63
100.64
100.65
100.65
100.66
100.66
100.66
100.66
100.66
100.66
100.66
100.66
100.65
100.65
100.64
100.64
100.64
100.65
100.65
100.66
100.66
100.66
100.66
100.65
100.65
100.65
100.65
100.65
100.66
100.66
100.66
100.66
100.66
100.68
100.68
100.69
100.69
100.69
100.7
100.7
100.69
100.69
100.7
100.7
100.7
100.7
100.7
100.69
100.69
100.69
100.7
100.7
100.71
100.73
100.73
100.74
100.74
100.74
100.74
100.74
100.74
100.74
100.75
100.75
100.75
100.75
100.76
100.76
100.75
100.76
100.76
100.76
100.75
100.76
100.76
100.76
100.77
100.77
100.79
100.8
100.8
100.8
100.79
100.79
100.79
100.79
100.79
100.79
100.79
100.8
100.8
100.8
100.8
100.81
100.81
100.81
100.81
100.81
100.8
100.8
100.8
100.8
100.81
100.81
100.81
100.81
100.81
100.82
100.82
100.81
100.84
100.84
100.84
100.85
100.84
100.82
100.84
100.82
100.82
100.84
100.85
100.85
100.85
100.82
100.82
100.82
100.81
100.81
100.8
100.8
100.8
100.8
100.8
100.8
100.8
100.8
100.8
100.8
100.8
100.8
100.8
100.8
100.8
100.8
100.8
100.8
100.8
100.79
100.79
100.79
100.79
100.79
100.79
100.79
100.79
100.79
100.79
100.79
100.79
100.77
100.76
100.76
100.75
100.75
100.74
100.73
100.71
100.7
100.69
100.69
100.69
100.68
100.69
100.69
100.69
100.69
100.68
100.68
100.68
100.69
100.69
100.69
100.69
100.68
100.68
100.68
100.68
100.68
100.66
100.65
100.65
100.65
100.65
100.66
100.65
100.64
100.64
100.64
100.65
100.65
100.65
100.64
100.64
100.63
100.63
100.63
100.63
100.63
100.63
100.6
100.6
100.6
100.6
100.6
100.6
100.59
100.6
100.6
100.6
100.6
100.6
100.6
100.6
100.6
100.59
100.6
100.59
100.58
100.58
100.58
100.58
100.58
100.58
100.59
100.59
100.59
100.58
100.58
100.58
100.58
100.57
100.57
100.55
100.54
100.54
100.53
100.53
100.52
100.53
100.52
100.52
100.52
100.52
100.52
100.53
100.53
100.53
100.52
100.52
100.52
100.52
100.52
100.52
100.52
100.53
100.53
100.54
100.54
100.54
100.55
100.55
100.57
100.57
100.57
100.57
100.57
100.58
100.58
100.58
100.59
100.6
100.6
100.6
100.6
100.6
100.59
100.6
100.6
100.6
100.6
100.59
100.6
100.6
100.59
100.59
100.6
100.6
100.59
100.59
100.59
100.59
100.59
100.59
100.58
100.59
100.59
100.59
100.6
100.6
100.61
100.61
100.61
100.6
100.6
100.6
100.6
100.61
100.61
100.63
100.61
100.61
100.61
100.6
100.6
100.6
100.6
100.59
100.59
100.59
100.59
100.59
100.58
100.58
100.57
100.57
100.57
100.55
100.55
100.54
100.54
100.54
100.54
100.54
100.54
100.53
100.53
100.53
100.53
100.53
100.53
100.53
100.54
100.53
100.53
100.52
100.5
100.52
100.5
100.49
100.49
100.49
100.49
100.5
100.5
100.5
100.52
100.52
100.52
100.53
100.52
100.52
100.52
100.52
100.5
100.49
100.49
100.48
100.48
100.48
100.47
100.47
100.45
100.45
100.44
100.43
100.43
100.43
100.43
100.43
100.43
100.43
100.42
100.43
100.43
100.43
100.43
100.43
100.43
100.43
100.43
100.43
100.42
100.42
100.42
100.42
100.42
100.42
100.42
100.42
100.42
100.43
100.43
100.42
100.42
100.41
100.42
100.42
100.42
100.42
100.42
100.41
100.39
100.39
100.38
100.37
100.36
100.36
100.34
100.34
100.33
100.34
100.34
100.33
100.33
100.33
100.32
100.32
100.32
100.32
100.31
100.29
100.29
100.28
100.28
100.28
100.28
100.29
100.28
100.28
100.28
100.28
100.28
100.28
100.28
100.27
100.28
100.28
100.27
100.28
100.28
100.28
100.28
100.28
100.28
100.28
100.28
100.27
100.27
100.26
100.26
100.26
100.26
100.26
100.26
100.26
100.26
100.26
100.26
100.25
100.25
100.25
100.25
100.23
100.25
100.25
100.25
100.23
100.23
100.23
100.23
100.23
100.23
100.25
100.25
100.23
100.22
100.22
100.22
100.21
100.21
100.2
100.2
100.2
100.2
100.18
100.18
100.17
100.17
100.17
100.17
100.17
100.17
100.17
100.17
100.17
100.16
100.15
100.13
100.13
100.13
100.13
100.13
100.12
100.12
100.11
100.1
100.09
100.07
100.07
100.06
100.07
100.07
100.09
100.09
100.09
100.07
100.07
100.07
100.07
100.07
100.07
100.07
100.06
100.07
100.07
100.07
100.09
100.09
100.09
100.09
100.09
100.07
100.07
100.07
100.07
100.07
100.07
100.07
100.06
100.06
100.06
100.06
100.06
100.07
100.06
100.06
100.06
100.06
100.05
100.06
100.06
100.06
100.06
100.07
100.06
100.05
100.05
100.04
100.02
100.02
100.02
100.02
100.02
100.02
100.02
100.01
100.01
100
100
100
100
100
100
100
100
100
100
100.01
100.01
100.01
100.01
100
100
100
100
99.99
99.97
99.99
99.99
100
100
100
100
100
100
100
100.01
100.02
100.04
100.04
100.05
100.05
100.06
100.06
100.06
100.06
100.05
100.05
100.05
100.05
100.05
100.06
100.06
100.06
100.06
100.07
100.07
100.07
100.07
100.07
100.07
100.07
100.07
100.07
100.06
100.06
100.06
100.06
100.05
100.05
100.05
100.05
100.06
100.06
100.06
100.06
100.07
100.07
100.07
100.07
100.07
100.07
100.07
100.07
100.07
100.09
100.09
100.09
100.09
100.09
100.09
100.09
100.09
100.1
100.1
100.09
100.09
100.09
100.09
100.09
100.09
100.09
100.09
100.09
100.1
100.1
100.11
100.12
100.13
100.13
100.15
100.15
100.15
100.15
100.15
100.15
100.16
100.16
100.17
100.17
100.17
100.17
100.17
100.17
100.16
100.16
100.17
100.17
100.17
100.18
100.2
100.2
100.21
100.21
100.21
100.21
100.2
100.2
100.2
100.2
100.2
100.2
100.2
100.21
100.21
100.21
100.21
100.22
100.22
100.25
100.25
100.26
100.26
100.26
100.27
100.27
100.28
100.28
100.28
100.27
100.28
100.28
100.29
100.28
100.28
100.28
100.29
100.28
100.28
100.28
100.28
100.28
100.28
100.28
100.27
100.28
100.27
100.28
100.28
100.28
100.28
100.28
100.28
100.28
100.29
100.29
100.29
100.29
100.31
100.32
100.33
100.33
100.34
100.36
100.36
100.36
100.36
100.36
100.36
100.34
100.34
100.34
100.36
100.36
100.36
100.36
100.37
100.37
100.36
100.36
100.36
100.34
100.34
100.34
100.34
100.34
100.34
100.34
100.34
100.34
100.33
100.33
100.33
100.33
100.33
100.34
100.34
100.34
100.34
100.36
100.36
100.36
100.37
100.37
100.37
100.38
100.38
100.38
100.38
100.38
100.38
100.39
100.39
100.38
100.37
100.36
100.36
100.36
100.36
100.34
100.33
100.32
100.32
100.32
100.32
100.32
100.32
100.31
100.31
100.31
100.31
100.31
100.31
100.29
100.29
100.29
100.28
100.28
100.27
100.27
100.26
100.26
100.26
100.26
100.26
100.26
100.27
100.27
100.28
100.28
100.28
100.28
100.28
100.27
100.27
100.27
100.27
100.26
100.27
100.26
100.26
100.27
100.27
100.27
100.26
100.25
100.25
100.23
100.23
100.23
100.23
100.23
100.23
100.25
100.25
100.25
100.25
100.25
100.25
100.25
100.25
100.26
100.25
100.25
100.25
100.23
100.25
100.23
100.23
100.23
100.23
100.23
100.23
100.23
100.25
100.25
100.25
100.25
100.23
100.23
100.23
100.23
100.23
100.25
100.25
100.26
100.25
100.26
100.26
100.26
100.25
100.25
100.23
100.23
100.23
100.23
100.23
100.22
100.22
100.23
100.23
100.23
100.22
100.22
100.22
100.22
100.22
100.22
100.23
100.23
100.23
100.25
100.23
100.25
100.25
100.25
100.25
100.25
100.25
100.25
100.25
100.25
100.25
100.25
100.25
100.25
100.26
100.26
100.27
100.26
100.27
100.26
100.26
100.25
100.25
100.25
100.25
100.25
100.26
100.26
100.25
100.25
100.25
100.23
100.23
100.23
100.23
100.23
100.23
100.23
100.23
100.23
100.23
100.23
100.22
100.22
100.22
100.23
100.23
100.23
100.22
100.21
100.21
100.2
100.2
100.18
100.18
100.18
100.17
100.17
100.17
100.16
100.15
100.15
100.13
100.13
100.12
100.12
100.11
100.11
100.11
100.1
100.1
100.1
100.1
100.11
100.11
100.12
100.11
100.11
100.11
100.1
100.1
100.1
100.09
100.09
100.07
100.07
100.09
100.09
100.09
100.1
100.1
100.09
100.09
100.1
100.09
100.09
100.07
100.07
100.07
100.07
100.07
100.07
100.06
100.05
100.05
100.05
100.05
100.05
100.05
100.06
100.06
100.06
100.05
100.04
100.02
100.01
100.01
100
99.99
100
99.99
99.99
100
100
99.99
100
100
100
100
100
100
99.97
99.97
99.97
99.96
99.96
99.95
99.95
99.96
99.96
99.96
99.95
99.95
99.95
99.95
99.95
99.95
99.95
99.95
99.96
99.97
99.97
99.97
99.99
99.99
100
100
99.99
99.97
99.97
99.99
99.99
100
100
100
100.01
100.02
100.02
100.04
100.04
100.05
100.05
100.05
100.05
100.05
100.05
100.05
100.06
100.06
100.06
100.07
100.07
100.07
100.07
100.07
100.07
100.07
100.09
100.09
100.09
100.07
100.07
100.07
100.07
100.07
100.07
100.07
100.07
100.07
100.07
100.07
100.07
100.06
100.04
100.04
100.04
100.02
100.02
100.04
100.02
100.02
100.02
100.02
100.02
100.02
100.02
100.02
100.02
100.02
100.02
100.02
100.02
100.02
100.02
100.02
100.02
100.04
100.04
100.04
100.04
100.04
100.04
100.05
100.05
100.06
100.07
100.07
100.07
100.06
100.06
100.06
100.06
100.06
100.06
100.06
100.07
100.07
100.07
100.09
100.09
100.09
100.09
100.09
100.07
100.07
100.06
100.06
100.06
100.05
100.05
100.05
100.05
100.05
100.05
100.05
100.05
100.05
100.05
100.05
100.05
100.05
100.05
100.05
100.05
100.05
100.05
100.06
100.06
100.06
100.06
100.06
100.06
100.07
100.07
100.07
100.07
100.09
100.09
100.09
100.09
100.09
100.1
100.1
100.1
100.11
100.11
100.11
100.11
100.12
100.12
100.12
100.12
100.11
100.12
100.12
100.12
100.11
100.11
100.12
100.11
100.12
100.12
100.12
100.12
100.12
100.12
100.13
100.13
100.13
100.12
100.12
100.13
100.13
100.13
100.13
100.13
100.13
100.15
100.15
100.15
100.15
100.15
100.15
100.15
100.15
100.16
100.16
100.17
100.17
100.17
100.17
100.17
100.17
100.16
100.16
100.16
100.17
100.17
100.17
100.17
100.17
100.17
100.17
100.17
100.17
100.17
100.17
100.17
100.16
100.16
100.16
100.17
100.17
100.18
100.18
100.2
100.2
100.18
100.18
100.18
100.18
100.18
100.18
100.18
100.18
100.2
100.2
100.21
100.21
100.22
100.23
100.25
100.26
100.26
100.26
100.27
100.26
100.26
100.26
100.26
100.26
100.27
100.28
100.28
100.28
100.28
100.28
100.28
100.28
100.28
100.27
100.26
100.26
100.26
100.26
100.26
100.26
100.26
100.26
100.26
100.26
100.26
100.26
100.26
100.26
100.26
100.26
100.26
100.26
100.27
100.27
100.27
100.28
100.28
100.28
100.28
100.28
100.28
100.28
100.28
100.27
100.28
100.28
100.28
100.28
100.28
100.28
100.28
100.28
100.28
100.28
100.27
100.27
100.25
100.25
100.23
100.23
100.25
100.25
100.23
100.25
100.25
100.23
100.23
100.22
100.23
100.23
100.23
100.23
100.23
100.23
100.23
100.23
100.25
100.25
100.25
100.25
100.25
100.26
100.26
100.26
100.25
100.25
100.25
100.23
100.23
100.23
100.22
100.21
100.2
100.2
100.2
100.2
100.18
100.18
100.18
100.18
100.18
100.18
100.18
100.18
100.2
100.2
100.2
100.2
100.2
100.18
100.18
100.18
100.18
100.18
100.2
100.2
100.2
100.2
100.2
100.21
100.21
100.21
100.2
100.2
100.18
100.2
100.2
100.2
100.21
100.21
100.21
100.21
100.21
100.21
100.21
100.22
100.22
100.22
100.22
100.23
100.23
100.23
100.23
100.23
100.23
100.23
100.23
100.23
100.25
100.25
100.26
100.26
100.26
100.26
100.26
100.25
100.26
100.26
100.26
100.26
100.27
100.26
100.26
100.25
100.23
100.23
100.23
100.23
100.23
100.22
100.23
100.23
100.22
100.21
100.2
100.2
100.18
100.17
100.16
100.16
100.16
100.15
100.13
100.13
100.13
100.13
100.13
100.13
100.12
100.11
100.11
100.11
100.11
100.12
100.12
100.12
100.13
100.13
100.12
100.12
100.11
100.11
100.09
100.09
100.09
100.09
100.09
100.09
100.09
100.09
100.09
100.09
100.09
100.09
100.09
100.09
100.07
100.09
100.09
100.09
100.09
100.09
100.09
100.09
100.09
100.07
100.06
100.06
100.07
100.07
100.09
100.09
100.09
100.09
100.09
100.09
100.09
100.09
100.09
100.09
100.09
100.09
100.09
100.09
100.1
100.09
100.09
100.09
100.1
100.1
100.11
100.11
100.11
100.11
100.11
100.11
100.1
100.09
100.09
100.09
100.09
100.1
100.09
100.1
100.1
100.1
100.11
100.11
100.11
100.11
100.11
100.12
100.13
100.13
100.13
100.15
100.15
100.15
100.15
100.16
100.16
100.17
100.16
100.16
100.16
100.17
100.17
100.17
100.17
100.17
100.17
100.17
100.15
100.15
100.16
100.16
100.16
100.16
100.16
100.16
100.15
100.15
100.15
100.15
100.15
100.13
100.13
100.13
100.13
100.13
100.15
100.16
100.16
100.17
100.17
100.17
100.17
100.17
100.17
100.17
100.17
100.17
100.18
100.17
100.17
100.17
100.16
100.16
100.16
100.16
100.16
100.16
100.15
100.15
100.13
100.13
100.13
100.12
100.12
100.11
100.11
100.11
100.11
100.11
100.11
100.11
100.11
100.09
100.09
100.1
100.09
100.09
100.09
100.09
100.09
100.09
100.09
100.09
100.1
100.09
100.09
100.07
100.07
100.07
100.07
100.07
100.07
100.07
100.09
100.09
100.09
100.07
100.06
100.06
100.06
100.06
100.06
100.06
100.06
100.06
100.07
100.06
100.06
100.06
100.06
100.07
100.07
100.07
100.09
100.07
100.06
100.06
100.06
100.06
100.06
100.06
100.06
100.06
100.06
100.07
100.09
100.09
100.09
100.09
100.09
100.09
100.09
100.09
100.09
100.11
100.11
100.11
100.11
100.11
100.11
100.11
100.11
100.11
100.11
100.11
100.11
100.11
100.11
100.11
100.11
100.11
100.11
100.11
100.11
100.12
100.12
100.12
100.11
100.11
100.11
100.11
100.11
100.11
100.11
100.11
100.11
100.09
100.09
100.09
100.09
100.1
100.11
100.11
100.11
100.11
100.12
100.12
100.12
100.12
100.11
100.11
100.11
100.11
100.11
100.11
100.11
100.11
100.11
100.11
100.11
100.11
100.11
100.11
100.11
100.11
100.11
100.11
100.12
100.12
100.12
100.13
100.13
100.15
100.15
100.16
100.17
100.17
100.17
100.17
100.17
100.17
100.17
100.16
100.16
100.16
100.15
100.15
100.15
100.15
100.16
100.17
100.17
100.17
100.17
100.16
100.16
100.16
100.15
100.15
100.15
100.15
100.15
100.15
100.15
100.15
100.16
100.17
100.18
100.18
100.2
100.2
100.2
100.2
100.2
100.2
100.2
100.18
100.18
100.18
100.2
100.2
100.18
100.18
100.17
100.17
100.16
100.16
100.16
100.16
100.16
100.17
100.17
100.17
100.17
100.17
100.16
100.15
100.15
100.13
100.13
100.13
100.15
100.16
100.16
100.17
100.17
100.16
100.16
100.16
100.16
100.16
100.17
100.17
100.18
100.2
100.2
100.18
100.18
100.18
100.18
100.18
100.18
100.18
100.18
100.18
100.2
100.2
100.2
100.2
100.2
100.18
100.18
100.18
100.18
100.17
100.17
100.17
100.17
100.17
100.17
100.17
100.17
100.17
100.17
100.17
100.18
100.18
100.18
100.18
100.17
100.18
100.18
100.18
100.18
100.18
100.18
100.18
100.2
100.2
100.2
100.2
100.21
100.22
100.22
100.22
100.22
100.22
100.22
100.22
100.22
100.22
100.23
100.23
100.25
100.26
100.26
100.26
100.27
100.27
100.26
100.26
100.26
100.26
100.26
100.26
100.26
100.26
100.26
100.26
100.25
100.25
100.26
100.26
100.27
100.27
100.28
100.27
100.28
100.28
100.29
100.29
100.29
100.31
100.32
100.32
100.32
100.31
100.31
100.32
100.32
100.33
100.33
100.33
100.33
100.33
100.33
100.32
100.32
100.32
100.31
100.31
100.31
100.31
100.31
100.31
100.32
100.32
100.32
100.33
100.33
100.34
100.34
100.36
100.36
100.37
100.37
100.38
100.39
100.39
100.39
100.38
100.38
100.38
100.39
100.39
100.38
100.37
100.37
100.37
100.37
100.37
100.37
100.37
100.38
100.38
100.39
100.39
100.39
100.39
100.39
100.39
100.39
100.39
100.39
100.39
100.41
100.41
100.41
100.41
100.41
100.41
100.41
100.41
100.42
100.43
100.44
100.45
100.45
100.47
100.47
100.47
100.47
100.47
100.47
100.47
100.47
100.47
100.47
100.47
100.47
100.47
100.48
100.48
100.48
100.49
100.49
100.49
100.5
100.5
100.52
100.52
100.52
100.52
100.52
100.52
100.52
100.52
100.52
100.52
100.52
100.52
100.52
100.52
100.52
100.52
100.52
100.52
100.52
100.52
100.52
100.53
100.53
100.54
100.54
100.54
100.54
100.54
100.54
100.54
100.55
100.55
100.57
100.57
100.58
100.58
100.58
100.59
100.6
100.61
100.63
100.64
100.64
100.63
100.63
100.61
100.61
100.61
100.63
100.61
100.63
100.63
100.63
100.63
100.64
100.65
100.65
100.65
100.65
100.66
100.68
100.69
100.7
100.71
100.73
100.73
100.73
100.74
100.74
100.74
100.74
100.74
100.74
100.74
100.75
100.75
100.75
100.75
100.75
100.75
100.76
100.76
100.76
100.76
100.76
100.76
100.76
100.76
100.76
100.76
100.76
100.76
100.76
100.76
100.76
100.76
100.77
100.79
100.79
100.8
100.8
100.81
100.81
100.81
100.82
100.82
100.82
100.82
100.82
100.82
100.82
100.82
100.82
100.84
100.84
100.84
100.84
100.84
100.85
100.85
100.85
100.85
100.84
100.84
100.82
100.84
100.85
100.84
100.82
100.82
100.82
100.82
100.84
100.85
100.85
100.85
100.85
100.85
100.85
100.85
100.85
100.85
100.86
100.87
100.87
100.87
100.86
100.86
100.86
100.86
100.87
100.87
100.87
100.89
100.89
100.9
100.9
100.9
100.9
100.9
100.91
100.91
100.91
100.91
100.93
100.93
100.95
100.95
100.95
100.95
100.95
100.96
100.96
100.96
100.95
100.96
100.96
100.96
100.95
100.95
100.93
100.93
100.93
100.93
100.95
100.95
100.95
100.95
100.96
100.96
100.97
100.97
100.98
100.98
101
101
101
101
101
101
101
101
101
101
101
101
101
101
101.01
101.02
101.02
101.02
101.02
101.02
101.03
101.03
101.05
101.05
101.05
101.05
101.05
101.05
101.05
101.03
101.03
101.03
101.02
101.02
101.02
101.03
101.03
101.03
101.03
101.03
101.03
101.03
101.02
101.02
101.02
101.03
101.03
101.05
101.05
101.05
101.03
101.03
101.02
101.02
101.02
101.02
101.02
101.02
101.02
101.01
101.01
101.02
101.02
101.02
101.02
101
101
100.98
100.97
100.98
100.98
100.97
100.97
100.95
100.95
100.95
100.93
100.93
100.92
100.92
100.92
100.92
100.92
100.93
100.93
100.93
100.93
100.93
100.92
100.91
100.9
100.9
100.89
100.89
100.87
100.87
100.87
100.86
100.86
100.85
100.85
100.85
100.85
100.85
100.85
100.85
100.85
100.85
100.85
100.85
100.85
100.85
100.85
100.85
100.85
100.85
100.85
100.85
100.85
100.85
100.85
100.85
100.85
100.86
100.86
100.87
100.87
100.87
100.87
100.87
100.86
100.86
100.85
100.85
100.85
100.85
100.85
100.84
100.82
100.82
100.82
100.82
100.82
100.82
100.82
100.82
100.82
100.82
100.81
100.8
100.8
100.8
100.8
100.81
100.8
100.8
100.79
100.79
100.77
100.76
100.76
100.76
100.76
100.76
100.76
100.76
100.76
100.76
100.76
100.76
100.76
100.76
100.76
100.76
100.76
100.75
100.76
100.76
100.76
100.76
100.75
100.74
100.74
100.73
100.71
100.71
100.73
100.74
100.74
100.74
100.74
100.74
100.71
100.71
100.71
100.71
100.71
100.71
100.71
100.73
100.74
100.74
100.75
100.76
100.76
100.77
100.79
100.79
100.8
100.8
100.8
100.79
100.79
100.79
100.77
100.77
100.77
100.77
100.76
100.76
100.76
100.75
100.75
100.74
100.71
100.71
100.71
100.73
100.73
100.73
100.73
100.73
100.71
100.71
100.71
100.71
100.71
100.71
100.71
100.71
100.71
100.7
100.7
100.69
100.69
100.69
100.68
100.68
100.68
100.68
100.68
100.66
100.66
100.66
100.66
100.66
100.66
100.66
100.66
100.68
100.66
100.65
100.65
100.64
100.63
100.63
100.63
100.63
100.63
100.63
100.63
100.63
100.61
100.61
100.6
100.6
100.6
100.6
100.59
100.59
100.58
100.58
100.57
100.57
100.57
100.57
100.57
100.57
100.58
100.58
100.58
100.58
100.58
100.58
100.58
100.57
100.57
100.57
100.57
100.55
100.55
100.55
100.57
100.57
100.57
100.57
100.55
100.55
100.54
100.54
100.54
100.54
100.54
100.54
100.54
100.54
100.54
100.55
100.55
100.57
100.57
100.57
100.57
100.57
100.57
100.57
100.57
100.57
100.57
100.57
100.57
100.58
100.58
100.58
100.58
100.59
100.59
100.6
100.6
100.59
100.59
100.59
100.59
100.59
100.59
100.58
100.58
100.58
100.58
100.58
100.58
100.57
100.57
100.57
100.57
100.55
100.55
100.54
100.54
100.53
100.53
100.53
100.54
100.54
100.54
100.55
100.55
100.57
100.57
100.57
100.57
100.58
100.58
100.58
100.59
100.59
100.6
100.6
100.6
100.6
100.6
100.6
100.59
100.59
100.6
100.6
100.6
100.6
100.6
100.6
100.6
100.6
100.61
100.61
100.61
100.6
100.6
100.6
100.6
100.6
100.6
100.6
100.61
100.61
100.61
100.6
100.6
100.6
100.6
100.59
100.59
100.58
100.58
100.58
100.58
100.58
100.59
100.6
100.6
100.6
100.59
100.59
100.59
100.59
100.59
100.59
100.59
100.59
100.59
100.59
100.59
100.58
100.58
100.58
100.59
100.59
100.6
100.6
100.61
100.61
100.61
100.61
100.61
100.61
100.61
100.63
100.63
100.63
100.63
100.64
100.64
100.63
100.63
100.63
100.63
100.63
100.63
100.63
100.61
100.6
100.6
100.6
100.61
100.63
100.63
100.64
100.65
100.65
100.65
100.65
100.65
100.65
100.66
100.65
100.65
100.65
100.65
100.64
100.64
100.63
100.64
100.64
100.64
100.64
100.65
100.65
100.65
100.65
100.66
100.66
100.68
100.68
100.68
100.68
100.68
100.68
100.68
100.68
100.69
100.68
100.68
100.66
100.66
100.66
100.66
100.68
100.68
100.69
100.7
100.7
100.71
100.71
100.71
100.71
100.71
100.71
100.71
100.71
100.71
100.71
100.71
100.71
100.71
100.71
100.73
100.73
100.74
100.73
100.73
100.71
100.71
100.73
100.73
100.74
100.74
100.75
100.75
100.75
100.76
100.75
100.76
100.76
100.76
100.76
100.76
100.75
100.75
100.74
100.74
100.74
100.74
100.74
100.74
100.75
100.75
100.75
100.75
100.75
100.76
100.76
100.75
100.76
100.75
100.75
100.75
100.75
100.75
100.75
100.76
100.76
100.76
100.76
100.76
100.76
100.77
100.79
100.79
100.8
100.8
100.8
100.8
100.79
100.79
100.8
100.8
100.8
100.77
100.77
100.76
100.76
100.76
100.76
100.76
100.77
100.77
100.77
100.77
100.77
100.77
100.76
100.76
100.76
100.76
100.75
100.75
100.75
100.74
100.74
100.75
100.75
100.75
100.74
100.74
100.73
100.71
100.71
100.71
100.71
100.7
100.71
100.69
100.69
100.69
100.7
100.7
100.7
100.7
100.7
100.7
100.69
100.69
100.69
100.69
100.69
100.7
100.71
100.71
100.7
100.7
100.7
100.69
100.69
100.69
100.68
100.68
100.68
100.68
100.68
100.7
100.7
100.7
100.71
100.71
100.71
100.7
100.7
100.7
100.69
100.69
100.69
100.69
100.69
100.69
100.69
100.69
100.68
100.68
100.68
100.68
100.69
100.7
100.7
100.69
100.69
100.68
100.68
100.68
100.68
100.69
100.69
100.69
100.69
100.69
100.66
100.69
100.69
100.69
100.68
100.68
100.68
100.68
100.66
100.66
100.66
100.68
100.68
100.68
100.68
100.66
100.65
100.65
100.65
100.64
100.64
100.64
100.64
100.64
100.64
100.65
100.65
100.65
100.65
100.65
100.65
100.65
100.65
100.65
100.66
100.69
100.69
100.7
100.7
100.7
100.7
100.69
100.69
100.69
100.69
100.69
100.71
100.71
100.71
100.71
100.73
100.73
100.73
100.73
100.71
100.73
100.73
100.73
100.73
100.75
100.75
100.75
100.75
100.75
100.74
100.75
100.75
100.76
100.76
100.77
100.76
100.75
100.75
100.74
100.74
100.74
100.74
100.75
100.75
100.75
100.75
100.74
100.74
100.74
100.74
100.74
100.74
100.74
100.73
100.74
100.74
100.71
100.71
100.71
100.71
100.69
100.69
100.69
100.7
100.71
100.71
100.71
100.71
100.71
100.71
100.7
100.7
100.7
100.7
100.7
100.7
100.69
100.69
100.69
100.69
100.7
100.7
100.71
100.71
100.71
100.71
100.71
100.71
100.71
100.71
100.71
100.71
100.7
100.69
100.69
100.69
100.68
100.68
100.68
100.69
100.69
100.68
100.69
100.69
100.69
100.69
100.7
100.71
100.71
100.71
100.71
100.71
100.71
100.71
100.71
100.7
100.7
100.7
100.71
100.71
100.71
100.73
100.73
100.74
100.74
100.74
100.75
100.75
100.75
100.75
100.76
100.75
100.75
100.75
100.75
100.76
100.76
100.75
100.75
100.75
100.75
100.75
100.75
100.76
100.75
100.75
100.75
100.75
100.76
100.76
100.76
100.76
100.75
100.75
100.75
100.76
100.76
100.76
100.77
100.77
100.79
100.77
100.77
100.76
100.75
100.75
100.74
100.73
100.74
100.74
100.74
100.74
100.71
100.71
100.71
100.71
100.71
100.71
100.71
100.71
100.71
100.73
100.73
100.73
100.74
100.74
100.74
100.74
100.73
100.73
100.73
100.73
100.74
100.74
100.74
100.75
100.75
100.76
100.75
100.76
100.76
100.76
100.77
100.77
100.77
100.79
100.79
100.8
100.8
100.8
100.8
100.8
100.8
100.8
100.8
100.8
100.8
100.79
100.77
100.76
100.76
100.75
100.75
100.75
100.75
100.75
100.75
100.74
100.71
100.71
100.71
100.71
100.71
100.71
100.7
100.68
100.68
100.68
100.68
100.66
100.66
100.65
100.65
100.65
100.65
100.65
100.65
100.65
100.64
100.64
100.64
100.64
100.64
100.64
100.64
100.64
100.64
100.64
100.64
100.64
100.65
100.65
100.65
100.64
100.63
100.61
100.61
100.61
100.6
100.6
100.61
100.61
100.61
100.61
100.63
100.63
100.64
100.64
100.65
100.65
100.65
100.65
100.65
100.65
100.65
100.65
100.65
100.65
100.65
100.65
100.68
100.68
100.69
100.68
100.68
100.66
100.65
100.65
100.65
100.65
100.64
100.64
100.64
100.64
100.64
100.64
100.64
100.64
100.63
100.63
100.63
100.63
100.63
100.63
100.63
100.64
100.64
100.64
100.64
100.64
100.63
100.63
100.63
100.61
100.6
100.59
100.59
100.59
100.59
100.59
100.59
100.59
100.59
100.59
100.6
100.6
100.61
100.61
100.61
100.61
100.61
100.61
100.61
100.63
100.63
100.63
100.63
100.63
100.63
100.63
100.63
100.63
100.64
100.64
100.64
100.64
100.64
100.64
100.64
100.63
100.63
100.63
100.63
100.63
100.63
100.64
100.64
100.64
100.64
100.64
100.64
100.64
100.64
100.64
100.64
100.64
100.64
100.65
100.65
100.65
100.65
100.68
100.68
100.68
100.69
100.69
100.69
100.69
100.7
100.71
100.71
100.71
100.73
100.73
100.74
100.74
100.74
100.74
100.74
100.74
100.75
100.75
100.75
100.75
100.75
100.75
100.75
100.76
100.76
100.76
100.76
100.76
100.76
100.76
100.75
100.77
100.77
100.76
100.77
100.77
100.77
100.77
100.77
100.77
100.79
100.79
100.79
100.79
100.79
100.77
100.76
100.76
100.76
100.76
100.75
100.75
100.75
100.75
100.75
100.75
100.75
100.75
100.74
100.74
100.74
100.74
100.73
100.73
100.73
100.74
100.74
100.74
100.74
100.74
100.75
100.75
100.76
100.79
100.8
100.8
100.8
100.8
100.82
100.82
100.84
100.84
100.85
100.85
100.85
100.85
100.85
100.85
100.85
100.86
100.86
100.86
100.85
100.85
100.85
100.85
100.85
100.84
100.84
100.85
100.85
100.85
100.85
100.85
100.84
100.82
100.82
100.82
100.82
100.82
100.84
100.84
100.84
100.84
100.85
100.85
100.85
100.85
100.85
100.85
100.85
100.85
100.82
100.82
100.82
100.82
100.82
100.82
100.82
100.82
100.81
100.81
100.8
100.81
100.81
100.81
100.81
100.81
100.81
100.81
100.81
100.81
100.81
100.82
100.82
100.84
100.85
100.85
100.85
100.85
100.85
100.85
100.85
100.85
100.85
100.85
100.86
100.86
100.86
100.86
100.86
100.85
100.85
100.85
100.86
100.86
100.86
100.87
100.87
100.87
100.89
100.89
100.9
100.9
100.91
100.91
100.91
100.92
100.92
100.93
100.93
100.95
100.95
100.95
100.95
100.95
100.95
100.96
100.96
100.97
100.96
100.96
100.96
100.95
100.95
100.95
100.96
100.96
100.96
100.96
100.96
100.96
100.96
100.96
100.96
100.97
100.97
100.97
100.98
100.98
100.97
100.97
100.97
100.97
100.97
100.98
100.97
100.98
100.98
100.98
101
101
101
101
101.02
101.01
101.01
101.02
101.02
101.02
101.03
101.03
101.03
101.05
101.05
101.05
101.05
101.06
101.06
101.06
101.06
101.06
101.07
101.08
101.08
101.11
101.11
101.11
101.11
101.11
101.12
101.12
101.12
101.13
101.14
101.14
101.14
101.14
101.14
101.14
101.14
101.16
101.16
101.16
101.16
101.16
101.16
101.16
101.16
101.16
101.16
101.16
101.16
101.16
101.16
101.16
101.16
101.16
101.16
101.16
101.16
101.16
101.16
101.16
101.17
101.17
101.18
101.17
101.17
101.16
101.16
101.16
101.16
101.14
101.14
101.16
101.16
101.16
101.16
101.16
101.17
101.18
101.19
101.19
101.19
101.19
101.19
101.19
101.19
101.19
101.19
101.19
101.19
101.19
101.19
101.19
101.21
101.21
101.22
101.22
101.22
101.22
101.22
101.22
101.22
101.22
101.22
101.22
101.22
101.23
101.23
101.23
101.23
101.22
101.22
101.22
101.22
101.22
101.22
101.23
101.23
101.22
101.22
101.22
101.21
101.19
101.19
101.19
101.19
101.18
101.18
101.17
101.17
101.17
101.17
101.17
101.17
101.17
101.17
101.17
101.16
101.16
101.16
101.16
101.17
101.18
101.18
101.17
101.17
101.16
101.16
101.16
101.16
101.16
101.16
101.16
101.14
101.14
101.14
101.14
101.12
101.13
101.13
101.13
101.12
101.12
101.12
101.12
101.12
101.12
101.13
101.12
101.12
101.12
101.12
101.12
101.11
101.09
101.08
101.09
101.08
101.08
101.09
101.11
101.11
101.12
101.13
101.13
101.14
101.14
101.13
101.13
101.12
101.12
101.12
101.12
101.12
101.12
101.12
101.12
101.12
101.12
101.13
101.13
101.13
101.13
101.14
101.14
101.14
101.14
101.14
101.14
101.14
101.14
101.13
101.14
101.14
101.14
101.14
101.16
101.16
101.16
101.14
101.14
101.14
101.14
101.14
101.16
101.16
101.16
101.17
101.17
101.17
101.17
101.17
101.17
101.17
101.18
101.18
101.18
101.18
101.19
101.19
101.19
101.19
101.19
101.19
101.19
101.18
101.17
101.16
101.16
101.16
101.14
101.14
101.14
101.14
101.14
101.14
101.14
101.16
101.16
101.17
101.17
101.17
101.17
101.17
101.17
101.17
101.17
101.17
101.16
101.16
101.16
101.16
101.14
101.14
101.13
101.13
101.13
101.13
101.13
101.14
101.13
101.14
101.14
101.13
101.13
101.12
101.12
101.11
101.11
101.11
101.09
101.09
101.09
101.11
101.11
101.11
101.11
101.11
101.12
101.13
101.13
101.13
101.14
101.14
101.13
101.12
101.12
101.13
101.13
101.14
101.14
101.14
101.14
101.14
101.13
101.12
101.12
101.12
101.12
101.12
101.11
101.11
101.09
101.08
101.07
101.07
101.06
101.06
101.07
101.06
101.07
101.07
101.07
101.08
101.07
101.06
101.06
101.06
101.05
101.05
101.05
101.06
101.06
101.06
101.07
101.06
101.06
101.05
101.05
101.05
101.05
101.06
101.06
101.06
101.07
101.07
101.06
101.06
101.06
101.06
101.06
101.06
101.06
101.05
101.05
101.03
101.03
101.03
101.03
101.03
101.03
101.03
101.02
101.02
101.02
101.03
101.03
101.03
101.03
101.03
101.05
101.03
101.03
101.02
101.02
101.02
101.02
101.03
101.03
101.03
101.03
101.03
101.03
101.02
101.02
101.02
101.02
101.02
101.02
101.02
101.02
101.02
101.02
101.02
101.02
101.02
101.01
101.01
101
101
101.01
101.02
101.02
101.02
101.02
101.02
101.02
101.02
101.02
101.02
101.02
101.02
101.01
101
101
100.98
100.98
100.97
100.97
100.96
100.96
100.96
100.96
100.96
100.96
100.97
100.97
100.97
100.97
100.97
100.97
100.98
100.98
101
101
101.01
101
101
101
101
101
101
101
101
101
101
101
101
101
100.98
100.98
100.97
100.97
100.97
100.97
100.97
100.97
100.96
100.96
100.95
100.93
100.93
100.92
100.92
100.93
100.93
100.93
100.93
100.92
100.93
100.93
100.93
100.93
100.93
100.93
100.93
100.92
100.92
100.92
100.92
100.92
100.92
100.91
100.91
100.91
100.91
100.91
100.9
100.89
100.89
100.89
100.89
100.89
100.89
100.89
100.9
100.9
100.91
100.91
100.9
100.89
100.89
100.87
100.87
100.87
100.87
100.87
100.89
100.89
100.89
100.9
100.9
100.9
100.89
100.89
100.89
100.87
100.87
100.87
100.87
100.86
100.85
100.85
100.85
100.85
100.85
100.86
100.87
100.89
100.89
100.89
100.89
100.87
100.89
100.89
100.89
100.89
100.89
100.9
100.9
100.9
100.9
100.91
100.91
100.91
100.91
100.92
100.93
100.95
100.96
100.96
100.97
100.97
100.96
100.96
100.96
100.96
100.96
100.96
100.96
100.97
100.97
100.97
100.97
100.97
100.97
100.97
100.97
100.97
100.97
100.97
100.97
100.97
100.97
100.97
100.97
100.98
100.98
100.97
100.97
100.98
101
101
101.01
101.01
101.02
101.02
101.03
101.03
101.03
101.02
101.02
101.02
101.01
101
100.98
101
100.98
100.98
101
101
101
101
101
101
101.01
101.01
101
101
101
101
101
100.98
100.97
100.97
100.97
100.97
100.97
100.97
100.97
100.98
101
101
101
101
101
101
101
100.98
100.97
100.97
100.97
100.96
100.97
100.97
100.97
100.97
100.98
101
101
101
100.98
101
101
101
101
101
101
101
101.01
101
101.01
101
101
101
101
101
101
101
101
101
101
101
101
101
101.01
101.02
101.01
101.02
101.02
101.02
101.02
101.02
101.02
101.02
101.01
101
101
101
100.98
100.97
100.97
100.97
100.97
100.97
100.97
100.97
100.97
100.97
100.97
100.97
100.97
100.96
100.96
100.96
100.96
100.96
100.96
100.96
100.95
100.95
100.95
100.95
100.95
100.95
100.95
100.95
100.95
100.93
100.93
100.93
100.93
100.93
100.93
100.93
100.93
100.95
100.95
100.95
100.93
100.93
100.92
100.92
100.92
100.92
100.92
100.93
100.95
100.95
100.95
100.96
100.95
100.95
100.93
100.93
100.93
100.95
100.95
100.95
100.96
100.96
100.96
100.96
100.95
100.95
100.95
100.95
100.95
100.96
100.97
100.97
100.98
100.98
100.98
101
101
101
101
101
101
101
101.01
101
101
101.01
101.02
101.02
101.03
101.05
101.05
101.05
101.05
101.05
101.05
101.03
101.03
101.03
101.03
101.05
101.05
101.05
101.03
101.03
101.03
101.03
101.06
101.06
101.07
101.08
101.11
101.11
101.12
101.12
101.13
101.12
101.12
101.12
101.12
101.11
101.11
101.09
101.09
101.09
101.09
101.09
101.09
101.09
101.09
101.09
101.09
101.11
101.11
101.11
101.11
101.11
101.11
101.11
101.11
101.12
101.13
101.13
101.13
101.12
101.12
101.11
101.11
101.12
101.12
101.12
101.12
101.11
101.11
101.11
101.11
101.11
101.11
101.11
101.11
101.11
101.11
101.11
101.11
101.09
101.11
101.11
101.11
101.11
101.11
101.11
101.11
101.12
101.12
101.11
101.12
101.12
101.11
101.11
101.11
101.11
101.11
101.11
101.11
101.11
101.11
101.11
101.09
101.11
101.11
101.11
101.11
101.12
101.12
101.12
101.12
101.12
101.12
101.12
101.12
101.12
101.12
101.12
101.12
101.12
101.12
101.12
101.13
101.13
101.14
101.13
101.13
101.13
101.12
101.13
101.12
101.12
101.12
101.12
101.12
101.12
101.13
101.13
101.13
101.14
101.14
101.14
101.13
101.12
101.12
101.12
101.12
101.13
101.13
101.14
101.14
101.14
101.14
101.16
101.16
101.14
101.14
101.14
101.14
101.14
101.13
101.12
101.12
101.12
101.11
101.11
101.12
101.12
101.12
101.12
101.12
101.12
101.12
101.13
101.13
101.14
101.14
101.16
101.16
101.16
101.16
101.16
101.16
101.16
101.16
101.16
101.14
101.16
101.16
101.16
101.17
101.17
101.17
101.17
101.17
101.16
101.14
101.16
101.16
101.16
101.17
101.17
101.17
101.17
101.17
101.17
101.17
101.17
101.17
101.17
101.17
101.17
101.16
101.16
101.16
101.16
101.16
101.17
101.17
101.17
101.17
101.16
101.16
101.16
101.16
101.16
101.16
101.16
101.16
101.16
101.16
101.16
101.16
101.14
101.14
101.14
101.14
101.14
101.14
101.14
101.14
101.13
101.12
101.12
101.12
101.12
101.12
101.11
101.12
101.12
101.12
101.12
101.12
101.12
101.13
101.13
101.12
101.12
101.12
101.12
101.11
101.11
101.11
101.11
101.11
101.11
101.11
101.09
101.09
101.09
101.09
101.09
101.08
101.09
101.09
101.09
101.09
101.09
101.11
101.11
101.09
101.11
101.11
101.09
101.09
101.09
101.09
101.09
101.09
101.09
101.09
101.09
101.09
101.09
101.09
101.11
101.11
101.12
101.12
101.12
101.11
101.09
101.08
101.07
101.07
101.06
101.06
101.06
101.06
101.06
101.05
101.05
101.05
101.05
101.05
101.05
101.05
101.06
101.05
101.05
101.05
101.05
101.05
101.05
101.05
101.05
101.05
101.05
101.06
101.06
101.06
101.07
101.07
101.07
101.08
101.08
101.07
101.07
101.07
101.06
101.06
101.07
101.07
101.07
101.08
101.09
101.11
101.12
101.12
101.12
101.12
101.12
101.12
101.11
101.11
101.11
101.11
101.12
101.12
101.12
101.12
101.12
101.12
101.12
101.12
101.12
101.12
101.12
101.12
101.12
101.13
101.14
101.14
101.14
101.16
101.17
101.17
101.17
101.18
101.18
101.18
101.18
101.18
101.17
101.16
101.17
101.17
101.16
101.17
101.17
101.16
101.16
101.16
101.17
101.16
101.16
101.17
101.16
101.17
101.17
101.17
101.17
101.17
101.17
101.17
101.17
101.17
101.18
101.17
101.17
101.18
101.18
101.19
101.19
101.21
101.21
101.21
101.22
101.22
101.22
101.22
101.22
101.22
101.21
101.21
101.21
101.21
101.21
101.21
101.21
101.22
101.22
101.23
101.23
101.23
101.23
101.23
101.23
101.23
101.23
101.23
101.24
101.24
101.25
101.25
101.24
101.23
101.23
101.22
101.22
101.22
101.22
101.22
101.22
101.22
101.23
101.23
101.23
101.23
101.23
101.23
101.24
101.25
101.25
101.25
101.25
101.25
101.27
101.28
101.28
101.28
101.29
101.29
101.29
101.29
101.29
101.28
101.29
101.28
101.28
101.28
101.29
101.29
101.3
101.32
101.32
101.33
101.33
101.33
101.33
101.33
101.33
101.33
101.33
101.33
101.33
101.32
101.33
101.33
101.33
101.32
101.32
101.32
101.32
101.33
101.33
101.34
101.33
101.33
101.33
101.33
101.33
101.33
101.33
101.34
101.34
101.34
101.35
101.35
101.35
101.37
101.37
101.38
101.38
101.38
101.38
101.38
101.38
101.38
101.37
101.37
101.37
101.37
101.37
101.35
101.34
101.33
101.34
101.34
101.34
101.35
101.35
101.37
101.37
101.38
101.38
101.38
101.38
101.38
101.39
101.39
101.4
101.39
101.39
101.39
101.4
101.4
101.4
101.4
101.41
101.43
101.43
101.43
101.44
101.45
101.45
101.45
101.45
101.45
101.44
101.44
101.45
101.45
101.45
101.46
101.46
101.45
101.44
101.41
101.41
101.4
101.4
101.4
101.41
101.41
101.43
101.43
101.44
101.45
101.45
101.45
101.45
101.45
101.46
101.46
101.48
101.48
101.48
101.48
101.49
101.49
101.49
101.48
101.48
101.48
101.48
101.48
101.48
101.48
101.48
101.48
101.48
101.46
101.46
101.46
101.48
101.49
101.49
101.5
101.51
101.51
101.53
101.53
101.51
101.51
101.51
101.51
101.5
101.5
101.5
101.51
101.51
101.5
101.5
101.5
101.5
101.5
101.5
101.5
101.5
101.5
101.5
101.5
101.5
101.5
101.5
101.49
101.49
101.49
101.49
101.49
101.49
101.49
101.5
101.5
101.5
101.51
101.51
101.51
101.51
101.51
101.51
101.51
101.5
101.5
101.51
101.5
101.51
101.51
101.5
101.5
101.5
101.51
101.51
101.51
101.51
101.51
101.51
101.51
101.51
101.51
101.51
101.51
101.51
101.51
101.51
101.51
101.51
101.53
101.51
101.53
101.54
101.55
101.55
101.56
101.56
101.57
101.59
101.6
101.59
101.6
101.6
101.6
101.6
101.59
101.57
101.56
101.56
101.56
101.56
101.56
101.55
101.55
101.55
101.56
101.56
101.55
101.56
101.56
101.57
101.56
101.57
101.56
101.56
101.57
101.57
101.59
101.59
101.6
101.6
101.61
101.61
101.62
101.64
101.64
101.64
101.64
101.62
101.62
101.61
101.61
101.62
101.62
101.62
101.64
101.64
101.64
101.64
101.64
101.65
101.66
101.66
101.67
101.67
101.69
101.69
101.69
101.7
101.7
101.71
101.71
101.72
101.72
101.72
101.72
101.72
101.72
101.72
101.72
101.71
101.71
101.71
101.71
101.71
101.71
101.71
101.7
101.7
101.7
101.69
101.69
101.7
101.69
101.7
101.7
101.71
101.71
101.71
101.71
101.71
101.7
101.69
101.7
101.69
101.67
101.67
101.66
101.66
101.66
101.66
101.66
101.67
101.67
101.67
101.67
101.67
101.67
101.67
101.67
101.66
101.66
101.66
101.67
101.67
101.69
101.69
101.7
101.69
101.7
101.71
101.71
101.71
101.71
101.72
101.72
101.72
101.72
101.72
101.72
101.72
101.71
101.72
101.73
101.75
101.75
101.75
101.75
101.75
101.73
101.73
101.73
101.73
101.73
101.73
101.73
101.73
101.75
101.75
101.75
101.76
101.76
101.76
101.76
101.76
101.76
101.77
101.76
101.76
101.75
101.75
101.76
101.76
101.75
101.75
101.76
101.76
101.76
101.75
101.75
101.75
101.75
101.75
101.75
101.73
101.73
101.72
101.71
101.71
101.69
101.7
101.7
101.69
101.69
101.69
101.69
101.69
101.69
101.69
101.69
101.69
101.69
101.69
101.67
101.67
101.69
101.69
101.69
101.69
101.69
101.69
101.69
101.69
101.69
101.7
101.7
101.71
101.7
101.69
101.67
101.67
101.66
101.66
101.66
101.66
101.65
101.64
101.64
101.65
101.65
101.66
101.65
101.65
101.65
101.65
101.64
101.64
101.64
101.62
101.62
101.62
101.61
101.62
101.61
101.61
101.61
101.61
101.61
101.61
101.61
101.61
101.6
101.59
101.57
101.56
101.57
101.56
101.56
101.56
101.56
101.55
101.55
101.54
101.54
101.54
101.54
101.55
101.56
101.56
101.56
101.56
101.57
101.56
101.56
101.55
101.55
101.55
101.54
101.54
101.54
101.53
101.53
101.51
101.51
101.51
101.51
101.51
101.51
101.51
101.51
101.51
101.51
101.51
101.51
101.5
101.5
101.5
101.49
101.49
101.49
101.49
101.48
101.48
101.49
101.49
101.5
101.5
101.5
101.5
101.5
101.5
101.5
101.5
101.5
101.5
101.5
101.49
101.49
101.48
101.46
101.45
101.45
101.45
101.45
101.45
101.45
101.45
101.45
101.45
101.44
101.44
101.43
101.43
101.41
101.4
101.4
101.39
101.38
101.37
101.35
101.34
101.34
101.34
101.34
101.34
101.34
101.34
101.34
101.34
101.33
101.32
101.32
101.32
101.3
101.29
101.29
101.29
101.28
101.28
101.27
101.27
101.25
101.23
101.23
101.22
101.22
101.22
101.21
101.19
101.18
101.17
101.16
101.14
101.14
101.14
101.14
101.13
101.12
101.12
101.12
101.11
101.11
101.09
101.08
101.07
101.07
101.07
101.07
101.07
101.07
101.07
101.07
101.06
101.07
101.06
101.06
101.05
101.03
101.03
101.03
101.05
101.05
101.03
101.03
101.03
101.03
101.03
101.03
101.05
101.05
101.03
101.03
101.02
101.01
101.01
101
100.98
100.98
100.97
100.97
100.97
100.96
100.96
100.95
100.95
100.93
100.93
100.92
100.92
100.92
100.91
100.9
100.9
100.89
100.87
100.87
100.86
100.85
100.85
100.84
100.82
100.82
100.82
100.82
100.82
100.81
100.81
100.8
100.8
100.79
100.79
100.79
100.79
100.77
100.76
100.76
100.75
100.74
100.74
100.74
100.74
100.74
100.75
100.75
100.75
100.74
100.74
100.71
100.71
100.7
100.69
100.69
100.69
100.68
100.66
100.66
100.65
100.65
100.65
100.65
100.65
100.65
100.64
100.64
100.63
100.61
100.6
100.59
100.59
100.59
100.59
100.59
100.59
100.59
100.59
100.59
100.59
100.58
100.58
100.57
100.57
100.55
100.54
100.53
100.52
100.5
100.5
100.49
100.48
100.48
100.48
100.48
100.48
100.48
100.48
100.48
100.48
100.49
100.49
100.49
100.49
100.49
100.48
100.47
100.45
100.45
100.43
100.43
100.43
100.43
100.42
100.42
100.41
100.41
100.41
100.41
100.41
100.41
100.39
100.38
100.37
100.37
100.36
100.34
100.33
100.32
100.32
100.31
100.32
100.31
100.32
100.31
100.32
100.31
100.31
100.31
100.31
100.29
100.28
100.27
100.26
100.26
100.26
100.26
100.26
100.26
100.26
100.26
100.25
100.25
100.23
100.22
100.22
100.21
100.21
100.21
100.2
100.2
100.2
100.18
100.18
100.18
100.18
100.18
100.18
100.18
100.18
100.17
100.16
100.16
100.15
100.13
100.13
100.13
100.13
100.13
100.13
100.12
100.12
100.11
100.1
100.09
100.1
100.09
100.09
100.07
100.06
100.04
100.04
100.02
100.02
100.02
100.01
100.01
100.01
100.01
100
100
100
100
100
100
100
99.99
99.97
99.97
99.96
99.96
99.96
99.95
99.95
99.94
99.94
99.94
99.91
99.91
99.9
99.9
99.9
99.89
99.89
99.88
99.88
99.86
99.85
99.85
99.84
99.84
99.84
99.83
99.84
99.84
99.83
99.84
99.85
99.85
99.85
99.86
99.85
99.85
99.85
99.85
99.85
99.85
99.85
99.85
99.85
99.85
99.85
99.85
99.85
99.85
99.85
99.85
99.85
99.84
99.84
99.84
99.83
99.83
99.81
99.8
99.8
99.8
99.8
99.81
99.8
99.8
99.8
99.8
99.81
99.81
99.81
99.8
99.8
99.8
99.8
99.8
99.8
99.8
99.8
99.8
99.8
99.79
99.79
99.78
99.78
99.77
99.77
99.77
99.77
99.77
99.77
99.77
99.77
99.78
99.78
99.79
99.79
99.79
99.79
99.79
99.79
99.79
99.79
99.79
99.8
99.8
99.8
99.79
99.79
99.79
99.79
99.79
99.79
99.79
99.79
99.79
99.79
99.8
99.8
99.8
99.81
99.81
99.83
99.83
99.85
99.85
99.86
99.86
99.88
99.88
99.88
99.88
99.88
99.88
99.86
99.86
99.86
99.86
99.86
99.86
99.86
99.88
99.88
99.88
99.88
99.89
99.88
99.88
99.89
99.88
99.89
99.89
99.89
99.89
99.89
99.88
99.88
99.88
99.88
99.88
99.86
99.86
99.85
99.84
99.84
99.84
99.84
99.85
99.85
99.86
99.86
99.86
99.85
99.85
99.84
99.84
99.84
99.84
99.84
99.84
99.84
99.84
99.84
99.84
99.84
99.85
99.85
99.85
99.85
99.85
99.84
99.84
99.84
99.84
99.85
99.84
99.85
99.85
99.84
99.84
99.83
99.83
99.83
99.83
99.83
99.81
99.83
99.83
99.83
99.83
99.83
99.81
99.81
99.81
99.81
99.81
99.81
99.81
99.81
99.83
99.83
99.84
99.85
99.85
99.85
99.85
99.84
99.85
99.84
99.83
99.83
99.83
99.83
99.83
99.83
99.83
99.81
99.81
99.81
99.83
99.83
99.83
99.83
99.83
99.83
99.84
99.84
99.84
99.84
99.83
99.83
99.83
99.81
99.83
99.83
99.81
99.81
99.81
99.81
99.83
99.83
99.83
99.84
99.84
99.84
99.83
99.83
99.83
99.83
99.83
99.83
99.83
99.84
99.85
99.86
99.86
99.86
99.86
99.85
99.85
99.85
99.85
99.84
99.84
99.83
99.81
99.81
99.81
99.8
99.81
99.83
99.83
99.83
99.84
99.84
99.84
99.85
99.84
99.85
99.85
99.84
99.85
99.85
99.85
99.85
99.86
99.86
99.86
99.86
99.86
99.86
99.86
99.88
99.88
99.88
99.88
99.88
99.89
99.88
99.88
99.88
99.86
99.86
99.88
99.88
99.89
99.88
99.88
99.89
99.89
99.89
99.89
99.89
99.89
99.9
99.9
99.9
99.9
99.9
99.9
99.89
99.89
99.89
99.89
99.89
99.88
99.88
99.88
99.88
99.88
99.89
99.89
99.89
99.88
99.88
99.86
99.86
99.86
99.85
99.85
99.84
99.84
99.84
99.84
99.83
99.83
99.83
99.84
99.84
99.83
99.84
99.85
99.86
99.86
99.88
99.86
99.86
99.86
99.85
99.85
99.85
99.84
99.84
99.85
99.85
99.84
99.83
99.84
99.84
99.83
99.84
99.83
99.83
99.83
99.83
99.83
99.83
99.83
99.83
99.83
99.83
99.83
99.81
99.81
99.8
99.8
99.8
99.8
99.79
99.79
99.79
99.79
99.78
99.78
99.79
99.79
99.8
99.8
99.8
99.8
99.8
99.8
99.81
99.8
99.81
99.8
99.8
99.79
99.79
99.79
99.79
99.79
99.79
99.79
99.79
99.79
99.79
99.79
99.79
99.79
99.79
99.8
99.8
99.8
99.8
99.8
99.8
99.79
99.79
99.79
99.79
99.78
99.77
99.75
99.74
99.74
99.74
99.75
99.75
99.75
99.75
99.75
99.75
99.75
99.75
99.75
99.75
99.75
99.75
99.77
99.77
99.78
99.79
99.78
99.77
99.75
99.74
99.73
99.72
99.7
99.7
99.7
99.7
99.7
99.7
99.72
99.72
99.7
99.7
99.7
99.7
99.7
99.7
99.72
99.7
99.69
99.68
99.68
99.68
99.68
99.68
99.69
99.69
99.68
99.68
99.68
99.67
99.67
99.67
99.67
99.67
99.67
99.65
99.65
99.65
99.65
99.65
99.65
99.65
99.65
99.65
99.64
99.63
99.63
99.63
99.63
99.63
99.63
99.62
99.62
99.62
99.61
99.61
99.61
99.59
99.59
99.59
99.59
99.59
99.61
99.59
99.59
99.59
99.59
99.61
99.61
99.61
99.61
99.61
99.61
99.61
99.61
99.61
99.59
99.58
99.58
99.57
99.57
99.57
99.57
99.57
99.58
99.59
99.59
99.61
99.61
99.61
99.61
99.61
99.62
99.62
99.62
99.62
99.61
99.61
99.61
99.61
99.61
99.61
99.61
99.59
99.59
99.58
99.58
99.58
99.57
99.57
99.56
99.54
99.54
99.54
99.54
99.53
99.52
99.52
99.52
99.51
99.51
99.49
99.49
99.51
99.51
99.51
99.51
99.49
99.48
99.48
99.47
99.47
99.46
99.46
99.46
99.46
99.46
99.46
99.46
99.45
99.46
99.46
99.46
99.46
99.46
99.47
99.46
99.46
99.45
99.43
99.42
99.42
99.43
99.42
99.42
99.43
99.43
99.45
99.43
99.42
99.43
99.42
99.43
99.43
99.42
99.42
99.41
99.4
99.41
99.41
99.42
99.42
99.42
99.42
99.42
99.42
99.42
99.42
99.42
99.42
99.42
99.42
99.42
99.42
99.42
99.42
99.42
99.42
99.42
99.42
99.42
99.42
99.42
99.42
99.42
99.42
99.42
99.42
99.42
99.43
99.43
99.45
99.45
99.45
99.45
99.45
99.45
99.45
99.43
99.45
99.45
99.45
99.45
99.45
99.45
99.45
99.45
99.45
99.45
99.45
99.45
99.46
99.46
99.46
99.46
99.46
99.45
99.45
99.43
99.43
99.42
99.42
99.43
99.43
99.45
99.45
99.46
99.46
99.47
99.47
99.48
99.48
99.49
99.48
99.48
99.48
99.48
99.48
99.47
99.47
99.47
99.48
99.48
99.48
99.48
99.48
99.49
99.51
99.51
99.51
99.51
99.51
99.51
99.49
99.49
99.49
99.51
99.49
99.49
99.49
99.49
99.51
99.51
99.52
99.52
99.53
99.53
99.53
99.53
99.53
99.53
99.53
99.54
99.54
99.54
99.54
99.54
99.56
99.57
99.56
99.57
99.57
99.57
99.58
99.58
99.58
99.58
99.59
99.59
99.58
99.57
99.57
99.57
99.57
99.56
99.54
99.54
99.54
99.54
99.56
99.56
99.56
99.56
99.56
99.56
99.56
99.57
99.57
99.57
99.57
99.57
99.57
99.57
99.57
99.57
99.57
99.57
99.57
99.57
99.57
99.57
99.57
99.57
99.57
99.57
99.58
99.58
99.59
99.59
99.59
99.59
99.59
99.59
99.59
99.59
99.59
99.61
99.61
99.62
99.62
99.63
99.63
99.63
99.63
99.64
99.64
99.65
99.65
99.67
99.67
99.67
99.67
99.67
99.67
99.67
99.67
99.68
99.68
99.69
99.7
99.72
99.72
99.72
99.72
99.72
99.72
99.72
99.72
99.72
99.72
99.73
99.74
99.74
99.75
99.75
99.75
99.74
99.74
99.74
99.74
99.74
99.74
99.73
99.74
99.74
99.74
99.75
99.77
99.77
99.78
99.78
99.78
99.78
99.78
99.78
99.78
99.78
99.78
99.78
99.78
99.75
99.75
99.75
99.75
99.75
99.75
99.75
99.75
99.75
99.75
99.75
99.75
99.75
99.75
99.75
99.77
99.77
99.77
99.77
99.78
99.77
99.75
99.77
99.77
99.78
99.78
99.78
99.78
99.78
99.79
99.79
99.79
99.79
99.79
99.79
99.78
99.78
99.79
99.78
99.78
99.78
99.78
99.78
99.78
99.78
99.78
99.78
99.78
99.78
99.78
99.79
99.79
99.8
99.8
99.81
99.83
99.84
99.84
99.84
99.83
99.83
99.81
99.8
99.8
99.8
99.8
99.81
99.81
99.83
99.84
99.85
99.86
99.88
99.9
99.91
99.91
99.93
99.93
99.94
99.94
99.95
99.95
99.95
99.95
99.95
99.95
99.95
99.95
99.95
99.94
99.93
99.93
99.93
99.93
99.93
99.94
99.94
99.94
99.95
99.95
99.95
99.95
99.95
99.95
99.95
99.95
99.95
99.95
99.95
99.95
99.95
99.94
99.94
99.93
99.93
99.93
99.93
99.93
99.93
99.93
99.93
99.93
99.93
99.94
99.94
99.94
99.94
99.95
99.95
99.95
99.95
99.96
99.96
99.96
99.97
99.97
99.97
99.96
99.96
99.96
99.96
99.96
99.96
99.96
99.97
99.97
99.97
99.97
99.99
99.99
100
100.01
100.01
100.01
100
100.01
100.01
100.01
100.02
100.02
100.02
100.02
100.02
100.02
100.01
100.01
100.02
100.02
100.01
100.01
100.02
100.01
100.02
100.02
100.02
100.02
100.02
100.01
100.01
100.01
100.02
100.02
100.04
100.04
100.04
100.04
100.04
100.05
100.06
100.06
100.07
100.07
100.06
100.06
100.05
100.05
100.05
100.06
100.06
100.07
100.09
100.09
100.09
100.1
100.11
100.11
100.11
100.11
100.11
100.12
100.12
100.12
100.12
100.12
100.12
100.13
100.13
100.13
100.13
100.13
100.15
100.15
100.16
100.16
100.17
100.17
100.18
100.18
100.18
100.18
100.18
100.18
100.18
100.18
100.17
100.17
100.15
100.15
100.16
100.17
100.17
100.18
100.18
100.18
100.18
100.18
100.2
100.21
100.21
100.21
100.21
100.21
100.21
100.21
100.2
100.18
100.17
100.17
100.17
100.17
100.17
100.18
100.2
100.21
100.21
100.22
100.22
100.22
100.23
100.23
100.25
100.25
100.25
100.25
100.23
100.23
100.23
100.25
100.25
100.26
100.26
100.26
100.26
100.25
100.26
100.26
100.26
100.26
100.26
100.26
100.26
100.26
100.26
100.26
100.26
100.26
100.26
100.25
100.25
100.25
100.23
100.23
100.23
100.23
100.23
100.23
100.23
100.23
100.23
100.23
100.23
100.23
100.23
100.23
100.25
100.25
100.25
100.25
100.25
100.25
100.25
100.25
100.23
100.23
100.23
100.23
100.23
100.23
100.22
100.22
100.22
100.21
100.21
100.21
100.21
100.22
100.22
100.23
100.22
100.22
100.22
100.22
100.22
100.22
100.22
100.22
100.22
100.22
100.22
100.22
100.23
100.23
100.25
100.25
100.25
100.25
100.26
100.25
100.26
100.26
100.26
100.26
100.27
100.28
100.28
100.28
100.28
100.28
100.28
100.28
100.28
100.27
100.26
100.27
100.26
100.26
100.27
100.27
100.28
100.28
100.28
100.27
100.26
100.26
100.26
100.26
100.26
100.26
100.26
100.26
100.26
100.27
100.27
100.28
100.28
100.28
100.28
100.28
100.28
100.28
100.28
100.28
100.28
100.28
100.28
100.28
100.28
100.27
100.26
100.25
100.25
100.23
100.23
100.23
100.23
100.25
100.25
100.25
100.26
100.26
100.27
100.26
100.26
100.26
100.26
100.26
100.27
100.26
100.26
100.26
100.26
100.26
100.26
100.26
100.25
100.23
100.23
100.23
100.23
100.23
100.25
100.25
100.25
100.25
100.23
100.23
100.23
100.23
100.23
100.23
100.23
100.23
100.22
100.21
100.2
100.18
100.18
100.17
100.16
100.15
100.15
100.15
100.15
100.15
100.13
100.13
100.13
100.13
100.13
100.13
100.13
100.12
100.12
100.11
100.11
100.11
100.09
100.09
100.09
100.09
100.09
100.09
100.09
100.09
100.1
100.1
100.1
100.1
100.1
100.09
100.09
100.09
100.09
100.09
100.09
100.1
100.1
100.11
100.11
100.11
100.1
100.1
100.1
100.09
100.09
100.09
100.09
100.09
100.09
100.09
100.09
100.09
100.1
100.1
100.09
100.09
100.09
100.09
100.09
100.09
100.07
100.09
100.09
100.09
100.09
100.09
100.1
100.1
100.1
100.1
100.1
100.1
100.11
100.11
100.11
100.11
100.11
100.11
100.11
100.11
100.11
100.11
100.1
100.09
100.09
100.09
100.09
100.09
100.09
100.09
100.09
100.09
100.09
100.09
100.09
100.09
100.09
100.09
100.09
100.09
100.09
100.09
100.09
100.09
100.07
100.07
100.07
100.07
100.07
100.07
100.07
100.07
100.07
100.09
100.09
100.09
100.09
100.09
100.09
100.09
100.1
100.1
100.11
100.11
100.11
100.11
100.12
100.11
100.11
100.11
100.11
100.11
100.11
100.11
100.1
100.1
100.1
100.09
100.1
100.11
100.11
100.11
100.11
100.11
100.1
100.09
100.09
100.1
100.11
100.11
100.11
100.11
100.11
100.11
100.12
100.13
100.13
100.13
100.13
100.12
100.12
100.12
100.12
100.13
100.13
100.15
100.16
100.16
100.17
100.17
100.16
100.17
100.16
100.15
100.15
100.15
100.16
100.16
100.17
100.17
100.17
100.17
100.17
100.17
100.18
100.18
100.2
100.18
100.18
100.17
100.17
100.17
100.17
100.17
100.18
100.18
100.18
100.2
100.2
100.2
100.2
100.18
100.18
100.17
100.17
100.17
100.15
100.15
100.15
100.13
100.13
100.13
100.13
100.13
100.15
100.15
100.15
100.15
100.16
100.16
100.15
100.15
100.15
100.15
100.15
100.15
100.15
100.15
100.15
100.15
100.15
100.15
100.13
100.13
100.13
100.13
100.13
100.15
100.15
100.16
100.16
100.16
100.16
100.17
100.16
100.17
100.16
100.17
100.17
100.17
100.17
100.18
100.17
100.17
100.17
100.18
100.2
100.21
100.22
100.22
100.23
100.23
100.23
100.23
100.23
100.25
100.25
100.25
100.25
100.25
100.25
100.25
100.25
100.25
100.25
100.25
100.25
100.25
100.25
100.26
100.26
100.26
100.26
100.26
100.26
100.26
100.26
100.27
100.27
100.28
100.28
100.28
100.29
100.29
100.31
100.31
100.31
100.31
100.31
100.29
100.29
100.29
100.29
100.29
100.28
100.28
100.28
100.28
100.27
100.27
100.27
100.27
100.28
100.28
100.29
100.31
100.32
100.32
100.33
100.33
100.33
100.32
100.32
100.33
100.33
100.33
100.33
100.33
100.32
100.32
100.32
100.32
100.31
100.31
100.31
100.31
100.31
100.31
100.32
100.32
100.32
100.33
100.32
100.32
100.32
100.32
100.33
100.34
100.34
100.34
100.36
100.36
100.36
100.36
100.36
100.36
100.36
100.36
100.36
100.37
100.37
100.37
100.37
100.37
100.37
100.37
100.37
100.37
100.37
100.38
100.38
100.39
100.39
100.39
100.39
100.39
100.39
100.38
100.37
100.38
100.37
100.37
100.37
100.38
100.38
100.38
100.38
100.37
100.37
100.37
100.37
100.37
100.37
100.37
100.38
100.38
100.39
100.38
100.38
100.38
100.38
100.37
100.37
100.37
100.37
100.37
100.37
100.37
100.36
100.36
100.36
100.37
100.37
100.38
100.38
100.39
100.39
100.39
100.41
100.41
100.42
100.42
100.41
100.41
100.41
100.41
100.41
100.41
100.41
100.41
100.42
100.43
100.43
100.44
100.45
100.45
100.47
100.47
100.47
100.47
100.47
100.47
100.48
100.48
100.48
100.48
100.48
100.47
100.47
100.47
100.48
100.48
100.48
100.48
100.49
100.49
100.5
100.5
100.52
100.5
100.52
100.52
100.52
100.52
100.52
100.52
100.52
100.52
100.52
100.52
100.52
100.52
100.52
100.52
100.52
100.52
100.53
100.54
100.54
100.54
100.54
100.54
100.55
100.55
100.55
100.57
100.57
100.57
100.57
100.57
100.57
100.57
100.55
100.54
100.54
100.54
100.55
100.55
100.57
100.57
100.57
100.57
