311.98
311.95
311.65
311.42
311.3
311.03
311.4
310.19
310.94
311.57
311.25
311.83
311.39
311.14
311.12
310.41
311.96
310.97
311.3
311.9
311.31
311.02
310.71
310.35
311.34
310.65
311.25
311.31
311.32
310.97
311.9
311.35
311.46
310.78
310.63
310.62
311.14
310.88
310.65
310.67
311.26
311.94
310.86
311.03
311.67
311.61
311.37
310.47
311.35
311.39
311.3
311.59
311.43
310.56
309.96
309.96
311.37
311.26
311.03
310.99
311.22
311.56
310.73
310.14
310.37
310.85
310.73
311.11
311.27
311.67
311.63
310.49
310.7
310.6
311.23
311
311.29
310.72
310.24
311.02
310.37
310.59
310.61
309.35
310.08
310.06
308.37
309.84
309.62
309.19
308.5
309.25
310.4
309.78
309.82
309.72
310.26
310.48
309.85
310.18
309.92
310.57
310.13
310.23
310.66
309.86
310.57
309.98
310.45
310.16
309.9
310.18
310.87
308.99
310.91
310.65
310.46
310.28
310.55
310.8
310.47
309.75
310.3
310.32
310.57
310.15
311.16
310.17
310
310.86
311.39
310.43
310.52
310.91
311.11
310.78
311.08
312.12
311.07
310.71
310.37
310.47
311.21
310
309.87
310.45
309.92
310.73
309.16
309.71
310.04
311.23
310.3
311.17
310.81
310.97
310.37
310.52
310.58
310.63
309.65
309.54
310.6
310.23
310.73
311.27
309.93
310.62
310.54
310.38
310.8
310.15
310.85
310.36
310.82
310.41
310.82
311.27
311.11
310.43
310.18
310.04
310.88
310.81
311.77
310.82
310.9
311.5
311.21
310.58
311.24
310.37
310.36
311.03
310.36
310.3
311.49
310
311.47
310.97
311.9
311.65
310.68
311.23
311
310.92
310.56
310.62
310.94
310.94
311.65
311.48
311.85
311.32
311.54
311.12
310.9
310.76
310.84
311.7
311.03
311.69
312.38
311.51
311.55
311.52
311.7
311.14
310.67
311.29
311.18
311.59
310.23
310.63
310.86
310.21
311.78
311.35
311.12
310.24
311
310.65
310.38
310.75
311.66
311.23
311.02
311.55
311.03
310.99
310.21
311.17
310.52
311.54
310.48
311.82
312.32
311.69
312.35
312.98
312.64
312.75
311.6
311.65
311.6
312.38
312.6
312.67
312.9
312.25
312.38
312.55
311.64
312.9
312.25
313.48
312.64
312.69
312.65
312.42
312.18
313.21
312.46
312.71
311.88
312.77
313.53
312.87
313.59
313.21
312.96
313
312.58
312.51
312.59
313.41
312.73
313.72
313.1
313.34
312.82
313.28
312.6
312.76
312.94
313.42
313.65
313.83
313.2
311.98
313.62
313.3
312.5
312.89
313.72
313.61
313.25
314.14
312.69
312.52
313.07
313.7
313.02
312.97
313.07
313.22
313.92
313.58
313.2
314.82
314.21
314.42
313.44
314.54
314.28
314.35
314.72
315.46
314.34
314.93
314.58
314.84
315.19
315.26
315.15
315.37
314.34
314.89
315.7
315.08
316.02
316.28
316.54
316.32
316.66
314.36
315.89
316.07
316.01
316.56
315.4
315.16
315.85
315.86
315.66
316.51
315.94
316.17
316.21
316.56
317.24
315.63
315.33
316.28
315.54
315.27
316.08
316.81
315.97
317
316.27
317.96
316.51
317.04
315.86
316.24
316.91
317.56
316.48
316.77
317.35
316.24
317.15
317.88
317.07
316.8
317.02
317.01
316.56
316.33
315.92
316.79
316.82
317.22
317.01
317.48
317.8
317.75
317.51
316.78
316.92
317.04
317.24
315.79
317.67
318.2
317.02
317.15
317.37
317.38
317.29
318.07
317.49
317.47
316.71
317.51
317.47
317.78
318.23
317.38
317.27
316.47
318.08
317.69
317.81
316.93
318.36
318.16
317.48
318.47
317.85
317.41
318.04
317.81
318.03
317.37
317.75
317.99
318.47
317.79
317.01
317.77
317.67
318.15
317.68
318.15
317.22
316.85
317.37
317.42
317.64
317.37
318.39
317.46
317.95
316.93
317.35
317.66
317.26
317.09
317.36
318.02
318.34
317.73
317.63
317.9
316.41
317.67
316.78
317.35
316.89
317.27
318.4
318.51
318.58
317.93
317.55
318.29
317.87
319.44
318.34
317.67
318.67
317.62
318.94
318.13
318.36
318.09
317.83
317.69
317.3
318.07
316.97
316.7
316.34
316.47
316.17
315.55
316.2
316.76
316.23
316.55
315.4
315.54
316.43
316.32
317.14
316.1
316.43
316.17
316.64
315.93
315.89
315.66
316.16
316.41
316.9
316.01
315.62
316.63
316.16
316.49
316.18
316.18
316.15
317.1
316.06
315.75
315.91
316.11
316.47
315.83
315.96
315.95
315.63
316.1
315.66
314.35
315.9
315.32
314.42
314.9
314.03
313.98
314.4
314.18
314.62
314.94
314.66
313.74
313.89
314.02
313.81
314.36
313.67
314.05
313.56
314.23
314.58
314.13
313.8
313.57
313.69
312.83
314.07
313.46
314.37
313.4
313.39
313.99
314.74
313.3
313.04
313.86
312.87
314.15
313.87
313.89
313.59
314.4
314.97
313.41
313.94
314.14
314.4
314.61
313.55
314.88
314.07
312.94
314.92
314.42
314.31
314.53
314.22
314.73
313.86
314.5
314.56
314.56
314.58
314.88
313.98
313.48
313.32
312.16
312.63
313.63
313.67
313.51
312.77
313.21
313.54
312.65
311.98
312.29
311.29
312.17
311.78
312.43
312.48
312.8
311.79
311.49
312.73
311.95
312.42
312.23
312.28
312.21
311.8
311.91
312.04
312.1
312.53
312.08
312.04
310.92
311.56
312.17
311.6
311.45
311.56
311.69
311.94
312.24
311.72
312.3
311.89
310.91
311.89
311.96
311.91
311.46
311.58
311.32
311.32
311.48
311.51
311.91
311.84
311.92
311.64
311.41
309.66
311.03
310.72
311.27
311.09
310.94
311.31
312.95
310.82
310.22
310.97
311.2
311.25
311.21
311.39
311.72
311.53
311.17
310.59
310.59
310.78
311.44
311.23
310.85
311.14
311.83
310.54
310.91
311.65
310.48
311.52
311.86
311.49
311.17
311
311.09
310.98
310.12
310.35
310.46
310.48
310.22
311.2
309.93
310.93
310.93
310.74
311.04
311.47
310.87
311.01
311.2
311.04
311.47
309.81
310.44
309.91
309.82
309.23
309.86
309.82
309.45
309.21
309.37
310.23
309.86
309.87
310.09
309.85
308.74
309.15
308.15
309.23
309.44
308.04
309.14
309.92
309.29
309.95
309.45
309.1
308.11
308.62
307.56
308.53
307.83
307.63
308.95
308.17
307.79
308.16
307
306.67
306
306.86
306.83
306.42
306.68
306.95
306.58
306.38
306.68
305.74
305.87
306.08
306.01
306.89
306.46
306.94
305.94
306.36
305.73
305.38
305.56
306.17
304.29
305.47
306.16
305.66
305.89
305.17
305.12
305.97
306.51
306.11
306.24
306.6
305.79
305.39
305.65
305.55
306.26
305.43
305.33
304.74
305.22
305.05
304.85
305.93
305.81
305.97
305.99
306.05
304.97
305.69
305.69
306.59
306.44
305.87
306.75
305.86
304.99
305.89
306.25
305.18
305.69
306.03
304.95
305.27
306.36
306.03
305.93
305.77
305.42
305.45
306.45
305.76
305.84
306.27
305.33
306.34
305.54
306.01
306.47
307.15
305.84
306.27
305.53
305.31
305.75
306.38
305.97
305.53
305.72
305.25
305.59
305.44
304.37
305.48
305.79
305.51
306.21
306.49
306.75
306.76
307.04
304.94
305.68
305.68
306.85
306.21
305.17
305.39
305.04
305.56
305.83
305.61
306.04
305.55
305.29
305.38
306.01
305.58
305.73
305.32
304.94
305.02
303.35
305.55
306.14
306.12
306.08
305.86
303.96
306.18
305.89
305.76
306.2
306.34
305.85
306.07
307.19
306.47
305.52
306.39
305.77
305.61
305.34
305.32
305.31
305.8
305.37
305.19
305.89
304.75
307.2
307.62
307.36
307.1
305.92
306.06
306.62
307.78
307.17
306.76
307.62
307.43
307.36
307.14
306.82
306.47
306.47
306.33
306.38
306.8
306.82
307.32
307.43
307.32
306.7
307.01
307.45
308.57
307.78
307.03
306.75
306.47
307.1
307.1
307.26
306.85
307.55
308.05
308.77
308.09
307.55
307.09
307.84
307.88
308.07
308.65
308.85
308.81
308.09
308.43
308.15
308.42
308.3
308.31
308.73
308.76
308.54
308.87
309.34
308.61
308.43
307.65
307.71
308.2
308.11
307.92
309.17
308.92
309.41
308.7
308.58
309.17
308.85
309.32
308.78
309.48
309.03
308.85
308.21
308.69
308.87
310.1
309.8
309.71
309.12
308.56
309.59
308.54
309.51
309.56
310.57
308.92
309.18
308.94
308.99
308.65
308.31
309.08
309.49
308.61
309.44
309.05
308.94
309.68
309.1
309.03
309.29
308.87
309.63
309.9
309.4
309.37
309.14
309.66
309.58
309.31
308.45
309.4
308.79
309.49
308.96
309.61
310.79
309.9
309.78
309.53
309.89
309.61
308.75
309.01
309.33
309.16
309.21
309.42
310.47
309.46
308.71
310.9
309.58
309.51
309.52
310.08
309.79
309.87
309.59
309.06
308.64
308.76
309.08
308.79
309.29
309.1
308.38
308.82
309.02
308.51
308.4
308.73
309.73
308.61
308.93
309.39
309.08
309.74
310.45
310.74
310.02
310.46
310.31
311.07
310.33
311.04
311.32
310.75
311.57
313.12
313.58
314.61
315.09
315.55
316.79
317.43
316.26
315.67
316.98
316.41
316.81
316.17
316.62
317.52
316.72
316.48
317.25
317.01
315.29
316.57
317.32
315.72
317.67
317.55
317.03
317.1
316.88
317.89
317.4
316.7
317.08
317.49
316.89
316.73
316.14
316.49
316.68
317.46
317.27
316.12
316.83
316.24
316.28
316.48
317.02
316.77
316.22
316.68
316.67
316.45
316.09
316
317.01
317.11
316.86
316.23
317.03
317.46
316.59
316.78
317.72
316.29
316.44
316.13
316.51
315.85
316.02
315.94
315.1
314.45
314.81
314.77
313.63
314.16
313.5
314.01
313.78
315.29
313.88
313.57
314.07
315.01
314.79
315.32
314.65
314.28
314.31
314.99
314.93
314.38
314.47
314.34
314.72
314.11
314.69
314.35
313.58
314.19
313.59
313.68
314.22
314.51
315.56
314.88
314.34
313.98
314.69
314.64
314.13
313.81
313.35
313.83
313.15
313.92
313.18
313.62
313.96
313.57
313.24
313.5
313.66
312.72
312.63
312.47
312.81
312.87
312.92
313.42
313.04
313.17
312.48
312.85
313.59
313.46
312.83
311.82
312.61
313.12
312.64
311.92
313.08
312.67
312.37
312.39
312.78
312.72
312.03
312.33
312.21
312.81
313.11
313.01
312.73
312.47
312.87
312.48
311.91
312.26
312.63
312.28
312.71
312.82
312.23
311.78
312.93
313.43
312.72
312.51
312.39
311.69
312.27
312.3
312.5
312.48
312.08
311.39
311.86
312.32
312.54
312.07
312.04
312.55
311.49
311.25
310.91
311.24
310.49
310.95
310.78
310.12
310.17
309.87
309.7
309.83
309.18
309.71
309.67
308.63
308.81
308.87
309.65
309.87
309.71
309.61
309.39
308.59
309.67
309.04
309
308.48
308.18
307.84
309.34
308.85
308.71
308.9
309.32
308.94
308.48
308.09
308.25
308.19
308.5
309.12
309.57
309.23
307.82
308.69
308.56
308.7
308.67
309.41
308.87
307.75
309.72
309.1
308.89
309.51
308.37
307.96
309.16
308.17
307.09
307.66
308.42
308.73
308.2
309.2
308.51
307.11
308.34
308.35
307.74
307.76
308.42
308.5
308.64
309.27
308.32
308.06
308.13
308.13
308.19
308.98
307.7
308.17
307.94
307.86
307.55
308.38
307.86
307.75
308.71
308.52
308.35
308.45
307.31
307.63
307.8
307.48
307.95
308.58
308.14
308.2
307.7
309.14
308.21
308.09
307.29
307.39
308.57
308.22
308.84
308.39
307.89
306.76
308.22
307.83
308.88
308.52
308.2
307.83
307.83
308.49
308.06
308.09
307.49
308.2
308.39
308.43
308.38
308.32
308.06
306.89
307.49
307.89
307.32
306.47
307.32
307.36
307.98
307.88
308.03
307.79
307.9
307.61
307.74
306.91
306.44
306.33
306.61
306.82
307.2
306.9
306.84
306.13
306.41
306.34
306.31
306.01
305.66
305.15
305.39
305.33
306.12
307.25
306.98
305.52
305.76
306.42
305.62
306.93
306.72
306.33
306.15
305.99
305.68
305.54
304.6
305.29
305.92
305.13
305.78
306.32
306.3
306.01
305.09
304.43
305.14
304.45
305.53
305.47
305.24
305.76
305.71
305.24
305.82
305.84
305.91
305.17
306.18
305.93
305.52
305.51
306.57
305.53
304.4
304.32
304.32
305.1
305.36
305.1
305.65
305.57
305.57
305.53
305.4
304.48
304.43
304.13
304.53
304.48
305.05
304.8
305.21
304
304.55
304.36
304.69
304.6
305.14
305.54
304.97
305.33
304.49
304.78
305.35
304.12
304.02
303.56
304.48
303.89
304.27
304.52
304.25
303.53
303.13
303.79
304.23
304.27
303.99
303.92
304.45
304.37
303.68
304.79
303.5
304.7
304.42
304.12
304.05
304.05
304.36
304.57
304
304.13
304.94
305.46
304.68
304.89
304.49
304.86
304.67
303.95
303.35
303.92
304.06
304.21
304.29
304.07
304.19
304
304.09
303.89
304.34
304.29
303.53
303.64
304.27
303.92
303.95
304.49
303.91
303.6
305.83
304.65
304.11
302.78
303.94
304.58
303.74
303.47
303.7
303.49
304.22
303.93
304.46
303.7
303.27
303.72
304.06
303.68
303.93
303.15
304.83
304.12
303.49
303.14
303.71
303.86
303.6
303.73
303.72
304.37
303.19
303.31
304.48
303.39
303.78
304.58
304.69
303.74
303.46
304.01
304.19
303.42
303.72
304.03
303.94
303.52
304.28
303.88
304.32
304.62
305.26
305.43
306.42
304.93
306.09
305.97
305.53
307.58
306.01
306.3
306.44
306.42
306.62
306.33
307.07
306.9
306.26
306.7
306.86
305.95
305.43
306.97
305.37
307.3
306.63
306.59
306.66
306.99
306.44
307.02
307.19
307.3
307.34
306.06
307.25
307.82
308.11
307.82
308.89
308.34
308.85
309.6
307.98
309.51
309.46
308.63
308.93
308.98
309.34
309.53
308.39
309.01
310
309.92
309.79
309.28
309.42
310.05
309.77
309.19
309.85
310.36
310.57
310.97
309.79
310.19
309.9
309.69
310.13
310.75
310.31
310.22
309.68
309.85
310.16
309.41
310.57
309.82
309.6
309.78
309.89
310.44
309.55
309.67
310.36
310.57
310.38
310.4
310.44
310.85
311.28
311.3
310.73
311.2
310.85
310.81
310.98
311.64
312.75
311.53
312.47
312.47
312.53
312.01
312.67
312.81
313.22
312.62
313.41
313.14
312.66
312.69
312.97
312.51
312.63
312.54
313.06
313.02
313.68
312.77
313.19
312.78
312.78
313.18
314.05
313.23
312.31
312.85
311.92
311.46
313.99
313.08
313.53
314.06
313.47
314.8
313.55
314.72
313.98
314.08
313.86
313.91
313.62
313.79
315.44
315.54
315.83
316.1
315.9
316
315.61
315.9
314.65
315.29
315.56
315.89
316.51
316.73
316.16
316.06
316.33
316.18
316.46
316.84
316.42
316.48
316.3
318.08
316.44
316
316.24
315.8
316.47
316.02
315.81
315.98
316.83
317.41
317.53
316.55
315.87
315.76
316.18
316.86
316.69
316.78
316.57
315.98
316.71
315.74
316.48
317.25
316.87
316.91
317.25
317
316
317.3
317.66
316.56
316.06
316.28
316.32
316.58
316.96
316.69
317.16
316.7
316.5
316.34
316.77
316.24
317.32
317.76
316.47
317.15
316.22
317.23
317.03
317.54
316.38
316.61
316.26
315.89
316.61
316.52
317.46
317.48
317.12
317.15
316.62
316.9
317.42
317.18
316.31
317.27
317.9
316.98
318.21
316.84
317.04
316.36
317.06
317.2
316.76
316.97
317.82
318.17
317.71
317.23
317.44
317.49
318.15
317.35
316.6
317.42
317.46
316.87
317.3
317.47
317.26
317.64
316.78
317.65
317.95
317.16
317.09
316.8
316.03
317.4
316.8
316.93
317.95
317.46
317.38
317.02
317.19
316.67
317.01
316.46
317.36
317.4
317.49
316.59
317.68
316.92
317.79
318.25
317.52
318.21
317.3
317.1
316.58
317.34
317.21
316.79
316.77
316.97
317.57
315.81
316.43
316.46
316.39
315.99
316.88
316.13
315.91
316.69
316.06
316.24
316.53
316.3
316.75
316.81
315.49
314.92
314.87
315.31
315.8
314.92
314.92
315.63
315.95
315.2
316.06
315.66
314.71
314.72
315.52
314.91
314.78
315.1
314.1
314.67
314.59
314.33
314.12
313.61
314.86
314.71
315.73
314.62
314.5
314.68
314.85
314.59
314.69
315.17
313.59
313.48
315.04
314.76
313.69
314.68
314.83
314.2
313.81
313.09
313.65
313.69
314.98
314.61
315.25
315.63
313.63
314.55
314
314.37
314.9
314.36
313.78
314.5
314.82
314.67
314.34
313.75
313.9
313.26
313.31
313.18
313.46
314.18
313.52
313.35
313.21
313.22
312.56
311.68
312.65
312.53
314.35
312.93
313.91
312.98
313.8
312.65
312.61
311.81
311.97
313.28
312.69
311.85
312.2
312.68
312.39
311.8
312.06
311.94
311.35
311
311.15
311.02
311.27
311.25
309.9
309.83
310.41
311.35
311.29
312
310.63
311.28
311.76
311.1
310.83
310.53
310.35
310.98
310.29
310.91
309.9
310.62
309.51
309
308.44
308.76
308.84
309.09
309.81
307.5
308.38
307.94
308.71
308.41
307.57
308.87
308.72
308.12
308.63
307.96
307.74
308.66
308.48
308.42
308
308.08
308.22
307.38
308.17
307.64
308.24
307.69
307.44
308.38
306.77
306.81
308.11
306.93
306.88
307.2
308.01
307.56
307.73
306.17
307.64
307.1
306.45
306.53
306.86
306.88
306.86
306.77
307.45
307.09
306.53
306.63
306.77
307.16
306.27
306.91
306.19
306.75
306.15
305.9
306.07
305.43
305.97
306.15
306.58
306.45
306.61
306.58
306.83
306.83
306.1
306.14
305.49
306.02
305.42
305.61
305.86
305.08
305.63
305.19
305.7
305.88
303.75
304.21
304.37
304.32
304.36
304.2
303.56
303.36
303.15
303.11
303.04
302.32
302.17
302.57
301.59
301.15
300.26
300.04
299.24
298.77
299.37
298.34
298.52
298.59
298.47
298.1
297.32
298.01
298.68
297.03
296.84
296.73
298.43
296.28
296.71
297.09
297.02
297.63
297.88
297.7
297.26
297.4
297.24
296.52
296.41
297.25
296.48
297.39
297.3
296.21
297.2
297.5
298.14
297.53
297.17
296.38
296.66
295.84
296.93
296.21
296.52
297.99
297.98
300.01
298.23
298.73
299.21
299.08
299.51
298.3
298.37
298.64
298.64
298.63
297.85
297.96
299.18
298.96
299.24
299.16
299.16
298.41
298.86
299.2
298.84
298.47
298.12
299.27
298.13
298.47
298.1
298.2
299.08
299.19
299.41
300.18
299.9
300.05
300.06
299.61
300.02
300.05
300.1
300.4
300.78
300.78
301.72
300.3
299.84
300.56
300.14
301.11
300.99
300.64
301.25
300.72
300.85
299.82
300.24
300.65
300.83
300.1
300.22
300.82
300.16
300.82
300.74
299.8
299.99
300.5
301.05
300.78
300.32
300.57
300.36
301.11
300.93
300.97
300.42
300.43
300.92
300.3
300.73
300.52
300.82
301.48
300.78
300.93
300.77
301.68
301.64
301.09
301.7
301.43
302.64
303.25
303.04
303.9
304.12
305.06
305.56
305.11
303.84
304.08
305.2
304.56
304.5
304.49
304.58
304.96
303.64
305.1
305.13
304.77
305.28
304.3
305.06
304.76
304.77
304.53
304.89
303.88
304.49
303.96
306.38
305.16
305.25
305.5
304.91
306.25
306.23
307.4
306.19
307.04
306.96
306.66
306.94
307.62
309.14
309.2
310.62
311.8
311.57
310.92
310.74
310.6
308.72
310.34
309.82
309.98
310.64
310.53
311.05
310.87
310.42
310.14
310.2
310.18
310.09
310.46
311.09
310.73
310.74
309.76
309.63
310.12
311.16
310.68
311.33
310.69
310.06
310.47
310.9
311.22
310.92
310.02
310.77
310.71
310.62
310.41
310.34
310.47
310.71
310.08
310.13
310.85
310.69
310.67
310.24
309.94
310.3
310.72
310.05
310.66
312.41
311.91
312.3
312.1
313.82
313.42
313.39
313.57
312.64
314.53
315.37
316.87
317.21
316.24
316.82
317.47
317.51
317.64
317.71
317.68
317.99
317.51
317.65
316.65
316.52
316.46
315.96
317.21
316.97
316.9
317.92
316.93
316.48
316.24
316.59
316.68
316.79
317.73
317.92
317.04
316.78
316.51
317.13
316.07
316.85
316.51
316.96
317.02
317.68
316.98
316.61
316.8
316.41
316.69
317.09
316.46
316.87
317.08
316.32
316.04
315.9
316.69
316.42
315.22
316.67
316.75
316.87
317.12
316.23
316.24
316.06
316.3
316.75
317.61
317.12
316.38
316.49
316.67
315.88
316.13
317.02
317.37
317.33
317.01
317.15
317.12
317.42
317.08
317.91
317.4
317.27
317.02
318.75
317.06
318.11
317.26
317.37
317.28
318.06
318.08
318.02
318.02
318.08
319.05
317.82
317.64
318.36
318.04
317.69
316.4
316.65
316.73
316.48
316.54
316.1
316.56
316.34
315.44
315.62
316.51
316.4
315.49
315.76
315.97
315.3
315.52
315.52
315.39
317.36
316.51
315.32
316.21
315.02
316.28
316.29
316.04
315.13
316.03
316.89
315.18
316.45
316.44
315.94
316.06
315.8
315.19
315.52
315.61
315.58
315.38
316.46
315.01
316
315.66
316.57
316.51
316.48
316
316.3
315.29
315.06
316.51
315.12
315.51
316.07
315.93
315.99
315.77
315.18
313.72
314.59
314.83
315.04
313.61
314.63
314.48
314.81
314.04
314.18
314.18
314.44
313.74
314.07
314.82
313.75
313.56
313.52
313.77
313.67
314.64
314.59
314.81
312.81
314.12
314.25
313.6
313.02
312.91
313.26
312.65
314.31
313.75
314.03
313.52
314.08
312.67
312.5
312.91
312.62
312.4
312.4
313.3
312.57
312.55
312.55
312.48
312.83
312.18
311.8
311.8
311.84
311.84
310.55
311.66
311.13
311.37
310.84
312.07
311.19
310.55
310.68
310.48
310.48
310.4
309.96
310.19
309.26
309.23
309.82
309.58
308.15
308.11
307.55
309.91
308.54
308.2
307.7
307.68
307.63
307.63
307.79
307.93
307.27
307.39
307.84
307.52
307.31
306.61
307.33
307.79
307.9
308.7
308.05
306.77
306.77
307.06
307.74
307.74
308.12
308.12
308.31
308.42
307.41
307.62
306.84
306.84
307.46
308.25
307.51
307.01
307.01
306.52
306.52
307.42
307.42
308.13
308.33
308.33
306.35
307.03
306.78
307.17
307.34
307.21
306.38
307.32
306.42
306.42
307.51
307.51
306.98
306.98
306.68
307.19
306.37
306.92
305.87
306.51
306.27
305.7
307.04
307.04
307.09
307.12
306.62
306.67
306.33
306.69
307.09
307.27
307.27
306.7
306.09
305.99
305.99
305.25
305.47
305.1
305.43
305.24
305.53
304.93
304.93
304.24
303.43
303.83
304.99
305.11
305.53
304.01
304.59
305.4
304.95
304.95
305.19
305.31
304.58
304.86
304.26
304.91
304.68
304.34
304.77
304.33
303.94
303.44
303.36
304.27
303.92
303.4
303.4
303.73
304.12
302.66
303.29
303.24
303.24
303.73
305.13
303.16
303.16
302.45
302.24
302.63
302.66
302.74
303.11
303.09
302.9
303.13
303.2
302.12
301.19
301.94
302.72
302.72
302.3
302.93
302.56
302.73
302.73
301.72
301.01
302.08
302.12
301.22
301.62
300.18
301.28
302.28
301.09
301.73
301.18
301.13
300.43
301
301
300.96
301.34
301.14
300.61
300.61
300.54
300.86
300.68
299.47
299.74
299.47
299.8
299.97
300.16
300.16
299.31
299.3
298.16
298.73
298.73
299.87
298.63
299.13
299.14
298.88
298.53
298.92
297.87
298.46
298.32
299.4
299.22
299.22
299.37
299.35
299.35
298.92
298.21
298.24
299.06
298.56
299
299.12
298.78
298.95
298.95
299.32
297.82
297.82
298.83
298.48
299.11
299.78
298.97
298.76
299.11
299.11
298.7
298.55
298.32
299.65
299.65
300.97
300.97
301.27
301.24
300.94
300.94
301.16
301.8
301.74
302.12
301.37
301.91
301.26
301.45
301.7
301.87
301.39
301.83
301.83
301.69
301.69
301.06
302.17
300.78
301.12
300.64
301.66
301.99
301.9
302.33
301.58
301.58
302.28
302.21
301.63
301.52
301.89
301.54
300.38
302.24
302.29
302.11
301.99
301.99
301.94
301.74
301.97
301.67
301.67
301.85
302.86
302.86
303.16
303.65
304.17
304.27
304.95
304.26
305.58
304.05
304.27
304.51
304.61
304.08
304.08
304.13
305.04
305.66
304.55
305.23
305.03
305.8
305.84
305.86
305.33
305.33
305.61
305.26
305.03
305.03
306.2
305.91
305.45
305.25
305.25
306.01
305.9
305.87
305.81
305.12
305.6
305.18
305.52
305.23
305.69
305.38
305.9
305.9
306.02
305.75
305.18
304.48
305.93
305.6
305.25
306.45
305.62
305.56
305.73
306.1
305.43
306.52
305.28
305.39
305.21
305.75
305.01
306.11
304.86
306.4
305.23
306.65
306.97
306.94
306.88
308.08
307.88
307.02
307.85
307.85
306.95
307.89
306.86
307.48
308.04
306.98
307.94
307.77
309.57
308.01
308.01
308.64
308.38
308.38
308.9
308.04
308.73
307.68
308.37
307.89
308.44
309.16
310.3
310.3
309.79
309.65
309.83
310.12
309.87
310.11
309.79
310.28
310.25
310.03
311
311
311.34
310.1
310.58
311.48
311.39
312.89
312.19
312.19
312.74
312.74
312.5
311.8
311.8
311.77
312.93
312.69
312.75
312.08
312.28
312.42
312.61
312.96
312.59
312.59
312.95
313.6
312.66
312.38
312.18
312.18
312.43
312.6
313.17
313.17
312.8
312.76
313.48
313.06
313.42
313.52
314.13
315.53
313.19
313.6
312.93
314.02
313.74
313.74
314.97
313.6
314.44
314.44
313.9
314.44
313.86
314.78
314.51
314.69
314.69
315.57
315.5
316.14
316.2
315.22
314.38
315.27
313.18
315.19
315.19
316.04
315.26
314.88
314.08
314.08
314.83
314.83
315.91
314.43
314.87
314.87
315.67
315.14
315.15
315.33
315.44
315.38
314.33
315.73
316.28
315.93
315.36
315.41
315.84
315.51
315.56
314.43
315.42
315.74
315.36
315.36
314.37
315.06
314.6
313.94
314.77
314.71
314.93
314.93
315
315.31
315.52
316.12
315.76
314.72
315.81
315.32
315.61
314.76
314.76
314.33
314.33
315.19
315.37
315.54
314.99
315.89
315.61
315.16
315.11
314.25
315.39
315.39
316.3
315.63
315.41
315.73
315.21
314.87
314.44
313.75
313.75
312.98
312.98
313.71
314.25
313.08
313.75
313.75
313.68
313.18
313.81
313.63
314.27
314.27
314.01
314.34
314.56
314.56
314.25
314.68
315.33
314.49
314.63
313.99
314.1
314.54
314.23
314.23
313.92
313.73
314.04
313.12
314.79
314.79
314.84
314.42
313.97
314.67
313.68
313.54
311.91
313.43
313.19
312.67
312.67
312.9
312.83
311.87
311.86
311.84
312.2
311.65
312.12
312.12
311.45
311.83
312.2
312.2
311.9
311.9
311.43
312.14
312.22
312.58
313.28
311.85
311.74
312.13
311.64
311.96
311.95
311.95
312
312.32
312.08
312.23
311.84
312.28
312.28
312.04
311.86
311.6
311.6
311.51
311.77
311.82
312.07
312.07
311.77
311.41
312.47
311.47
311.75
311.82
311.48
311.48
311.36
311.62
310.69
310.69
311
311.51
310.82
311.03
311.03
311.89
311.89
311.62
311.62
311.29
311.44
312.28
312.08
311.9
310.34
310.85
311.97
312.01
311.7
311.36
311.34
311.34
311.02
311.02
311.59
310.58
310.83
311.45
311.59
311.59
310.34
310.54
310.17
310.17
309.87
309.52
309.66
310.43
310.43
309.04
309.95
309.36
309.01
308.79
309.03
309.5
309.5
309.37
309.37
308.68
308.8
308.24
307.95
307.95
308.36
307.35
308.75
308.75
307.09
307.24
308.07
308.06
307.64
307.82
307.85
307.68
308.32
308.32
306.28
306.28
307.36
307.36
306.59
306.28
307.8
306.87
306.87
306.12
307.57
306.27
306.03
306.29
307.37
306.82
306.82
307.23
306.42
306.12
305.2
306.29
306.4
306.09
307.6
306.87
306.75
307.05
307.59
307.59
306.94
307.27
307.2
306.74
306.09
306.09
306.62
306.54
306.52
306.47
306.25
306.45
305.95
306.28
306.45
305.01
306.17
305.49
305.49
306.87
306.79
307.22
306.66
306.11
306.3
307.11
306.85
306.32
306.34
306.99
305.98
307.03
307.28
307.28
306.96
306.96
306.85
306.44
307.31
307.31
306.3
306.79
306.91
306.97
305.99
307.36
307.36
307.5
307.38
307.58
307.08
307.08
306.22
305.58
307.04
306.91
306.6
306.61
307.1
306.5
307.54
307.05
306.56
306.57
306.79
306.6
307.29
307.29
306.36
306.36
306.61
306.58
307.13
306.68
307.52
306.31
306.26
306.3
305.42
305.79
305.09
305.56
305.45
304.53
305
305.5
305.67
305.56
306.13
305.19
304.32
304.91
305.24
305.23
304.47
304.35
305.09
304.5
304.1
304.46
303.96
304.03
303.56
304.14
303.62
304.02
304.37
303.74
304.22
303.68
303.82
303.35
302.65
303.12
303.44
303.8
303.58
304.17
303.55
302.36
303.19
302.6
302.88
302.63
302.79
302.96
303.26
302.19
303
303.11
302.81
303.03
302.5
303.23
302.57
301.87
302.33
302.68
303.27
303.83
303.26
303.31
302.93
303.52
302.92
303.18
302.78
302.84
302.98
302.86
303.53
303.51
302.78
302.09
302.13
303.91
303.91
303.36
303.36
302.18
302.21
303
302.31
301.11
300.9
302.84
303.92
304.34
302.22
301.73
302.55
302.54
302.83
302.96
302.96
302.83
302.23
302.23
302.65
302.44
302.95
302.74
302.74
302.71
302.79
302.28
303.3
303.45
303.36
303.57
303.12
303.12
303.4
304.33
303.82
303.76
302.22
302.22
302.93
302.91
302.74
302.69
302.97
302.64
303.2
303.14
303.13
302.97
302.55
302.93
303.12
302.7
303.4
303.73
304
303.24
303.3
303.7
303.14
303.48
304.25
303.36
303.76
302.95
303.54
303.11
303.27
303.08
303.69
303.48
302.7
303.21
303.45
303.51
303.44
302.74
303.54
303.06
302.93
303.59
303.51
303.09
302.93
302.55
303.24
302.79
303.54
302.76
302.25
302.91
303.83
303.83
303.01
302.25
303.07
303.35
303.99
303.5
303.5
303.54
303.05
303.11
302.42
302.32
303.58
303.7
302.4
302.4
302.36
303.54
304.48
301.69
302.93
301.71
303.61
304.61
305.34
305.23
305.68
305.07
305.29
305.54
305.76
305.62
306.47
306.18
306.18
305.1
305.69
305.79
305.1
305.1
305.1
304.91
304.85
305.57
305.25
304.27
305.74
305.7
305.46
304.93
303.93
305.06
304.16
304.11
305.12
305.12
304.98
305.01
305.53
305.55
304.92
304.62
304.57
306.15
306.54
306.42
307.04
306.19
306.19
306.41
306.12
306.73
306.2
306.32
307.51
307.33
305.98
305.21
305.93
305.66
305.96
306.03
306.71
306.98
307.1
307.61
305.65
307.68
306.68
307.1
307.11
306.94
307.81
308.02
308.14
307.32
307.27
307.73
307.96
308.11
307.9
307.95
308.36
308.51
308.17
308.69
307.29
306.17
308.24
308.27
308.5
308.12
307.91
308.54
308.73
307.78
306.89
307.91
307.65
307.58
307.2
307.34
308.64
308.48
308.17
308.41
307.73
307.52
308.09
308.52
307.49
307.85
308.18
307.74
308.41
308.09
308.65
308.91
308.28
308.56
308.76
309.29
309.08
309.68
309.64
310.36
311.35
310.98
310.54
308.88
310.33
310.65
310.72
311.39
310.42
310.35
310.61
310.49
311.33
310.72
310.7
311.28
310.35
311.42
311.09
311.67
311.82
311.4
311.57
311.66
311.68
311.02
310.26
310.24
311
311.2
310.33
310.59
311.09
310.56
310.64
310.81
310.59
310.41
311.69
311.61
310.74
311.59
311.46
311.62
311.5
311.66
311.58
310.44
310.5
311.11
310.98
311.29
311.8
310.76
310.76
310.98
310.98
311.2
311.43
311.53
311.51
311.25
310.8
310.8
310.98
311.26
311.53
310.88
310.88
311
311.01
311.08
310.77
311.19
311.65
311.88
309.92
312.08
312.08
311.36
311.35
311.29
311.58
311.58
310.97
311.81
311.71
311.12
311.64
311.75
311.86
311.53
311.62
312.12
311.19
311.19
311.49
310.93
311.03
311.34
311.66
310.88
310.79
310.99
310.96
310.89
310.71
311.03
311.1
311.5
311.5
311.48
311.13
311.32
310.79
311.24
311.76
311.42
311.43
309.56
311.03
309.94
310.35
310.41
310.63
311.49
311.67
312.1
311.33
311.32
311.57
310.71
311.71
311.17
311.25
311.02
311.1
311.95
311.04
311.04
311.04
310.46
310.41
310.67
311.91
310.32
311.25
310.75
311.11
311.66
311.85
311.2
311.09
311.49
311.78
310.93
310.66
311.54
311.28
311.28
311.52
310.95
311.76
312.28
312.26
312.65
312.13
312.43
313.87
312.84
312.91
312.91
312.52
312.73
313.43
313.33
313.8
313.8
313.09
313.69
312.94
313.22
313.61
313.89
314.08
313.82
313.94
313.42
313.9
313.72
314.01
313.39
313.94
313.44
314.44
314.44
314.16
314.12
313.96
314.41
314.19
314.69
313.87
315.32
315.37
314.98
314.4
315.17
315.06
315.24
314.16
314.16
315.09
314.18
314.55
314.48
314.8
314.73
314.89
314.39
314.5
314.31
314.4
314.23
314.06
314.78
314.79
314.18
313.95
313.45
314.09
315.39
315.39
314.91
314.16
314.16
313.99
314.66
314.66
313.99
314.76
314.08
315.05
315.22
313.88
314.34
314.82
314.54
314.54
315.09
314.45
314.47
314.47
315
314.39
315.13
315.44
315.44
315.05
315.05
315.26
314.76
312.98
314.48
314.7
315.3
315.2
314.16
314.38
315.02
314.93
314.93
314.51
314.51
315.1
314.98
314.79
314.99
314.68
314.88
314.73
314.53
314.53
314.55
314.84
314.88
314.69
313.44
314.68
315.13
314.72
314.18
314.14
314.29
313.68
313.75
313.53
313.53
313.81
314.4
313.87
313.79
313.1
313.3
313.31
313.81
312.61
313.04
313.38
312.61
313
312.95
312.94
312.82
312.82
312.79
312.79
313.21
313.53
313.98
313.98
313.95
313.61
313.74
313.09
313.23
313.37
312.97
313.13
312.96
313
313
312.59
312.79
312.4
312.05
312.05
312.24
312.24
312.66
313.53
313.18
311.79
311.12
312.38
312.64
312.64
312.55
312.55
312.39
312.39
311.94
312.32
312.05
311.05
311.05
311.73
312.89
311.76
311.24
311.24
312.18
312.7
312.76
312.92
311.62
311.26
311.38
310.89
310.75
311.52
311.52
311.61
312.15
311.82
312.01
312.01
312.26
311.38
311.38
311.24
311.56
311.81
311.58
311.14
310.8
310.29
310.65
309.88
309.88
309.97
311.1
310.13
310.03
310.46
310.29
310.29
310.44
310.52
309.54
310.49
309.71
309.9
310.55
310.25
310.25
310.3
309.67
309.67
309.54
309.63
309.39
308.96
309.39
308.62
309.56
308.67
308.75
308.43
309.07
308.98
308.4
308.7
308.7
307.86
307.86
307.82
307.81
308.11
308.12
307.83
307.24
307.18
307.01
307.27
307.24
307.78
306.52
306.58
306.86
306.32
306.42
306.37
306.37
306.17
306.59
306.68
305.84
306.49
306.49
306.15
306.42
306.42
307.08
306.34
307.24
305.29
305.29
305.1
306.28
306.2
306.04
306.18
306.23
306.64
307.45
306.87
305.47
306.17
306.17
305.86
305.53
305.9
305.66
306.49
306.49
306.23
306.3
305.75
305.43
306.34
304.83
305.86
305.74
305.74
305.88
306.28
305.92
306.07
306.01
306.8
306.8
306.47
305.6
305.6
305.22
305.05
305.42
305.42
305.24
305.65
305.74
305.71
305.3
306.06
306.01
305.85
305.59
304.91
305.43
305.43
305.82
305.82
304.95
305.14
305.22
305.66
306.18
305.54
304.99
304.95
305.82
305.96
305.96
304.85
304.4
304.79
305.79
305.45
304.62
305.64
305.46
305.72
305.21
305.21
305.4
305.4
305.3
305.67
306.3
305.83
306.11
306.4
305.51
305.89
305.97
305.57
306.17
306.48
306.48
306.61
306.61
306.33
306.33
306.08
306.28
306.29
305.83
306.08
305.95
306.21
306.48
307.15
306.27
306.18
306.05
306.25
305.33
305.89
305.89
305.88
306.03
306.33
306.27
305.92
305.37
305.95
305.39
305.7
306.12
306.26
306.27
306.27
306.23
305.94
305.72
305.09
305.93
305.9
305.23
305.87
306.63
306.54
306.47
306.14
306.39
305.87
306.02
306.6
305.79
306.94
306.77
306.15
306.15
306.43
306.15
306.32
306.32
306.83
305.98
305.21
305.84
305.84
306.07
306.11
306.54
306.36
306.39
305.88
306.23
306.22
306.57
305.53
305.68
306.06
306.07
306.41
305.9
305.9
306.42
305.81
305.81
305.97
306.33
306.06
306.32
306.12
306.12
305.9
305.38
305.48
305.27
305.19
305.84
306.15
305.98
305.98
306.04
305.98
306.16
305.88
304.96
304.56
305.35
305.91
306.36
305.74
305.74
305.6
305.56
305.24
305.24
305.87
305.32
305.88
305.7
306.81
306.4
305.3
305.24
304.83
305.69
306.54
306.07
306.07
306.09
305.15
307.14
305.48
305.77
305.41
305.9
305.9
306.11
306.46
306.3
306.21
305.9
306.03
305.55
305.31
305.4
305.94
306.65
306.78
305.87
305.83
305.83
306.37
306.17
306.34
306.34
306.15
306.93
308.15
308.15
307.56
308.48
308.56
308.16
308.16
308.43
308.43
308.35
309.02
309.02
308.42
309.1
308.48
308.35
309.28
309.28
309.15
308.93
308.5
308.5
307.95
307.88
308.3
308.39
308.18
308.02
307.62
307.91
308.46
308.18
308.58
308.16
309
308.46
308.46
308.82
308.99
308.9
309.15
309.15
309.43
307.27
307.46
308.33
307.42
308.02
308.1
307.8
308.17
307.86
308.95
308.95
308.41
308.48
308.33
308.33
308.6
308.11
307.97
308.04
308.04
307.97
308.8
308.24
308.29
307.77
308.53
308.1
307.46
307.75
308.49
308.8
308.2
308.58
308.14
308.14
306.8
306.8
308.97
308.7
307.91
307.91
308.54
309.06
309.01
309.01
308.86
308.76
309.29
309.89
309.61
309.87
309.51
309.68
309.88
310.02
309.22
308.28
308.75
308.77
309.23
309.79
309.79
309.29
310.17
310.17
310.62
310.5
312.73
311.58
311.58
311.44
311.07
311.4
310.24
312.21
312.21
312.74
312.29
312.6
311.84
312.38
313.35
312.86
313.33
312.63
312.89
312.89
313.13
314.05
314.05
313.69
312.79
313.02
313.04
313.04
313.26
312.09
312.08
312.47
312.56
312.47
313.22
313.22
313.01
313.01
313.92
313.92
312.46
313.44
312.41
313.24
313.04
313.04
313.06
311.14
311.55
312.73
313.27
312.93
313.68
313.77
313.72
313.72
313.18
313.19
313.14
313.14
312.7
313.42
313.86
311.03
312.66
313.17
313.07
313.08
312.61
312.61
313.34
312.66
313.31
313.68
314.6
313.37
313.2
312.87
313.77
313.42
313.58
313.77
313.08
313.41
312.93
313.51
313.27
313.61
313.45
313.45
312.97
313.23
313.64
313.84
314.25
313.1
313.25
312.44
312.59
312.99
312.99
312.42
313.47
313.54
314.41
314.82
314.26
313.31
313.9
313.66
313.49
313.93
313.93
313.32
314.7
314.7
313.47
313.47
313.54
314.56
312.93
313.78
314.29
314.29
313.91
312.93
313.16
313.63
311.97
313.24
313.24
313.79
313.79
313.91
314.79
314.95
314.29
314.59
314.14
313.06
314.5
314.73
314.73
313.73
314.57
314.57
313.81
313.81
314.48
314.71
315.48
313.73
313.73
314.21
313.19
313.15
313.53
313.53
314.68
314.79
314.87
314.81
314.17
314.17
314.23
314.62
313.92
314.04
314.42
314.39
314.71
314.22
314.54
314.71
314.61
314.27
314.66
314.66
314.23
314.7
314.7
314.97
314.36
314.5
314.54
314.54
313.73
313.93
314.54
314.45
314.12
314.34
314.33
314.33
315.01
315.01
314.93
315.21
314.73
314.73
315.59
314.75
314.97
314.76
314.71
315.06
315.24
315.24
314.71
314.68
313.94
314.89
314.37
314.75
315.6
315.6
316.02
314.25
314.25
314.36
314.12
313.9
314.16
314.02
313.69
313.69
312.96
312.87
312.9
313.2
313.23
313.04
314.27
315.35
314.16
313.44
313.77
312.89
312.83
312.83
312.41
314.19
314.19
313.63
313.55
311.98
312.76
312.76
312.92
312.26
312.42
312.23
311.59
312.22
311.73
312.26
312.26
310.73
310.73
312.03
311.95
311.84
311.47
311.62
311.37
311.61
312.31
312.12
312.12
311.82
311.52
311.52
312.05
312.05
311.44
311.22
311.82
311.82
310.49
311.97
312.06
311.72
312.16
311.16
311.16
310.79
310.86
310.86
310.72
311.18
310.99
311.12
311.47
311.25
310.99
310.08
310.64
310.64
312.17
311.89
310.96
311.41
310.81
310.91
310.16
310.76
310.76
310.22
310.31
310.03
310.86
310.61
310.54
311.25
310.49
310.24
309.75
309.75
310.44
310.9
309.84
309.84
310.27
310.27
310.59
310.01
310.68
310.68
310.82
309.95
310.32
310.78
310.96
310.96
310.18
310.65
311.14
310.41
310.41
310.5
310.19
310.05
309.95
310.63
310.21
309.64
309.64
310.31
309.83
309.83
309.03
309.25
309.18
309.12
309
309
309.09
307.7
307.7
306.95
307.94
307.07
306.93
306.76
307.02
307.05
306.5
305.41
305.39
305.84
305.27
304.63
306.75
305.75
305.29
305.29
304.79
304.51
304.87
305.84
306.08
306.08
306.32
305.04
305.6
305.84
305.43
305.86
304.75
304.75
305.83
305.69
305.39
304.18
304.74
304.74
305.04
306.01
306.01
305.29
305.16
306.21
304.91
305.09
305.69
305.47
305.47
305.78
305.04
305.28
304.55
304.6
305.03
305.01
305.01
304.31
305.47
305.22
305.3
305.35
304.49
304.49
304.98
304.31
305.06
304.66
303.59
304.26
304.68
305.08
304.47
305.12
305.12
304.58
304.42
304.54
305.06
304.64
304.08
304.21
304.52
305.2
304.1
304.27
304.99
304.99
305.56
304.37
304.46
303.59
303.87
305.03
305.19
303.12
303.04
303.97
305.58
304.63
302.89
305.19
304.39
304.09
304.09
304.35
306.84
308.09
306.48
307.33
307.24
307.01
306.51
306.45
306.63
306.07
306.44
306.75
306.49
306.15
306.53
306
307.12
306.7
306.39
306.07
305.3
305.58
306.63
306.31
306.19
306.71
306.38
306.38
306.92
306.92
305.95
306.31
306.31
306.37
306.15
305.85
305.85
306.16
306.69
306.46
306.65
306.13
306.13
305.58
306.3
306.17
306.17
306.35
307.21
307.12
307.05
307.13
307.13
307.23
306.58
305.97
306.6
306.6
307.22
306.94
305.61
305.61
306.5
306.64
307.14
306.32
305.92
305.83
306.12
305.96
305.96
306.71
306.2
306.08
306.44
305.82
306.35
306.2
306.01
307.72
307.72
307.39
307.86
307.89
307.67
308.09
307.04
306.85
307.09
307.39
307.08
307.24
306.88
307.03
307.88
307.3
306.79
308
307.69
306.28
307.83
307.21
307.29
307.39
307.27
308.77
308.41
308.49
308.09
307.52
307.47
307.3
307.59
307.56
308.05
308.59
308.74
308.31
308.4
308.61
308.01
309.49
308.8
308.68
310.17
308.45
308.01
308.11
308.91
307.88
309.02
308.87
309.65
308.97
308.58
308.97
309.61
309.19
309.63
309.35
309.49
309.88
310.1
310.59
310.51
310.33
309.97
310.43
310.37
309.65
309.84
310.01
310.51
310.22
311.31
309.99
310.29
309.86
311.1
310.85
312.03
312.04
312.05
312.54
311.42
312.33
313.03
312.42
313.05
313.29
313.34
314.02
313.42
313.9
314.65
315.09
314.85
314.46
314.25
313.95
314.3
314.37
314.04
314.5
314.9
314.76
315.14
315.15
314.88
314.68
314.59
314.46
313.86
313.91
315.21
314.72
314.93
314.54
314.81
314.21
314.58
313.91
314.94
315.38
315.23
314.74
314.3
314.67
314.84
315.51
314.74
314.92
314.89
314.77
314.74
314.26
313.92
314.07
314.03
314.18
314.42
315.03
315.34
315.56
314.69
315.02
314.52
315.02
315.01
315.1
314.92
315.39
315.41
314.12
313.97
314.9
314.6
315.24
315.57
315.46
315.79
316.06
314.84
315.09
314.34
315.31
315.49
315.66
314.64
315.36
315.83
315.61
316.28
315.81
315.78
315.69
315.73
315
315.35
315.99
316.18
316.21
315.77
315.57
315.3
315.65
315.6
315.64
315.48
315.9
315.18
316.13
315.86
314.81
315.9
315.13
315.63
315.31
315.94
315.71
315.54
315.12
315.36
315.89
315.93
316.13
315
315.33
315.72
314.99
316.16
314.97
315.75
315.55
315.3
315.46
316.23
315.5
315.46
315.53
316.14
315.71
316.39
316.36
315.43
315.7
315.38
315.74
315.81
316.45
315.85
315.23
315.04
315.36
315.72
314.9
315.08
314.33
315.43
314.54
314.91
315.65
316.14
315.23
316.23
315.98
315.59
315.42
315.35
315.33
315.64
315.72
315.81
315.63
315.32
315.96
315.01
315.74
315.04
315.32
315.79
316.31
315.93
315.16
315.15
315.77
315.24
315.98
315.81
315.89
316.08
315.04
315.35
315.91
315.59
315.6
315.15
314.97
314.64
314.8
315.52
314.61
315.06
314.84
314.36
315.11
315.53
315.17
314.23
315.27
315.71
315.24
314.72
314.93
314.73
314.93
315.71
314.34
314.8
313.92
315.58
315.15
314.87
314.95
314.07
314.59
315.15
315.12
314.29
314.56
315.57
315.09
315.2
315.18
314.91
315.09
314.49
314.49
315.31
314.95
313.55
314.21
314.78
313.82
313.87
315.33
313.97
313.79
314.33
312.89
313.84
312.44
312.29
313.35
313.62
312.59
313.35
313
313.14
313.78
313.1
312.58
314.09
312.69
313.26
312.52
312.44
313.48
312.83
312.65
312.74
312.69
312.08
312.63
313.91
313.33
313.9
313.09
313.87
312.7
312.66
312.94
313.2
313.18
313
312.93
313.57
313.53
312.65
312.97
313.17
312.81
313.07
313.56
313.54
314.5
313.02
313.81
313.67
313.15
313.46
313.42
313.46
312.78
313.72
313.66
313.41
313.1
313.6
313.44
313.88
313.34
313.18
313.07
312.76
313.4
313.27
312.81
312.91
313.19
312.37
312.46
312.04
312.76
312.06
312.67
312.48
312.52
312.41
312.11
312.06
312.37
312.35
311.75
311.48
311.12
311.23
312.37
311.5
311.36
312.17
311.95
311.92
312.05
311.78
311.39
310.7
310.88
311.34
311.63
311.29
311.88
310.91
311.53
311.72
311.31
311.54
312.21
311.76
311.56
311.48
310.68
312.48
310.88
310.89
311.35
311.37
311.48
310.69
311.89
310.93
311.33
310.95
310.73
311.57
310.69
311.73
311.19
310.52
310.5
311.71
311.75
311.82
311.8
311.28
310.79
310.3
310.31
310.31
310.48
310.41
311.29
310.49
310.51
310.15
310.35
310.41
309.89
309.41
309.29
309.88
309.21
309.19
308.26
307.46
308.48
307.89
307.83
307.53
308.03
308.2
306.94
307.68
308.68
309.13
308.56
308.27
308.53
307.44
307.97
308.03
307.28
307.7
308.44
308.04
308.2
307.42
307.18
307.25
307.67
307.25
306.88
307.03
306.71
307.34
308.13
307.22
307.5
307.01
307.14
307.44
307.3
306.82
307.61
307.72
307.82
307.93
307.62
307.36
308.7
307.6
307.12
307.44
307.48
306.9
306.99
307.25
308.11
307.56
306.85
307.14
307.2
306.83
306.32
307.03
306.51
306.05
305.92
306.87
306.2
306.09
307.39
307.03
307.38
307.78
308.52
307.85
307.22
308.05
307.71
307.04
307.26
306.27
306.67
306.68
306.88
307.37
306.6
306.77
307.05
306.42
307.05
307.47
306.92
306.5
307.11
306.7
306.34
307.31
306.86
306.53
306.5
307.06
307.1
306.81
307.73
306.73
306.72
306.77
306.51
306.6
305.92
306.77
306.93
307.2
307.42
307.03
307.04
306.96
307.06
306.82
306.59
306.94
307.27
307.39
307.22
307.09
306.64
307.53
307.1
306.82
307.45
306.63
306.9
306.63
306.44
306.13
306.32
306.37
306.46
306.47
305.77
307.22
307.19
306.25
306.94
306.29
306.94
306.95
306.11
306.26
305.32
306.34
305.6
307.12
306.44
306.66
306.95
307.22
306.65
307.01
306.65
307.02
305.92
305.91
306.04
305.69
305.9
306.48
306.41
306.03
307.19
306.56
306.6
306.09
305.87
307.26
306.13
307.1
307.23
306.33
306.47
307.2
307.05
307
306.49
306.35
305.94
306.49
306.71
306.56
306.09
306.6
306.67
307.68
306.94
307.26
307.34
307.98
307.18
307.82
307.32
306.7
306.49
306.71
306.5
306.39
305.75
306.77
307.59
306.85
306.28
306.3
306.05
306.51
306.6
306.57
306.41
306.47
306.79
306.88
306.11
306.49
306.07
306.85
305.08
306.43
306.71
305.38
305.48
305.87
306.22
306.3
306.53
305.94
306.33
305.97
306.09
306.12
305.64
305.9
306.05
306.31
306.33
304.3
304.69
305.7
306.26
306.11
307.17
308.61
308.37
306.94
308.79
309.45
309.03
309.15
309.32
309.21
309.86
308.58
309.39
308.64
309.84
309.1
309.38
308.52
309.14
308.9
309.35
308.94
309.76
310.16
309.79
308.53
308.91
308.91
308.87
307.33
308.16
308.6
307.95
308.35
309.42
309.69
308.4
308.67
309.32
308.68
308.74
309.04
309.43
309.34
309.41
309.28
309.22
308.93
309.55
309.85
309.11
309.26
309.47
310.51
309.7
308.97
309.21
309.49
308.6
309.23
308.79
308.66
309.04
309.08
309.02
309.02
309.18
309.41
309.39
309.62
309.89
309.5
308.83
308.89
309.24
308.99
309.11
309.94
309.67
309.31
309.13
308.9
309.73
307.92
309.58
309.97
308.4
309.17
308.94
309.56
310.28
309.8
309.2
309.39
309.76
309
308.72
309.08
310.23
309.04
309.75
310.04
309.62
309.74
310.12
310.6
310.97
310.32
310.75
310.74
311.33
310.31
311.34
311.07
310.15
311.57
311.77
311.59
312.45
311.8
311.18
311.9
311.77
311.88
311.79
313.95
312.54
312.16
311.79
312.41
312.24
312.47
312.04
312.28
312.69
312.9
311.88
311.77
312.93
312.56
311.94
311.93
312.04
312.2
311.75
312.05
312.18
312.2
311.27
311.16
310.99
311.75
311.22
311.33
312.03
312.58
312.71
312.03
312.42
312.21
311.94
313.07
312.85
313.08
312.69
313.05
312.93
313.12
313.32
313.36
313.12
313.13
312.98
313.73
314.18
313.3
313.89
313.41
314.29
314.31
314.05
314.16
313.14
313.41
313.48
313.96
314.16
313.96
314.11
314.11
313.72
313.35
313.9
313.51
314.03
313.01
313.72
314.18
314.11
314.14
314.14
313.68
313.68
313.24
313.42
313.27
313.75
313.54
313.63
313.17
313.4
314.29
313.64
313.25
312.81
312.87
313.59
313.92
313.2
312.82
313.13
313.59
313.14
313.45
313.79
313.94
313.29
313.69
313.18
313.06
313.34
313.66
314.47
314.09
313.29
313.07
312.65
313.73
313.03
313.07
312.7
313.16
313.29
313.64
313.96
313.51
312.97
313.61
313.2
312.79
313
313
312.68
313.07
313.19
312.68
312.85
313.58
312.25
312.83
313.38
313.49
313.97
313.57
312.83
312.94
312.87
312.24
313.81
312.83
313.1
313.76
313.36
313.03
312.66
312.88
313.24
313.2
312.95
313.03
312.6
312.6
312.89
313.07
312.78
313.28
313.36
312.79
312.9
312.2
313.49
313.02
312.48
312.83
313.17
312.79
313.05
313.62
313
312.88
313.23
313.01
313.73
312.9
312.9
312.75
312.86
313.33
312.94
312.88
314.3
312.99
313.4
313.65
313.21
311.86
313.53
313.84
313.72
313.88
312.25
312.72
313.02
313.06
313.18
313.26
312.64
312.99
313.36
312.9
313.48
313.69
313.34
313.38
312.84
313.39
313.34
312.76
313.22
312.92
312.85
312.51
312.66
313.42
312
312.42
312.07
312.48
312.76
312.56
311.83
312.46
312.01
311.82
312.12
311.48
311.44
310.79
311.55
310.85
311.67
311.08
311.05
311.77
310.56
311.27
311.57
311.25
311.44
310.83
311.22
311.49
310.35
310.86
310.79
311.53
311.8
312.07
310.88
311.15
311.08
310.62
310.92
310.63
309.88
309.85
310.14
309.86
310.36
311.22
310.48
310.47
310.12
309.39
309.55
310.08
310.07
309.62
309.99
310.29
309.9
310.14
310.34
309.97
309.69
309.56
310.01
310.99
310.03
310.14
309.83
310.03
310.27
310.01
310.06
309.83
309.82
309.93
309.28
308.95
309.43
309.38
308.63
309.49
309.49
309.08
309.34
308.27
309.38
309.15
309.76
310.05
309.96
308.85
309.6
309.93
310.12
309.08
309.77
308.39
309.16
310.24
309.83
309.85
309.62
309.3
309.9
309.66
308.98
309.09
309.61
308.25
308.45
308.82
309.11
309.36
308.62
309.74
309.64
309.54
308.57
308.65
308.76
309.03
308.53
307.57
307.67
308.29
308.19
308.31
308.04
309.46
309.67
308.52
308.19
309.41
308.79
308.42
308.5
308.7
307.84
307.67
308.61
307.8
308.01
307.76
307.35
307.61
307.35
306.9
307.3
306.71
307.12
307.54
308.12
306.43
307.3
307.41
306.8
307.16
307
307.73
307.48
307.17
306.3
307.13
306.86
306.85
307.82
308
306.08
307.04
307.26
307.53
307.25
306.62
306.3
307.04
307.38
306.97
306.98
306.81
306.7
306.15
306.83
307.55
306.83
306.38
306.53
306.66
306.59
306.32
307.19
307.13
306.98
305.7
307.81
307.08
307.02
306.91
305.93
308.08
306.4
305.71
306.46
306.6
306.32
306.69
306.96
306.87
306.78
306.52
306.02
306.86
306.01
306.09
306.23
306.63
307.02
306.58
306.97
306.69
306.72
306.89
307.09
306.67
306.64
306.97
306.68
306.88
306.9
306.44
306.39
306.28
306.19
306.56
306.41
306.67
306.18
306.67
306.55
306.91
307.02
305.95
306.27
306.45
305.85
306.32
306.38
306.34
306.6
306.07
306.72
306.58
305.78
307.38
307.43
307.15
307.35
306.3
307.09
307
306.76
306.92
306.4
306.15
307.48
307.04
306.44
306.17
306.16
305.74
305.74
306.57
306.04
306.31
305.84
305.87
305.81
307.83
305.7
305.72
305.91
305.63
305.95
306.58
306.94
306.11
306.44
305.78
306.4
305.93
305.38
305.86
307.05
306.08
305.39
306.2
306.55
306.4
305.67
305.95
306.09
307.59
306.39
306.28
306.69
306.44
306.88
306.78
306.11
306.37
306.45
306.52
306.6
306.44
306.71
307.62
306.45
306.93
307.1
306.76
306.84
306.82
306.98
307.18
306.6
305.78
306.86
306.56
307.11
307.8
307.82
307.07
307.73
307.32
307.54
308.48
307.69
307.59
307.37
307.95
307.68
307.88
308.31
308.05
307.76
307
307.52
308.01
306.79
308.09
307.56
308.34
307.48
307.34
307.8
306.96
308.68
307.69
309.22
307.72
308.12
308.12
308.32
307.03
306.95
307.27
308.53
308.47
307.81
308.42
307.24
308.62
307.96
308.38
307.75
307.65
307.2
307.18
306.77
309.41
307.26
308.33
308.17
308.49
308.14
307.31
308.15
306.9
307.11
306.02
307.09
308.31
308.44
308.21
309.14
307.55
307.84
308.53
307.8
308.23
308.4
307.93
308.52
309.02
308.94
308.69
307.99
308.15
307.56
307.61
307.87
307.8
307.75
307.79
307.65
308.2
307.94
306.81
307.42
307.59
308.16
308.24
308.64
308.16
307.92
307.52
307.72
307.73
308.91
308.47
308.03
308.05
308.11
307.55
307.45
307.47
307.45
307.97
308.68
308.33
308.13
308.35
309.54
309.67
309.61
309.6
308.48
309.56
309.63
309.4
308.76
309.53
309.85
309.05
309.75
309.62
309.08
309.39
308.46
309.12
309.84
309.31
309.12
310.07
309.46
309.53
309.2
309.27
309.06
309.01
309.56
309.09
308.88
309.64
308.77
308.78
308.53
309.08
308.86
309.45
309.25
308.95
310.47
310.02
310.11
309.88
309.68
309.48
308.52
310.62
309.14
310
310.14
309.92
310.16
310.59
310.51
310.55
310.76
310.33
310.98
310.82
310.65
311.29
310.2
310.98
311.53
310.72
311.11
310.47
310.82
310.57
310.75
310.87
310.7
309.77
310.25
310.46
310.94
310.14
310.87
310.14
310.27
310.29
310.63
311.24
311.14
310.29
309.9
310.97
310.81
310.26
310.22
310.48
310.72
310.2
309.95
310.18
310.9
311.28
310.44
310.24
309.39
309.34
309.32
310.12
310.78
310.82
310
311.14
311.31
311.63
311.83
311.52
311.24
312.21
311.61
311.81
311.99
311.74
311.85
311.76
312.58
312.33
312.22
312.88
313.03
312.61
312.79
312.96
313.2
313.21
313.51
312.98
312.99
312.49
312.12
312.95
312.05
313.46
313.1
313.15
313.43
313.01
312.36
312.52
312.53
314.26
312.1
312.52
312.31
312.29
313.03
313.24
312.66
312.74
312.08
312.19
312.53
312.6
313.26
313.06
312.93
312.89
312.56
313.59
312.6
312.47
312.54
312.73
311.63
312.3
310.91
312.02
312.7
312.26
311.91
312
311.43
311.42
312.59
312.5
312.56
312.61
312.82
312.52
312.56
311.24
312.09
311.81
312.33
312.41
312.79
312.81
312.13
312.72
313.59
312.96
312.61
313.46
313.48
313.72
313.94
314.27
313.05
313.7
314.21
314.21
314.69
314.65
315.28
314.54
315.73
315.48
315.84
315.18
314.82
314.63
314.34
314.94
315.29
314.81
314.93
314.87
316.62
314.54
315.4
315.2
315
316.22
315.97
315.54
315.42
315.28
315.35
316.18
315.71
316.11
316.23
316.14
316.35
316.64
316.86
316.44
316.33
317.04
315.8
315.52
316.55
315.98
315.51
317.06
316.65
316.49
316.11
316.37
315.9
317.42
316.37
315.47
316.05
315.65
316.7
316.76
316.2
315.96
316.8
316.21
316.56
316.34
316.7
315.15
316.18
315.84
316.1
316.23
315.61
316.01
315.04
315.24
314.58
315.31
314.86
314.43
314.69
315.66
315.48
315.57
315.41
315.72
316.57
315.99
315.11
315.46
314.96
315.53
314.69
316.48
315.99
315.66
315.71
315.55
315.25
315.07
314.76
315.47
315.75
315.58
315.91
315.62
315.89
315.2
314.87
315.51
315.91
314.83
315.42
316.01
315.85
315.87
315.5
317.2
314.19
314.96
315.2
316.5
316
316.16
315.86
315.78
316.71
316.68
316.71
316.37
315.49
315.69
316.18
316.51
315.94
316.1
315.12
315.7
316.38
315.97
316.81
316.02
315.68
316.19
315.12
315.16
315.17
313.2
315.08
314.37
314.75
313.81
315.26
314.25
314.81
314.87
314.19
314.86
315.13
314.28
312.94
313.53
314.32
313.64
314.3
314.51
314.34
314.19
314.25
314.49
314.71
313.67
315.25
314.13
314.08
313.97
313.91
314.54
314.74
313.86
313.49
313.86
313.54
313.69
313.88
313.64
314.16
314.02
313.79
313.79
313.82
313.21
313.71
313.96
313.42
313.01
312.77
313.27
313.27
312.69
313.17
312.68
313.58
312.81
312.86
312.6
312.77
313.38
312.75
311.96
311.8
311.68
312.13
312.44
312.39
312.49
311.62
312.22
311.9
311.51
311.94
312.03
311.71
312.16
312.19
312.46
311.46
311.44
311.32
311.85
311.39
312.33
312.03
311.94
311.5
311.59
310.77
310.27
310.79
311.03
311.64
311.25
310.03
311.45
310.42
310.16
310.88
310.62
310.6
310.88
310.59
309.36
310.74
310.83
310.52
310.2
310.42
310.07
311.01
310.88
310.57
310.83
310.83
311.54
310.91
311.01
310.6
311.33
310.62
310.88
310.53
310.88
311.58
310.92
311
310.21
310.27
309.69
309.54
309.99
309.35
309.6
309.03
309.35
308.72
308.21
308.87
308.49
307.56
307.61
306.54
305.93
306.42
305.73
305.52
305.18
305.2
305.64
306.41
306.01
305.92
306.48
305.82
306.37
305.95
305.4
305.69
305.39
305.92
306.15
304.94
306.43
306.24
305.92
305.93
304.96
305.62
305.83
305.95
304.94
305.68
304.95
304.04
305.53
305.35
306.05
306.16
305.79
305.1
305.75
305.42
306.16
305.62
305.88
306.34
306.56
306.72
305.39
305.06
305.61
306.01
306.53
306.37
306.72
305.93
306.05
305.96
305.59
305.17
304.54
305.64
306.08
306.52
305.75
306.16
304.41
305.66
305.48
305.05
305.22
304.82
305.14
305.21
304.91
305.06
305.6
305.69
305.52
304.5
304.95
304.59
305.1
305.07
304.8
305.09
305.05
304.73
303.47
302.86
303.89
304.42
303.61
302.95
303.33
302.42
302.61
302.94
303.03
303.41
303.79
303.42
303.97
304.4
303.87
304.4
303.47
303.26
303.47
303.64
303.53
304.1
303.45
303.28
302.17
302.36
302.68
302.87
302.49
303.03
303.14
301.83
301.46
301.67
301.83
302.02
301.78
302.7
301.81
301.75
301.9
302.06
301.54
302.26
301.77
300.16
301.2
301.52
301.75
301.11
301.4
301.17
301.77
300.14
301.04
301.17
300.55
299.25
300.75
300.29
301.17
300.35
300.2
300.91
300.06
299.97
300.25
300.29
300.75
300.01
300.1
300.13
300.22
299.9
300.09
300.05
300.47
299.24
299.44
299.66
300.76
300.18
299.46
300.19
300.12
299.57
299.42
299.39
299.99
300.22
299.91
300.08
299.78
300.42
299.58
300.12
299.69
299.19
299.35
300.01
300.09
300.31
300.58
299.72
300.02
299.78
299.37
299.13
299.3
299.54
299.7
299.47
300.31
299.81
300.08
299.23
299.03
298.58
299.11
298.44
300.06
300.05
300.77
299.73
300.3
301.24
300.23
299.35
299.98
299.8
300.51
299.51
300.16
300.34
299.02
300.23
300.2
300.55
300.8
300.62
299.97
299.8
300.13
299.99
300.42
299.14
300.06
300.31
300.74
299.85
300.84
300.44
300.25
301.3
300.96
301.29
301.05
301.37
301.32
300.53
301.22
300.65
302.05
300.95
300.22
301.22
301.05
300.99
300.97
301.39
301.47
301.18
301.16
301.26
301.09
300.86
301.26
300.99
301.5
301.06
301.12
302.45
302.12
301.51
302.6
302.99
302.22
302.3
302.63
302.73
304
303.95
303.58
303.92
303.48
303.22
303.06
303.44
303.84
303.94
304.3
304.01
303.96
304.12
304.77
304.45
303.89
303.84
303.97
302.82
303.67
303.65
304.68
304.15
304.31
304.3
303.02
303.38
302.86
304.12
304.61
303.57
305.06
302.39
303.89
303.88
304.68
304.33
304.63
303.98
304.4
303.27
303.74
304.95
304.92
305.03
304.33
304.34
304.68
303.8
304.92
305.05
305.16
303.84
303.72
304.29
303.89
303.45
303.92
303.84
304.8
303.58
303.84
303.97
303.6
303.72
304.96
304.15
304.68
303.65
304.74
304.77
305.96
305.93
305.29
305.76
304.82
304.95
305.72
305.02
304.78
305.03
304.91
305.92
305.86
305.23
304.79
305.13
305.6
305.14
305.09
305.32
305.44
305.31
305.68
305.8
305.89
305.92
305.74
306.5
306.4
305.41
305.45
305.77
305.05
306.06
305.8
305.92
306.54
306.88
305.71
306.14
305.47
306.27
306.22
305.5
306.51
305.92
306.46
306.19
307.06
307.33
306.26
307.11
307.17
306.33
306.81
306.34
306.84
305.76
306.98
307.49
307.29
307.02
307.88
308.04
308.43
307.86
307.83
307.77
306.24
306.31
307.75
307.47
308.35
308.56
308.42
308.46
309.32
308.18
308.68
308.71
309.61
310.18
309.62
310.07
309.49
310.02
309.08
309.46
309.66
308.83
309.41
309.74
309.64
310.06
308.87
308.75
310.51
311.35
310.03
310.38
310.75
309.53
310.68
310.12
310.25
310.42
310.5
310.38
310.49
310.6
310.98
311.88
311.1
310.46
311.68
311.34
311.12
310.88
311.69
311.09
311.79
311.5
311.53
312.64
311.77
311.79
311.94
311.77
311.44
312.1
310.75
311.86
312.72
312.14
311.91
311.8
312.42
311.27
310.96
310.62
310.12
311.36
311.15
312
311.16
312.1
312.47
311.6
312.34
312.13
312.72
311.1
311.27
311.51
311.91
312.2
312.38
312.13
312.07
311.76
311.11
310.89
312.39
311.23
311.33
311.97
311.91
311.26
311.43
312.36
311.93
311.46
311.72
312.01
311.63
311.87
311.31
310.54
311.37
311.65
312.08
312.83
311.89
311.6
311.6
311.63
313.07
312.04
311.85
312.67
313.49
312.26
311.64
311.86
311.75
311.53
311.79
311.7
311.96
312.18
311.28
312.58
312.1
311.33
312.14
312.23
312.23
311.77
311.69
311.31
311.95
311.68
312.49
313.24
313.76
313.56
312.27
312.21
312.8
311.7
311.08
312.43
311.87
311.93
312.4
312.53
312.04
311.21
311.07
310.46
310.82
310.8
311.73
312.03
312.18
311.21
310.25
310.95
310.82
310.72
311.28
309.73
310.42
311.08
310.51
310.37
311.05
310.6
311.72
311.45
311.52
311.59
312.57
311.75
311.65
312.04
310.46
310.94
311.78
311.38
312.23
312.15
311.79
312.32
311.48
311.81
311.27
312.28
311.46
311.57
311.9
312.06
311
310.68
311.51
311.55
311.46
310.77
311.48
310.85
310.88
311.09
311.25
310.42
310.47
310.29
311.34
311.11
310.86
310.47
311.2
310.5
310.88
311.01
311.8
311.2
311.24
310.09
310.74
309.76
310.47
310.43
310.33
310.28
310.73
311.05
310.65
310.25
309.57
310.21
310.58
310.22
310.19
310.99
308.74
310.7
310.81
310.3
310.24
310.47
310.41
310.34
310.5
309.93
310.27
310.38
310.13
309.95
309.63
310.3
310.14
308.54
309.07
309.08
309.54
309.75
310.89
309.52
309.2
309.47
308.75
310.01
309.77
310
308.73
309.37
308.99
309.11
309.26
309.65
310.08
309.98
309.3
308.91
308.95
308.6
309.1
309.87
308.85
308.61
310.06
309
309.61
309.16
309.8
308.51
308.68
308.86
308.15
309.37
309.22
309.77
309.81
309.44
309.14
308.43
308.77
308.58
307.88
307.77
307.33
307.88
307.86
307.9
307.66
307.58
307.42
307.49
306.76
306.09
306.63
306.28
306.53
306.92
306.33
306.19
305.97
304.74
305.3
304.59
304.99
305.07
305.72
305.55
305.8
304.92
305
305.45
304.73
305.23
306.18
305.16
305.88
305.5
304.78
305.24
304.87
305.12
304.89
305.21
305.25
304.41
305.23
305.48
305.85
305.27
305.22
305.72
305.19
306.03
306.18
305.76
306.15
306.18
305.36
304.76
304.73
303.73
303.76
304.35
305.16
305.22
305.53
305.61
304.72
304.44
304.45
304.9
305.04
305.12
305.59
305.08
304.42
304.32
304.2
304.59
303.28
303.48
303.01
303.91
302.46
302.61
302.33
302.96
302.92
302.28
301.8
302.03
302.04
301.31
301.55
301.8
302.13
301.75
301.13
301.78
301.41
301.6
301.38
300.53
301.68
300.62
299.79
300.66
300.38
300.83
300.27
301.57
300.91
301.21
300.43
300.19
300.11
300.67
301.6
300.69
300.49
300.21
300.46
300.53
300.73
300.85
300.36
300.6
301.05
300
301.18
300.62
301.05
299.99
300.18
300.05
300.72
300.84
301.36
302.57
301.27
300.02
300
299.75
301.06
300.38
300.13
300.51
300.5
300.01
300.19
301.79
301.12
300.09
299.64
300.68
299.86
299.95
300.13
300.99
301.1
299.93
298.73
299.47
300.22
299.65
299.26
300.55
300.69
299.53
300.24
300.36
300.06
298.91
299.94
299.97
300.09
300.18
300.46
300.17
300.22
300.18
300.21
299.78
300.63
299.78
300.14
299.54
299.81
299.81
299.64
299.43
299.97
300.1
300.72
299.66
299.62
300.67
300.19
299.74
299.46
299.53
299.56
299.91
300.18
299.47
300.03
299.24
299.72
299.88
299.9
299.58
299.73
299.65
299.63
299.91
298.53
299.35
298.99
298.47
298.48
298.25
299.07
299.13
299.48
299.63
299.42
299.48
298.96
299.11
298.87
299.3
299.24
298.54
299.07
298.86
298.9
298.93
299.15
299.96
299.48
298.64
298.82
299.34
298.29
298.17
298.08
299.06
299.66
299.7
299.39
299.21
298.92
298.78
298.87
298.52
298.39
298.69
299.17
299
298.15
299.32
298.15
300.18
299.34
298.5
298.26
298.82
299.02
298.82
298.18
298.42
298.37
298.3
298.32
299.69
299.57
299.38
298.33
298.51
299.15
300.55
299.57
299.68
299.43
299.62
299.53
300.56
300.27
300.64
300.43
301.17
300.52
300.65
300.23
300.84
301.74
302.3
301.83
301.82
302.73
302.16
302.06
301.73
301.76
301.84
301.86
301.69
302.08
302.17
302.24
302.58
302.67
301.72
302.01
302.36
301.99
301.4
301.82
300.82
301.73
301.5
301.41
301.58
302.45
302.96
301.79
302.06
302.33
302.41
302.16
301.89
301.89
301.19
301.24
301.66
301.72
301.17
302.22
301.25
301.59
301.65
301.97
300.19
301.01
301.59
301.5
301.67
300.99
302.67
301.72
302.93
302.53
303.21
302.72
303.35
303.6
301.86
302.12
303.07
303.03
302.7
303.56
303.83
303.63
303.39
302.98
303.34
303.36
304.11
303.46
303.12
303.48
302.79
304.07
304.86
303.09
303.58
303.36
302.73
302.99
303.52
303.58
303.1
303.02
302.72
303.32
303.01
303.76
304.17
304.08
304.72
303.98
304.36
305.11
304.93
304.9
304.7
305.83
307.07
306.71
308.42
308.12
308.12
308.94
309.35
308.97
307.55
309.01
308.73
308.21
308.21
308.86
308.7
308.68
308.98
308.51
308.07
306.51
308.41
309.22
307.71
308.02
308.5
308.42
307.51
307.29
307.83
308.73
308.99
309.8
308.12
308.79
308.79
307.78
307.79
308.1
308.77
308.73
308.6
308.93
308.38
308.8
308.29
307.75
308.91
309.14
309.24
309.62
309.1
308.42
308.05
308.37
308.56
308.97
308.36
308.56
308.54
309.09
309.69
307.69
308.85
308.53
307.39
307.74
307.26
307.6
308.64
309.88
308.59
308.28
307.69
308.35
308.55
308.04
309.09
309.52
309.84
308.75
309.05
309.71
309.76
310.03
311.09
309.51
311.47
313.02
313.29
312.83
314.08
313.91
314.13
314.04
314.13
314.21
314.85
314.41
314.52
314.44
313.8
313.78
312.98
312.88
313.5
313.3
314.46
313.71
313.8
313.1
313.51
312.96
314.57
314.14
314.03
314.48
314.52
314.43
313.73
314.72
314.41
315.86
314.53
314.21
314.88
313.45
313.95
314.3
313.95
314.15
314.46
314.82
314.25
314.73
314.68
315.12
315.05
314.17
314.53
314.3
313.89
313.41
314.62
314.97
315.1
315.11
314.23
314.22
314.21
313.83
314.53
314.84
315.1
314.88
314.42
314.56
314.29
314.91
314.52
314.12
315.37
314.91
315.04
314.18
314.58
315.12
314.36
313.97
314.34
315.95
314.69
314.41
314.72
315.24
315.41
314.94
315.16
314.81
314.74
314.5
315.36
314.13
314.8
313.67
314.68
313.89
314.68
314.83
315.2
314.76
314.61
314.99
314.39
314.81
314.66
315.05
314.21
315.27
315.07
314.63
314.86
314.73
315.18
315.15
315.27
315.04
315.18
315.62
315.85
315.03
315.51
314.66
315.58
315.14
313.43
313.04
313.59
315.08
313.74
313.58
313.67
313.6
313.52
312.91
312.53
312.62
313.51
313.59
313.45
312.66
313.48
313.63
314.37
314.16
313.28
313.15
313.83
314.66
313.25
312.28
312.78
313.45
313.18
312.89
313.88
312.67
313.97
312.61
313.67
313.46
312.99
314.05
313.42
313.14
312.33
312.61
312.86
312.52
313.25
313.42
313.2
312.94
312.53
313.16
313.2
312.51
312.54
313.52
313.48
313.31
312.4
312.71
311.75
311.5
311.79
312.19
311.78
311.81
311.06
311.32
311.45
311.41
311.21
311.17
310.86
311.22
310.36
310.95
310.59
311.29
311.4
310.58
310.9
310.45
310.16
310.16
310.58
310.89
309.47
310.25
310.03
310.01
310.4
309.68
309.6
309.71
309.52
310.23
310.56
310.61
309.69
309.51
309.32
308.99
310.01
310.49
309.91
309.29
310
309.47
309.78
309.21
309.35
309.63
309.03
309.52
309.25
308.59
309.45
308.6
309.06
309.23
308.37
309.21
309.09
308.95
309.57
309.46
309.89
309.02
308.96
308.52
308.29
308.58
309.58
308.99
309.68
309.01
308.62
308.61
307.89
308.15
308.16
308.52
308.87
308.49
307.64
307.87
307.57
308.08
306.96
307.35
307.62
306.77
307.6
307.66
308.25
307.74
307.28
307.43
306.19
306.48
306.74
307.23
306.89
307.57
306.89
306.48
306.44
306.79
305.98
305.65
306.26
305.35
307.01
306.12
306.37
305.77
305.87
306.6
305.84
306.02
305.45
305.6
306.69
306.65
307.31
306.54
305.85
306.53
305.99
306.89
306.72
305.93
305.92
304.86
305.25
306.05
305.76
306.3
305.71
305.89
306.04
305.9
306.14
305.48
305.73
305.79
304.96
304.94
304.41
304.6
304.1
305.25
304.46
304.64
303.09
305.31
303.89
303.32
303.3
304.29
303.51
302.69
303.37
304.32
304.11
302.9
303.23
303.13
303.28
303.04
303.72
302.1
301.92
303.22
303.3
302.49
302.45
301.7
302.01
302.31
302.22
301.81
302.46
301.09
301.02
301.52
302.78
301.86
302.07
301.92
301.47
301.96
302.79
302.26
302.37
301.9
302.04
301.94
301.89
301.27
300.93
300.59
301.67
300.97
301.82
301.99
301.77
301.47
301.84
301.78
301.51
302.06
301.48
301.39
301.53
301.64
301.09
301.83
302.1
301.5
301.06
301.51
301.57
301.42
300.87
301.25
301.06
301.51
300.6
300.94
301.37
301.79
301.56
301.38
301.62
301.82
301.19
301.51
301.38
301.36
301.81
301.51
300.22
300.45
300.41
301.59
301.66
301.59
301.19
301.21
300.52
301.45
301.36
301.16
300.99
300.84
300.72
300.83
301.3
301
300
300.79
300.56
300.84
301.25
300.75
301.04
301.05
301.27
301.06
300.67
300.98
300.96
300.93
300.31
300.96
300.47
300.83
301.18
301.22
302.3
300.49
301.94
301.38
300.9
301.55
300.07
300.77
300.45
301.23
302.25
301.42
301.71
301.81
300.98
301.21
301.08
301.55
302.81
300.78
301.47
300.81
301.73
301.97
301.18
302.3
301.97
301.96
301.82
301.51
301.68
301.98
301.07
302.77
302.94
303
304.16
303.64
303.33
303.06
303.24
303.09
304.2
304.19
303.54
303.8
304.26
303.95
303.93
303.64
303.04
303.12
303.72
303.77
302.79
302.94
303.61
303.2
303.04
303.62
302.88
303.05
303.13
303.16
303.51
303.08
303.12
302.94
303.39
304.77
303.62
304.32
303.61
303.65
302.14
304.28
306
304.87
304.16
303.97
304.05
304.49
303.7
303.41
304.39
304.19
304.24
303.76
303.45
303.39
303.94
303.9
303.68
303.66
303.96
304.44
304.08
305.25
305.96
305.54
304.62
304.47
304.76
305.2
305.26
304.97
305.28
304.71
304.73
305
304.54
305.05
304.32
304.95
305.28
305.19
305.1
305.3
304.42
304.91
304.9
303.89
304.66
305.48
305.58
305.77
305.13
305.3
305.77
305.58
305.78
304.08
305.6
305.43
305.58
305.12
305.96
306.56
305.86
306.31
305.66
306.24
306.24
305.99
305.67
306.7
306.42
305.47
306.71
306.67
306.01
306.16
306.17
307.25
307.06
305.87
305.99
306.12
307.16
306.68
306.12
306.23
306.12
306.93
307.45
306.4
307.11
307.07
307.28
306.81
306.56
306.69
306.65
306.24
307.54
306.67
306.43
306.12
306.82
307.14
306.97
306.37
307.19
307.88
307.69
308.17
307.52
307.18
306.67
306.56
307.56
307.67
308.44
307.82
307.94
307.59
308.84
309.11
309.75
