-5.7
-5.42
-5.67
-5.66
-5.32
-5.36
-5.39
-5.26
-4.82
-4.96
-5.07
-4.28
-4.58
-5.52
-5.24
-6.1
-6.68
-6
-5.12
-5.33
-5.33
-5.52
-5.52
-6.03
-5.49
-5.78
-5.82
-5.56
-5.17
-5.73
-6.31
-6.02
-6.18
-6.13
-5.52
-4.94
-4.98
-5.34
-5.01
-5.09
-5.09
-5.48
-5.24
-5.72
-5.53
-4.99
-4.89
-5.68
-5.44
-5.56
-5.83
-5.32
-5.87
-6.94
-7.51
-7.03
-7.24
-6.95
-6.32
-5.88
-5.76
-5.72
-5.88
-6.21
-6.12
-5.43
-5.92
-6.6
-6.75
-6.34
-6.83
-6.51
-6.51
-6.31
-6.37
-5.4
-5.82
-5.78
-5.44
-5.95
-7.17
-7.18
-6.71
-7.31
-7.51
-6.89
-6.79
-6.76
-6.76
-6.64
-6.92
-6.95
-6.75
-7.05
-8.02
-8.24
-8.76
-9.25
-9.21
-8.05
-7.98
-8.13
-7.44
-7.59
-7.35
-6.77
-6.63
-6.8
-6.8
-7.21
-7.19
-7.01
-7.07
-7.31
-7.71
-7.89
-7.43
-8.11
-8.35
-7.26
-7.6
-7.71
-7.29
-7.26
-7.26
-7.23
-6.81
-6.29
-6.73
-6.34
-6.78
-7.69
-7.37
-6.61
-6.37
-6.42
-6.16
-6.65
-6.35
-6.23
-5.86
-5.86
-5.5
-4.54
-4.6
-4.61
-4.66
-4.51
-4.44
-4.66
-4.47
-4.72
-5.37
-5.16
-4.94
-4.78
-4.66
-4.67
-4.67
-4.29
-3.77
-3.9
-4.24
-3.63
-3.99
-4.23
-4.34
-4.15
-5.13
-5.42
-5.25
-5.86
-5.63
-5.46
-5.24
-5.47
-4.97
-4.69
-5.15
-5.61
-5
-5.7
-5.81
-5.59
-5.03
-5.24
-4.38
-4.32
-4.85
-5.27
-5.25
-5.49
-5.49
-5.89
-5.89
-5.7
-5.67
-5.31
-5.33
-5.36
-5.38
-5.52
-6.11
-6.12
-5.91
-5.9
-6.1
-5.74
-5.72
-6.17
-5.91
-5.48
-5.88
-5.54
-4.73
-5
-5.32
-5.22
-5.17
-5.8
-6.15
-6.1
-6.32
-6.2
-6.06
-6.53
-7.35
-7.35
-7.17
-6.83
-6.61
-5.8
-5.76
-5.86
-5.63
-5.78
-6.3
-6.47
-5.87
-5.55
-5.35
-5.05
-5.2
-5.65
-5.65
-5.45
-6.08
-6.44
-6.15
-6.19
-5.97
-5.96
-6.19
-6.4
-6.25
-6.29
-6.68
-6.96
-6.59
-6.39
-6.39
-5.61
-5.27
-5.58
-6.25
-5.39
-5.4
-5.34
-4.67
-4.87
-4.96
-4.98
-4.76
-4.78
-5.08
-4.51
-5.01
-5.01
-5.49
-5.09
-5.37
-5.72
-5.28
-5.77
-6.28
-5.72
-5.81
-6.19
-5.97
-5.36
-5.9
-5.25
-4.82
-5.05
-5.33
-5.59
-5.7
-5.95
-5.63
-4.88
-5.26
-5.57
-4.9
-5.43
-6.01
-5.9
-5.95
-6.38
-6.62
-5.56
-5.31
-5.49
-5.61
-5.61
-5.79
-6.12
-5.86
-6.14
-6.19
-5.68
-5.81
-6.04
-6.08
-6.03
-6.39
-6.14
-5.57
-5.27
-5.81
-5.79
-5.79
-6.16
-6.32
-6.2
-5.99
-5.74
-5.42
-5.86
-6.18
-6.12
-6.09
-5.72
-5.5
-5.07
-5.29
-5.26
-5.01
-5.01
-5.93
-5.7
-5.66
-5.99
-6.39
-5.88
-5.81
-5.64
-5.01
-5.02
-5.7
-6.25
-6.03
-5.24
-4.73
-4.08
-4.75
-4.75
-5.48
-5.38
-4.98
-4.63
-3.73
-4.15
-4.24
-3.71
-3.82
-4.48
-4.74
-4.5
-4.92
-4.83
-4.36
-4.99
-5.1
-4.64
-5.35
-6.05
-6.22
-6.02
-5.77
-5.76
-5.06
-5.88
-6.47
-6.06
-6.31
-6.72
-6.35
-5.94
-6.12
-6.12
-5.24
-5.82
-6.48
-6.83
-6.89
-7.55
-7.32
-6.49
-6.72
-7.08
-6.74
-6.86
-7.25
-7.15
-6.32
-6.15
-6.15
-5.98
-6.2
-6.2
-5.96
-5.47
-5.96
-6.1
-5.95
-7.26
-7.23
-6.78
-6.49
-6.18
-5.9
-5.45
-6.16
-6.16
-6.15
-6.63
-6.8
-6.66
-6.94
-7.67
-7.6
-6.7
-6.55
-6.87
-5.9
-5.64
-6.39
-6.47
-6.2
-6.42
-6.5
-6.21
-6.34
-7
-7.04
-7.22
-7.62
-7.09
-6.27
-6.53
-7.26
-7.29
-7.79
-8.07
-7.31
-7.31
-6.18
-5.95
-5.15
-4.82
-4.15
-3.46
-3.56
-4.05
-3.99
-3.47
-3.43
-3.62
-2.92
-2.75
-2.35
-2.24
-2.24
-3.13
-3.62
-3.57
-3.94
-4.08
-3.35
-3.23
-3.37
-3.28
-3.14
-3.95
-4.09
-3.01
-3.66
-4.17
-4.13
-4.13
-4.66
-4.78
-4.78
-4.03
-4.53
-3.79
-4.23
-4.51
-4.89
-4.5
-4.92
-5.05
-4.97
-4.57
-4.97
-4.46
-4.19
-4.55
-4.11
-4.11
-3.8
-4.2
-3.46
-3.16
-3.98
-4.18
-4.19
-4.24
-4.33
-4.06
-3.62
-3.8
-3.34
-3.35
-3.24
-3.09
-2.9
-3.39
-4.02
-4.06
-4.06
-4.01
-3.53
-2.82
-3.45
-3.6
-3.6
-3.77
-4.79
-4.92
-4.91
-4.76
-4.1
-4.4
-4.68
-3.99
-3.09
-2.97
-2.61
-2.9
-3.23
-4.18
-4.38
-3.62
-3.84
-4.1
-3.72
-3.37
-3.71
-3.48
-3.48
-3.29
-4.03
-3.48
-3.78
-3.32
-2.82
-2.44
-2.56
-2.93
-3.2
-4.1
-4.69
-4.53
-5.1
-5.1
-5.11
-4.73
-4.8
-4.91
-4.27
-4.73
-4.87
-4.77
-5.02
-5.61
-5.8
-5.71
-5.58
-5.57
-4.55
-3.74
-3.74
-3.53
-3.95
-4.73
-5.02
-4.52
-4.86
-5.01
-4.88
-5.41
-5.49
-5.21
-5.09
-6.01
-5.95
-5.25
-5.88
-6.06
-6.13
-6.13
-7.28
-7.23
-6.58
-6.24
-5.7
-4.81
-4.84
-5.65
-5.88
-5.83
-6.39
-6.54
-5.73
-5.49
-5.38
-4.54
-4.54
-5.43
-5.8
-5.68
-5.7
-5.64
-5.01
-5.22
-5.34
-4.74
-4.89
-5.31
-5.39
-4.57
-4.32
-4.74
-4.66
-5.13
-5.13
-5.14
-5.24
-5.2
-5.36
-4.99
-5.33
-5.62
-4.74
-4.58
-5.44
-5.59
-5.39
-6
-5.59
-4.61
-4.58
-4.62
-4.11
-4.36
-4.9
-5.24
-5.14
-5.1
-4.9
-4
-3.94
-4.35
-4.65
-4.77
-5.09
-5.09
-5.05
-4.54
-4.54
-4.15
-3.52
-4.07
-4.1
-3.55
-3.88
-4.07
-4.24
-4.52
-4.43
-4.58
-4.44
-4.45
-4.06
-4.06
-3.97
-4.45
-3.83
-3.8
-4.31
-4.72
-4.4
-4.15
-3.67
-3.65
-3.62
-3.75
-3.67
-3.34
-3.91
-4.23
-4.23
-4.55
-4.39
-3.87
-4.44
-4.79
-4.18
-4.27
-4.94
-5.73
-5.72
-6.44
-6.63
-5.37
-5.04
-4.85
-4.6
-4.74
-4.92
-4.5
-4.12
-4.65
-5.05
-5.06
-5.14
-5.17
-4.98
-4.16
-3.94
-4.23
-3.96
-4.84
-6.04
-5.77
-5.77
-5.51
-6.73
-6.5
-6.76
-6.94
-6.74
-6.45
-6.9
-7.05
-7.28
-7.68
-8.42
-7.97
-8.17
-8.11
-6.96
-6.39
-6.81
-7.05
-6.18
-5.56
-5.45
-4.61
-4.81
-5.25
-5.45
-4.69
-4.46
-4.62
-3.97
-4.26
-5.02
-5.66
-5.66
-5.35
-4.9
-4.73
-4.53
-4.93
-4.65
-4.34
-4.45
-4.85
-4.94
-5.09
-5.19
-4.7
-4.33
-4.3
-3.56
-3.88
-3.88
-5.13
-5.08
-5.56
-5.14
-4.31
-4.86
-4.87
-4.66
-4.44
-4.69
-5.43
-5.04
-4.65
-4.73
-4.23
-3.99
-4.38
-4.24
-4.24
-4.05
-4.47
-3.94
-4.26
-4.86
-4.81
-4.79
-5.48
-5.28
-4.65
-4.52
-4.2
-3.53
-3.61
-4.61
-4.79
-4.79
-4.68
-4.61
-4.24
-4.95
-5.12
-4.43
-4.29
-4.25
-4.54
-4.47
-4.69
-4.64
-4.04
-3.97
-4.71
-4.74
-4.74
-4.23
-4.1
-3.93
-4.16
-3.83
-3.07
-3
-3.46
-3.04
-2.97
-3.2
-2.86
-2.54
-3.32
-4.43
-4.43
-4.32
-4.53
-5.06
-4.82
-5.1
-4.76
-3.84
-3.4
-4.06
-4.35
-4.08
-4.36
-4.54
-4.01
-4.24
-4.39
-4.39
-3.49
-3.51
-3.32
-3.61
-3.99
-4.17
-3.71
-3.44
-3.42
-3.59
-4.2
-4.78
-4.92
-4.63
-4.89
-5.09
-4.04
-4.46
-5.58
-5.45
-4.53
-4.69
-4.68
-4.72
-5.11
-4.78
-4.24
-4.28
-4.22
-4.21
-3.72
-4.33
-4.09
-4.09
-4.76
-5.45
-4.77
-4.67
-5.53
-5.49
-4.57
-5.09
-5.36
-4.89
-4.87
-4.97
-4.74
-4.32
-4.34
-4.34
-4.32
-5.04
-5.52
-5.2
-4.28
-4.46
-4.32
-3.94
-3.99
-3.79
-3.34
-3.87
-4.72
-4.95
-5.1
-5.27
-5.27
-4.65
-4.93
-4.96
-4.98
-5.73
-6.22
-5.37
-4.34
-3.99
-4.12
-3.74
-4.46
-4.74
-4.23
-4.6
-5.02
-4.95
-3.94
-3.89
-3.61
-3.33
-4.29
-4.93
-4.66
-4.33
-4.93
-5.1
-4.54
-4.8
-5.04
-4
-4.39
-5.52
-5.44
-5.44
-4.82
-4.72
-4.05
-4.26
-4.68
-4.14
-3.98
-5.02
-5.8
-5.47
-4.9
-4.93
-4.51
-3.96
-4.22
-4.07
-4.07
-4.61
-4.76
-4.63
-4.9
-4.61
-3.79
-3.26
-3.27
-3.77
-4.05
-4.78
-5.15
-4.79
-5.09
-4.76
-4.31
-4.14
-4.68
-4.64
-4.5
-5.04
-5.59
-4.51
-4.3
-4.58
-3.95
-3.24
-3.35
-3.93
-3.25
-3.93
-4.67
-5.29
-5
-5.42
-5.72
-5.35
-5.08
-4.77
-3.67
-3.5
-3.49
-3.01
-3.56
-4.22
-4.55
-4.24
-4.96
-5.45
-5.17
-5.8
-6.46
-6.25
-6.1
-6.61
-7.33
-6.93
-7.85
-7.71
-6.86
-7.44
-7.89
-8.28
-7.77
-7.78
-7.34
-6.49
-6.36
-7.08
-7.3
-7.3
-8
-8.01
-7.12
-7.62
-8.02
-7.1
-6.93
-6.85
-7
-6.82
-7.03
-7.13
-6.57
-6.72
-6.92
-6.92
-6.45
-6.57
-6.53
-6.15
-6.59
-7.23
-7.27
-7.27
-6.88
-7.25
-7.33
-7.83
-7.92
-6.61
-6.57
-6.21
-5.83
-5.81
-6.04
-5.96
-5.76
-6.19
-6.15
-5.44
-5.58
-5.64
-5.88
-6.54
-7.21
-7.53
-7.32
-7.57
-7.57
-7.34
-6.08
-6.01
-5.66
-5.63
-5.87
-6.03
-5.23
-5.39
-6.04
-5.53
-5.7
-6.5
-6.83
-6.71
-7.02
-7.1
-6.4
-6.43
-6.9
-7.3
-7.62
-7.58
-7.32
-6.41
-6.21
-6.6
-6.65
-6.47
-6.37
-5.61
-5.34
-5.34
-6.12
-6.88
-6.97
-6.85
-6.19
-6.44
-6.33
-6.42
-5.82
-6.01
-6.05
-5.67
-6.24
-6.46
-5.92
-6.14
-6.6
-6.37
-5.54
-6.06
-6.62
-5.83
-6.01
-5.84
-6.36
-6.41
-6.83
-6.5
-6.02
-6.21
-6.43
-6.15
-6.12
-6.34
-6.52
-6.52
-5.68
-5.49
-5.62
-6.57
-6.81
-6.27
-5.45
-6.14
-5.92
-5.8
-6.4
-6.72
-6.26
-6.16
-6.16
-6.25
-5.77
-5.77
-5.65
-5.07
-5.19
-5.51
-5.09
-5.09
-5.29
-5.23
-4.56
-5.21
-5.16
-4.61
-4.84
-5.25
-5.25
-4.65
-5.18
-5.31
-4.69
-4.59
-4.84
-4.05
-4.36
-4.05
-4.36
-4.49
-5.13
-5.03
-4.53
-4.85
-4.81
-4.78
-4.83
-4.83
-5.28
-4.34
-4.27
-3.91
-3.91
-4.41
-4.69
-4.24
-4.47
-4.69
-4.79
-4.91
-5.81
-6.03
-5.49
-5.55
-5.46
-5.58
-5.86
-6.39
-6.51
-5.49
-5.33
-5.84
-6.12
-5.6
-5.57
-5.32
-5.16
-5.69
-5.89
-5.26
-5.22
-5.22
-5.44
-5.79
-6.65
-6.72
-6.14
-6.01
-6.23
-5.82
-5.82
-6.16
-6.27
-6.16
-6.72
-7.1
-6.68
-6.68
-7.53
-7.02
-6.37
-6.78
-7.48
-7.31
-7.34
-7.26
-6.95
-6.92
-6.99
-6.59
-6.3
-7
-7
-6.31
-6.05
-6.05
-5.72
-5.82
-6.02
-5.87
-5.46
-5.85
-6.89
-6.82
-7.03
-6.99
-6.15
-6.06
-6.36
-6.45
-5.99
-6.21
-6.24
-5.51
-5.18
-5.6
-5.52
-5.51
-6.17
-6.26
-6.22
-6.57
-7.28
-6.57
-6.39
-6.51
-7.02
-6.32
-6.12
-5.92
-5.23
-5.45
-5.64
-5.63
-5.66
-6.32
-6.57
-6.4
-6.1
-6.34
-5.91
-5.87
-5.76
-6.02
-6.2
-6.55
-6.65
-6
-6.38
-6.88
-6.69
-7.33
-7.8
-7.57
-6.91
-7.27
-6.92
-5.55
-5.78
-6.98
-7.14
-6.55
-6.3
-6.09
-6.09
-5.85
-6.15
-6.17
-5.94
-5.72
-6.05
-6.07
-6.22
-6.04
-5.46
-5.8
-6.26
-6.17
-6.11
-6.11
-5.96
-5.96
-5.75
-6.51
-6.04
-5.63
-6.18
-6.14
-5.98
-6.66
-7.18
-6.83
-6.76
-6.92
-6.45
-6.8
-7.13
-7.08
-7.08
-5.63
-5.69
-5.76
-5.93
-6.2
-5.93
-5.79
-5.78
-5.8
-5.59
-6.26
-6.26
-5.62
-5.13
-4.95
-4.54
-4.17
-4.34
-4.65
-4.26
-4.22
-4.71
-4.88
-5.83
-6.27
-6.13
-5.51
-5.73
-5.37
-4.9
-5.36
-5.36
-5.96
-5.55
-5.16
-5.26
-5.21
-6.01
-6.23
-6.1
-6.03
-6.03
-5.44
-4.72
-4.35
-4.61
-4.21
-4.64
-4.64
-4.76
-4.62
-4.98
-4.94
-4.88
-5.21
-4.53
-3.75
-3.77
-4.18
-4.52
-4.32
-4.74
-5.22
-4.53
-4.55
-4.59
-4.59
-4.56
-4.98
-4.96
-4.9
-4.76
-4.82
-4.2
-4.39
-4.55
-4.22
-4.04
-5.09
-4.7
-3.5
-4.18
-4.81
-4.64
-4.52
-4.52
-4.46
-4.98
-5.5
-5.33
-4.44
-4.94
-5.4
-5.29
-5.08
-5.3
-5.01
-4.71
-4.42
-4.42
-3.81
-3.89
-3.89
-4.25
-4.32
-4.61
-4.63
-4.11
-4.38
-4.93
-4
-4.31
-4.27
-4.4
-4.35
-4.4
-4.78
-4.43
-4.5
-4.42
-3.69
-3.38
-3.6
-3.41
-2.85
-3.52
-3.55
-2.87
-4.14
-4.92
-4.93
-4.62
-4.8
-4.99
-4.99
-4.82
-4.97
-4.3
-4.04
-4.27
-4.12
-4.32
-5.02
-4.99
-4.56
-4.99
-5.26
-4.65
-3.87
-3.88
-4.49
-4.25
-4.15
-4.47
-4.4
-3.8
-4.13
-3.76
-3.53
-3.95
-4.44
-4.8
-5.2
-5.24
-4.7
-4.57
-4.82
-4.64
-4.95
-5.2
-5.41
-5.32
-5.54
-5.67
-5.27
-5.16
-4.89
-4.5
-4.04
-4.65
-4.82
-4.4
-4.54
-5.48
-4.72
-4.6
-5.42
-5.46
-4.74
-5.35
-5.95
-5.47
-4.7
-4.74
-5.11
-4.79
-5.29
-5.61
-4.95
-5.21
-5.8
-5.11
-4.26
-4.59
-4.21
-4.1
-5.06
-5.42
-5.16
-5.12
-5.27
-5.32
-5.3
-5.2
-5.37
-5.29
-5.16
-5.3
-5.22
-5.29
-5.45
-4.52
-4.52
-4.3
-4.63
-3.72
-4.12
-3.96
-3.53
-3.71
-4.57
-4.9
-4.95
-5.24
-5.07
-4.76
-5.42
-5.72
-4.71
-4.71
-4.47
-4.78
-4.51
-5.39
-5.31
-4.4
-3.89
-4.81
-5.41
-5.22
-5.04
-5.31
-4.96
-4.83
-4.77
-4.79
-5.22
-5.22
-5.83
-5.05
-4.85
-4.94
-4.23
-4.04
-4.2
-4.23
-4.23
-4.5
-4.78
-4.44
-4.52
-4.64
-4.65
-4.67
-5.23
-5.39
-5.14
-4.16
-3.95
-3.58
-4.06
-4.31
-4.25
-4.43
-5.13
-4.95
-4.55
-5.12
-5.12
-4.55
-4.55
-5.63
-5.65
-5.13
-5.25
-5.08
-5.17
-5.98
-6.63
-5.82
-5.32
-5.81
-6.46
-6.52
-6.95
-6.75
-6.39
-6.86
-6.93
-6.73
-6.73
-7.1
-7.22
-6.47
-6.49
-6.6
-6.59
-6.6
-6.42
-6.32
-5.67
-5.86
-6.34
-5.66
-5.43
-5.5
-4.85
-4.38
-4.75
-5.08
-5.07
-5.91
-5.98
-5.43
-5.49
-5.96
-6.04
-6.06
-6.33
-6.53
-5.63
-5.51
-5.51
-5.28
-5.46
-6.09
-6.04
-5.6
-5.18
-4.77
-4.44
-5.02
-5.41
-4.91
-4.43
-4.42
-4.95
-4.72
-5.48
-6.25
-6
-5.81
-5.42
-4.83
-4.55
-4.97
-5.15
-4.63
-5.39
-6.56
-7.61
-7.84
-8.26
-8.5
-7.69
-7.22
-6.39
-4.73
-5.39
-6.19
-6.23
-5.78
-5.74
-5.49
-5.07
-5.68
-6.19
-6.04
-6.02
-5.7
-5.73
-5.73
-5.67
-6.21
-5.27
-5.03
-5.43
-5
-4.76
-5.49
-5.08
-4.8
-5.35
-5.56
-5.27
-6.22
-6.87
-6.57
-5.87
-5.95
-5.95
-5.89
-5.93
-5.79
-5.57
-5.74
-6.45
-6.68
-5.88
-5.71
-5.88
-5.85
-6.09
-6.38
-5.43
-4.84
-5.22
-5.22
-5.06
-5.31
-5.76
-5.53
-5.16
-5.37
-5.09
-4.6
-4.95
-4.7
-3.87
-3.92
-3.81
-3.22
-3.51
-3.51
-4.48
-4.39
-4.98
-5.86
-4.82
-5.63
-6.36
-6.02
-5.65
-6.06
-5.8
-5.51
-5.08
-5.59
-5.15
-5.16
-5.93
-6.29
-5.41
-5.6
-5.15
-4.4
-4.97
-5.78
-6.07
-5.91
-6.04
-5.56
-5.01
-5.03
-5.32
-4.81
-5.1
-4.41
-4.2
-4.34
-5.01
-5.18
-4.44
-4.82
-4.78
-4.69
-4.73
-5.13
-5.26
-5.03
-5.55
-5.38
-4.78
-4.98
-5.23
-5.25
-5.25
-5.6
-5.59
-4.67
-4.59
-4.57
-4.24
-4.21
-4.54
-4.24
-4.5
-5.38
-5.17
-4.64
-5.17
-5.68
-4.76
-5.32
-5.64
-5.18
-4.6
-4.41
-4.28
-3.86
-4.29
-4.83
-4.77
-5.12
-5.61
-5.74
-5.21
-5.37
-5.31
-4.88
-5.16
-5.11
-4.86
-4.81
-5.18
-5.41
-5.07
-5.03
-5.13
-4.76
-4.79
-5.25
-5.76
-6.09
-6.51
-5.83
-5.83
-4.83
-5.05
-4.71
-4.74
-5.39
-5.8
-5.47
-5.98
-5.93
-5.54
-5.83
-6.24
-5.78
-5.4
-5.67
-5.67
-6.07
-6.52
-6.66
-5.02
-4.74
-4.75
-4.86
-5.12
-5.35
-5.4
-4.91
-5.07
-5.15
-4.49
-3.96
-4.18
-4.27
-4.07
-5.02
-5.88
-5.4
-5.18
-5.54
-5.04
-4.74
-5.42
-5.56
-5.1
-5.01
-5.09
-4.7
-4.27
-4.66
-4.88
-4.71
-4.71
-5.99
-5.55
-5.6
-5.71
-5.34
-5.74
-6.17
-6.05
-5.55
-5.54
-5.52
-5.74
-6.16
-6.52
-6.7
-6.98
-6.97
-7.19
-6.41
-6.5
-6.48
-6.06
-6.26
-6.76
-6.77
-6.8
-6.63
-6.72
-6.09
-6.18
-6.57
-6.42
-6.52
-7.63
-7.1
-5.25
-5.01
-4.73
-3.66
-3.48
-3.63
-3.09
-2.71
-2.36
-2.36
-2.03
-2.52
-2.77
-2.58
-2.72
-2.79
-2.57
-2.57
-2.53
-2.77
-2.78
-2.89
-2.57
-2.32
-2.46
-3.19
-3.12
-2.8
-3.14
-3.03
-1.95
-2.31
-2.7
-2.28
-2.4
-3.02
-3.33
-3.01
-3.33
-3.94
-3.85
-3.69
-3.65
-3.35
-2.31
-2.62
-3.23
-2.76
-2.94
-2.75
-2.83
-2.94
-2.94
-3.12
-2.99
-3.32
-4.3
-3.91
-4.15
-4.6
-4.75
-4.54
-4.48
-4.4
-3.91
-3.75
-3.73
-3.38
-3.38
-3.62
-3.9
-3.35
-3.64
-3.9
-3.43
-3.23
-3.14
-2.65
-2.44
-2.6
-2.93
-2.86
-3.48
-3.57
-3
-3.18
-3.08
-3.26
-3.71
-4.42
-4.21
-3.12
-3.32
-3.77
-4.01
-4.05
-4.25
-3.8
-3.12
-3.42
-3.89
-3.89
-3.37
-3.75
-3.79
-3.67
-4.18
-4.02
-3.54
-3.47
-3.15
-2.83
-3.05
-3.55
-3.68
-3.7
-4.31
-4.04
-4.04
-3.65
-3.83
-3.17
-2.46
-2.84
-2.91
-2.8
-2.69
-2.93
-3.12
-3.94
-4.09
-3.92
-3.76
-3.95
-4.04
-3.55
-4.29
-4.34
-3.89
-3.95
-3.95
-3.44
-3.12
-3.41
-3.76
-3.07
-3.58
-4.05
-3.38
-3.3
-3.84
-4.1
-3.49
-3.96
-3.84
-3.82
-4.05
-4.77
-4.66
-4.42
-4.26
-4.35
-3.66
-4.03
-3.96
-4.04
-4.27
-4.82
-4.46
-3.54
-3.82
-3.6
-2.85
-2.84
-2.93
-2.69
-2.64
-3.13
-3.29
-2.95
-3.31
-4.02
-3.68
-3.42
-2.91
-3.29
-2.99
-3.13
-3.29
-2.92
-3.43
-4.21
-4.35
-3.6
-4.2
-4.09
-3.22
-4.09
-4.99
-4.34
-3.84
-4.44
-4.46
-4.01
-3.61
-3.95
-3.35
-3.61
-4.17
-3.95
-3.49
-3.96
-3.98
-3.51
-3.66
-4.27
-3.99
-3.95
-3.8
-3.79
-3.35
-3.83
-3.8
-3.32
-3.62
-3.34
-2.82
-3.02
-3.29
-3.23
-3.22
-4.12
-4.26
-3.27
-3.53
-4.36
-4.08
-4.28
-4.74
-4.72
-3.95
-4.36
-5.08
-4.96
-4.55
-4.55
-4.26
-3.65
-4
-4.54
-4.23
-4.16
-4.13
-4
-3.66
-4.39
-4.53
-4.24
-4.53
-4.38
-3.99
-4.46
-4.25
-4.09
-4.12
-4.18
-3.88
-3.56
-3.42
-3.49
-2.74
-2.89
-3.27
-3.59
-4
-4.35
-5.03
-4.9
-4.71
-4.82
-4.26
-4.12
-4.59
-4.14
-3.54
-3.45
-4.26
-4.59
-4.92
-5.74
-5.7
-5.37
-6.15
-6.03
-5.6
-6.01
-6.09
-5.81
-5.6
-6.37
-7.16
-6.58
-7.16
-6.99
-6.55
-6.63
-7.31
-7.46
-7.52
-7.47
-7.71
-7.61
-7.72
-7.67
-7.5
-7.29
-7.07
-7.01
-6.53
-7.33
-7.87
-7.66
-8.29
-8.31
-8.31
-7.05
-6.99
-6.89
-6.38
-6.1
-6.24
-6.61
-7.05
-8.11
-8.04
-7.54
-7.71
-7.78
-7.2
-7.04
-7.63
-7.11
-7.11
-7
-7.23
-6.82
-6.89
-6.99
-6.88
-7
-6.5
-5.69
-5.19
-5.47
-5.89
-5.82
-5.5
-5.54
-5.45
-5.61
-6.16
-6.28
-5.88
-6.5
-6.94
-6.11
-5.67
-5.81
-5.78
-5.37
-5.26
-5.15
-4.73
-5.74
-6.58
-6.26
-6.17
-6.5
-6.41
-5.72
-5.92
-5.94
-5.64
-6.18
-6.79
-6.21
-6.02
-6.38
-6.23
-5.82
-5.81
-6.15
-5.88
-5.75
-6.17
-6.71
-6.82
-6.81
-7.1
-6.29
-5.75
-6.24
-6.33
-6.42
-7.15
-7.86
-7.28
-7.02
-6.81
-6.13
-5.67
-5.8
-6.22
-5.93
-6.28
-6.68
-6.45
-6.49
-6.84
-6.5
-5.95
-6.06
-6.38
-5.95
-6.63
-7.22
-6.32
-5.99
-5.88
-5.62
-5.51
-6.2
-6.72
-6.34
-6.65
-6.77
-6.81
-6.85
-6.96
-6.72
-6.12
-6.36
-5.59
-4.93
-4.88
-5.35
-5.64
-5.59
-5.47
-6.03
-5.82
-5.88
-6.22
-5.95
-5.27
-5.8
-5.73
-5.59
-6.26
-6.89
-5.89
-5.48
-5.16
-5.26
-5.03
-5.94
-6.57
-6.46
-7.3
-8.01
-7.91
-7.72
-7.85
-7.81
-7.14
-6.9
-6.81
-6.25
-6.25
-6.48
-6.28
-6.1
-6.2
-6.3
-5.94
-6.96
-7.19
-6.9
-6.4
-7.05
-6.72
-5.98
-6.33
-6.44
-5.57
-5.84
-6.33
-6.22
-6
-5.86
-5.94
-6.38
-6.36
-6.4
-5.79
-5.19
-5.13
-5.07
-5.07
-5.55
-5.9
-6.09
-6.33
-6.69
-6.45
-6.19
-6.2
-6.03
-5.35
-4.8
-4.79
-4.56
-4.33
-4.63
-4.96
-4.99
-5.65
-5.65
-5.12
-6.03
-5.73
-5.39
-5.34
-5.92
-6.31
-5.48
-5.78
-6.07
-5.66
-6.08
-5.75
-5.51
-5.23
-4.87
-5.34
-5.83
-6.8
-7.4
-7.08
-6.5
-7.31
-7.46
-6.91
-7.14
-6.71
-6.72
-6.43
-6.95
-7.22
-6.93
-6.9
-7.09
-6.24
-6.08
-6.31
-5.76
-5.88
-6.47
-6.52
-6.19
-6.25
-6.54
-6.38
-6.6
-7.24
-6.98
-6.74
-7
-7.53
-7.25
-7.69
-7.58
-7.21
-7.02
-7.32
-7.35
-6.91
-7.04
-6.63
-5.65
-5.31
-6.03
-6.35
-7.07
-7.94
-8.06
-7.42
-7.29
-6.88
-6.22
-6.92
-7.22
-7.17
-6.79
-6.8
-6.68
-6.68
-6.71
-7.48
-7.33
-7.39
-7.42
-7.71
-7.31
-6.95
-7.07
-6.89
-6.45
-6.56
-6.61
-6.59
-7.05
-7.39
-7.35
-7.37
-7.8
-7.45
-6.76
-7.01
-7.19
-6.19
-6.44
-7.12
-7.16
-7.48
-7.13
-7.23
-6.92
-6.89
-6.98
-7.13
-7.05
-7.55
-7.63
-7.48
-8.06
-8.21
-7.43
-7.26
-7.28
-6.85
-7
-7.32
-7.44
-7.15
-8
-8.33
-7.87
-8.02
-7.96
-7.94
-8.02
-8.41
-8.07
-7.4
-7.83
-8.04
-7.53
-7.61
-7.3
-6.01
-4.83
-5.13
-5.6
-5.6
-5.91
-6.38
-5.88
-5.61
-5.98
-5.72
-5.64
-5.65
-5.32
-5.12
-5.46
-5.39
-5.44
-5.34
-5.34
-5.39
-4.57
-5.22
-5.73
-5.59
-5.2
-5.78
-5.78
-5.37
-5.57
-5.39
-4.71
-4.53
-4.99
-5.25
-5.2
-5.59
-5.79
-5.39
-4.97
-5.48
-5.02
-5.68
-5.75
-5.25
-4.76
-4.92
-4.83
-4.09
-4.35
-5.09
-5.2
-5.5
-5.79
-5.62
-5.27
-5.48
-5.73
-5.22
-4.97
-4.59
-3.72
-3.36
-4.26
-4.17
-3.66
-4.32
-5.16
-4.76
-4.99
-5.25
-5.87
-6.22
-5.9
-6.08
-4.97
-4.7
-5.13
-5.45
-5.65
-6.11
-6.23
-5.71
-6.44
-6.35
-5.82
-6.28
-6.25
-5.8
-4.99
-5.71
-6.19
-5.91
-6.27
-6.93
-6.34
-6.04
-6.96
-7
-6.88
-7.25
-7.35
-6.67
-5.99
-6.67
-6.48
-5.51
-5.72
-5.43
-5.14
-5.25
-5.66
-5.85
-5.31
-5.63
-6.13
-6.16
-6.29
-5.84
-5.43
-5.38
-5.12
-5.12
-5.64
-6.2
-6.48
-6.16
-6.33
-6.3
-6.68
-6.44
-5.87
-5.52
-5
-4.88
-5.2
-4.99
-4.93
-5.51
-5.69
-5.31
-5.34
-5.5
-4.78
-4.91
-5.44
-5.66
-5.41
-5.36
-5.51
-5.41
-5.68
-5.87
-5.82
-6.07
-5.82
-5.63
-5.87
-7.04
-7.27
-6.74
-6.39
-6.28
-6.12
-6.12
-6.38
-6.17
-6.04
-6.35
-6.53
-6.42
-6.58
-7.25
-6.79
-6.4
-6.31
-6.08
-5.81
-5.59
-5.23
-5.02
-5.64
-6.08
-6.1
-5.41
-5.17
-5.17
-4.9
-5.34
-5.66
-5.69
-5.41
-5.81
-5.77
-5.5
-6.06
-6.39
-5.67
-5.41
-5.32
-4.89
-4.75
-5.52
-5.62
-4.93
-4.98
-4.92
-4.96
-4.49
-5.08
-5.21
-4.58
-4.98
-5.4
-5.43
-5.78
-6.49
-6.72
-5.64
-5.62
-5.7
-4.97
-4.76
-5.31
-5.14
-4.91
-5.09
-5.55
-5.22
-5.35
-5.37
-4.66
-4.68
-4.8
-4.92
-5.42
-6.17
-6.73
-5.95
-5.6
-5.16
-4.71
-5.19
-5.51
-5.94
-5.53
-6.08
-6.6
-6.62
-7.13
-7.39
-6.81
-6.44
-6.51
-7.75
-6.95
-6.67
-6.9
-6.38
-6.4
-7.21
-7.49
-6.59
-6.52
-6.04
-5.22
-5.56
-6.21
-6.09
-5.66
-6.14
-7.09
-6.23
-6.11
-6.45
-6.26
-5.59
-5.68
-5.52
-5.23
-4.98
-5.22
-5.04
-4.93
-5.35
-5.11
-5.22
-5.99
-6.52
-5.99
-5.58
-5.42
-5.35
-5.31
-6.03
-7.14
-7.24
-7.84
-8.35
-8.23
-7.79
-7.43
-7.35
-6.72
-7.34
-8.01
-7.9
-8.18
-8.26
-7.9
-7.83
-8.2
-8.06
-7.53
-7.79
-7.41
-7.05
-7.3
-7.52
-7.22
-6.48
-6.19
-6.04
-4.83
-5.26
-5.93
-5.26
-5.69
-6.24
-6.29
-5.75
-6.25
-6.69
-6.55
-6.44
-6.48
-6.29
-5.94
-5.99
-5.8
-5.18
-5.63
-5.53
-5.41
-4.7
-5.16
-5.37
-5.22
-5.37
-5.92
-5.36
-5.46
-5.71
-5.6
-5.48
-5.73
-5.61
-5
-4.89
-4.97
-4.69
-5.52
-6.45
-6.46
-6.47
-7.26
-7.2
-6.13
-5.69
-5.82
-5.36
-5.37
-6.06
-6.12
-5.71
-5.94
-6.09
-6.12
-6.15
-6.07
-5.44
-5.4
-5.27
-5.12
-4.92
-5.2
-6.03
-5.94
-6.27
-6.44
-6.28
-5.86
-5.95
-5.72
-5.7
-6.01
-6.49
-6.68
-6.19
-5.99
-5.88
-5.28
-5.89
-6.37
-6.6
-6.74
-7.53
-7.63
-7.31
-6.76
-6.95
-6.49
-6.37
-6.83
-6.24
-5.58
-6.22
-6.84
-6.23
-6.81
-7.26
-6.72
-6.54
-6.73
-6.26
-5.47
-5.27
-5.52
-5.22
-5.5
-6.56
-6.5
-6.71
-7.01
-6.78
-6.69
-6.96
-6.56
-5.82
-5.63
-5.98
-5.52
-5.55
-6.39
-6.61
-6.31
-6.87
-7.44
-6.94
-6.8
-6.55
-6.12
-5.37
-5.78
-6.37
-5.92
-6.39
-6.73
-6.68
-6.09
-5.91
-6.1
-6.3
-6.31
-6.75
-6.02
-5.72
-5.93
-5.76
-5.44
-5.37
-5.78
-5.33
-5.14
-5
-4.98
-5.42
-6.11
-6.89
-6.57
-6.82
-6.83
-6.36
-6.12
-6.49
-6.67
-6.34
-5.76
-5.92
-6.08
-6.46
-6.51
-6.64
-6.4
-6.87
-7.13
-6.45
-6.63
-7.14
-6.3
-6.13
-6.61
-7.27
-7.11
-7.64
-7.6
-6.88
-6.09
-5.81
-5.82
-5.53
-5.87
-6.28
-6.07
-6.65
-6.58
-5.64
-5.28
-5.72
-5.97
-5.88
-5.71
-5.95
-5.57
-5.91
-6.1
-6.31
-6.48
-6.49
-6.45
-6.12
-5.7
-6.07
-5.47
-5.74
-5.92
-6.14
-5.62
-5.77
-5.5
-5.51
-6.02
-6.18
-5.57
-5.58
-5.97
-5.48
-4.87
-5.01
-5.33
-5.34
-5.44
-4.86
-4.59
-4.51
-4.95
-5.52
-5.58
-6.01
-6.44
-6.34
-5.87
-5.77
-6.15
-5.78
-5.96
-6.59
-6.31
-5.84
-6.33
-6.17
-6.51
-7.46
-7.4
-6.46
-6.84
-7.06
-7.05
-7.26
-7.62
-7.36
-6.64
-6.73
-6.2
-5.57
-5.32
-5.43
-5.39
-5.89
-6.73
-6.85
-6.11
-6.67
-7.34
-7.2
-6.96
-6.89
-6.78
-6.46
-6.87
-7.16
-6.71
-7.06
-7.6
-7.44
-7.63
-8.36
-7.88
-6.68
-7.54
-8.19
-7.79
-7.66
-7.96
-7.7
-7.15
-8.04
-8.76
-8.01
-7.53
-7.64
-7.8
-7.32
-8.59
-9.14
-8.39
-8.05
-8.25
-7.73
-7.64
-7.65
-7.46
-7.54
-8.67
-9.08
-8.1
-8.29
-8.11
-7.84
-7.16
-7.3
-7.23
-6.63
-7.4
-8.25
-8.6
-8.82
-8.33
-7.87
-6.86
-6.97
-7.26
-6.45
-6.88
-7.21
-7.09
-6.7
-7.01
-6.94
-6.43
-6.79
-7.39
-7.08
-7.31
-7.82
-7.85
-7.36
-7.76
-7.71
-7.11
-7.03
-7.44
-7.35
-6.98
-6.66
-6.05
-5.9
-6.16
-6.06
-5.66
-6.11
-6.73
-6.59
-5.59
-6.5
-6.74
-5.46
-5.35
-5.9
-6.03
-6.2
-6.57
-6.43
-5.77
-6.2
-6.69
-6.69
-6.85
-6.72
-6.17
-5.72
-6.08
-6.4
-6.2
-6.28
-6.29
-6.22
-6.26
-5.83
-5.61
-5.36
-5.47
-6.35
-6.44
-6.11
-6.06
-6
-5.73
-5.72
-5.82
-4.92
-5.87
-6.62
-6.49
-6.5
-6.86
-6.61
-6.3
-7.09
-7.59
-7.15
-7.44
-7.95
-8.38
-8.43
-9.11
-8.68
-8.15
-8.32
-8.54
-7.45
-7.29
-6.9
-6.9
-6.62
-6.98
-7.33
-6.79
-7.22
-7.11
-7.18
-6.65
-6.42
-6.33
-5.9
-6.57
-7.58
-7.38
-8
-8
-7.37
-7.04
-7.53
-8.17
-7.56
-7.92
-7.66
-7.36
-6.78
-6.56
-6.12
-5.48
-5.87
-6.16
-6.6
-6.89
-7.37
-6.9
-6.47
-6.86
-7.06
-6.21
-6.25
-6.63
-6.63
-7
-7.41
-7.93
-7.59
-7.46
-6.74
-6.17
-5.84
-5.82
-5.59
-5.47
-5.96
-6.81
-6.3
-6.65
-6.83
-6.83
-6.71
-7.71
-7.92
-7.41
-7.84
-8.32
-7.43
-7.03
-7.17
-7.14
-6.5
-6.94
-7.43
-6.66
-6.48
-6.88
-7.29
-7.09
-7.16
-7.43
-7.02
-7.44
-7.44
-7.27
-7.2
-7.07
-6.76
-6.37
-6.65
-6.78
-6.02
-6.1
-6.74
-6.77
-6.84
-6.93
-7.03
-6.41
-6.89
-6.73
-6.01
-6.37
-7.19
-7.02
-6.39
-6.4
-6.22
-5.69
-6.06
-6.94
-6.57
-6.42
-6.1
-6.02
-4.91
-5.07
-5.78
-6.14
-7.06
-7.74
-7.58
-6.81
-6.77
-6.63
-6.44
-6.32
-6.76
-6.23
-6.23
-6.13
-6.57
-6.08
-6.58
-6.41
-4.79
-4.43
-4.89
-5.3
-5.25
-5.51
-5.5
-5.2
-5.42
-6.59
-6.67
-6.71
-6.87
-6.5
-5.52
-6.24
-6.97
-7.32
-7.42
-7.26
-6.8
-6.75
-7.49
-7.4
-6.98
-7.19
-7.27
-6.82
-6.74
-7.22
-6.97
-6.9
-7.27
-7.58
-7.21
-7.34
-6.71
-6.49
-6.4
-6.81
-7.08
-6.42
-6.59
-7.22
-7.17
-6.47
-6.73
-6.66
-6.16
-6.87
-7
-6.72
-7.25
-7.21
-7.16
-7.38
-7.53
-7.62
-7.29
-7.31
-7.55
-7.32
-7.58
-7.72
-8.22
-7.67
-7.74
-7.75
-7.44
-8.17
-8.62
-8.24
-7.64
-7.75
-8.24
-8.02
-8.53
-8.67
-8.55
-8.33
-7.62
-6.96
-6.32
-7.12
-7.65
-7.22
-8.24
-9.14
-8.2
-7.99
-8.26
-7.91
-7.54
-7.1
-6.79
-6.48
-7.08
-7.34
-7.26
-6.92
-7.55
-8.03
-7.21
-7.4
-8.22
-8.03
-8.36
-8.46
-8.07
-7.57
-7.75
-7.61
-7.1
-7.03
-7.5
-7.46
-7.04
-7.46
-7.76
-7.49
-7.63
-7.92
-7.03
-6.84
-6.48
-6.11
-5.89
-6.14
-6.17
-5.39
-5.38
-5.46
-5.37
-5.64
-6.11
-6.36
-6
-6.77
-7.34
-6.67
-6.46
-6.79
-6.82
-6.34
-6.33
-6.3
-6.63
-6.72
-6.35
-5.53
-5.71
-5.93
-5.92
-5.77
-5.77
-5.84
-5.32
-5.89
-6.25
-5.73
-4.85
-5.46
-5.86
-5.45
-5.73
-5.79
-5.42
-5.49
-5.4
-5.37
-4.5
-5.32
-5.98
-5.61
-5.76
-6.7
-6.84
-6.43
-6.84
-6.96
-6.34
-6.41
-6.84
-6.87
-6.83
-7.31
-7.55
-6.97
-6.95
-6.89
-6.02
-5.62
-5.9
-6.21
-6.06
-5.83
-5.53
-4.78
-5.23
-5.67
-5.24
-5.67
-6.43
-6.11
-5.57
-5.86
-5.66
-5.13
-5.52
-5.82
-5.17
-4.94
-5.28
-5.52
-4.77
-5.35
-5.83
-5.53
-5.23
-5.38
-5.02
-5.36
-6.07
-6.77
-6.51
-6.76
-6.83
-6.32
-6.27
-6.33
-5.69
-4.93
-4.92
-5.38
-5.11
-4.95
-4.96
-5.35
-5.28
-5.99
-5.6
-5.18
-5.36
-6.6
-6.89
-7.22
-7.04
-7.13
-6.49
-7.06
-7.19
-7.18
-7.11
-7.52
-7.49
-7.23
-7.41
-7.03
-6.33
-6.56
-6.75
-6.8
-6.7
-6.97
-6.93
-6.95
-7.48
-8.03
-7.57
-6.85
-7.12
-6.64
-6.59
-6.91
-6.76
-6.63
-6.08
-6.52
-6.32
-6.11
-6.55
-6.49
-6.11
-6.57
-6.67
-5.78
-5.63
-6.02
-5.82
-5.77
-6.24
-6.46
-6.38
-6.24
-6.66
-5.91
-5.88
-6.24
-7.15
-7.23
-7.46
-7.98
-7.44
-7.23
-7.41
-7.33
-6.61
-6.77
-6.94
-6.64
-7.01
-7.11
-6.14
-5.91
-6.3
-6.37
-6.49
-6.77
-6.95
-6.15
-5.73
-5.68
-5.78
-5.76
-5.93
-5.79
-5.4
-6.1
-5.89
-5.51
-5.34
-5.2
-4.98
-4.6
-4.34
-4.97
-4.81
-5.27
-6.02
-5.78
-5.56
-5.98
-5.39
-5.4
-5.77
-5.87
-5.41
-5.79
-6.75
-6.45
-5.96
-6.65
-6.59
-6.55
-6.38
-6.57
-6.16
-6.57
-6.83
-6.69
-5.68
-5.57
-5.66
-5.44
-5.5
-5.74
-5.27
-5.19
-5.54
-5.52
-4.68
-4.6
-5.07
-5.11
-5.59
-6.4
-6.67
-6.26
-6.68
-6.69
-6.45
-6.57
-6.89
-6.53
-6.34
-6.18
-6.55
-6.11
-6.18
-6.32
-6.1
-5.9
-5.7
-5.53
-5.27
-5.98
-6.42
-6.19
-6.67
-7.07
-6.38
-5.76
-5.93
-6.19
-5.94
-5.62
-6.63
-6.77
-6.67
-6.64
-6.51
-6.51
-6.67
-7.17
-6.64
-6.86
-7.29
-6.61
-5.93
-6.32
-6.46
-6.14
-6.35
-6.47
-6.76
-6.85
-7.11
-6.99
-6.92
-7.18
-7.24
-7.06
-6.72
-6.94
-6.97
-6.06
-6.27
-6.31
-5.56
-6.01
-6.93
-6.92
-6.93
-7.32
-7.3
-7.2
-7.28
-7.05
-6.3
-6.59
-6.42
-6.34
-6
-5.99
-6.3
-6.31
-6.93
-6.94
-5.93
-5.58
-5.76
-5.89
-6.01
-5.99
-6.53
-5.61
-5.87
-5.84
-5.42
-5.45
-5.74
-5.48
-5.52
-6.11
-5.95
-5.47
-5.9
-6.45
-5.87
-5.37
-5.64
-6.13
-6.01
-5.61
-6.08
-5.53
-5.33
-5.41
-5.55
-5.83
-6.28
-6.48
-6.15
-6.46
-7.53
-6.51
-5.79
-5.81
-6.21
-6.16
-6.13
-5.6
-5.8
-6.13
-6.12
-5.75
-5.3
-5.46
-5.35
-5.51
-5.9
-6.34
-6.08
-5.66
-6.16
-6.22
-6.02
-6.78
-6.42
-6.02
-5.96
-6.89
-7.17
-6.92
-6.47
-6.82
-6.52
-6.54
-6.41
-6.78
-7
-7.26
-6.39
-6.42
-6.68
-6.93
-5.97
-5.68
-5.84
-5.84
-6.07
-6.28
-5.79
-5.17
-5.91
-6.63
-6.57
-6.64
-6.61
-6.11
-5.7
-5.7
-6.33
-6.58
-7.05
-7.61
-7.24
-7.38
-7.21
-7.05
-6.68
-7.23
-7.15
-6.23
-6.62
-7.54
-7.65
-7.31
-7.09
-6.54
-6.11
-6.27
-6.47
-6.16
-6.27
-7.13
-7.34
-6.88
-6.67
-6.44
-5.58
-5.9
-6.11
-6.19
-6.12
-6.47
-6.71
-6.44
-6.32
-6.51
-6.09
-6.5
-6.84
-7.23
-6.73
-6.64
-7.07
-6.26
-6.27
-5.91
-5.9
-5.64
-6.31
-6.31
-5.33
-5.59
-5.72
-5.43
-6.32
-7
-7.57
-7.66
-7.77
-7.57
-6.59
-6.44
-6.96
-6.57
-6.06
-6.04
-6.19
-5.64
-5.68
-6.02
-5.51
-6.15
-6.91
-6.93
-6.43
-6.23
-5.72
-4.87
-5.26
-5.76
-5.67
-6.13
-6.92
-7.34
-7.01
-6.45
-5.94
-5.03
-5.28
-5.73
-5.11
-5.18
-5.57
-6.61
-6.58
-7.59
-7.73
-6.85
-6.54
-6.84
-6.86
-6.71
-6.62
-6.72
-6.06
-6.18
-6.78
-7.28
-7.34
-7.57
-7.02
-6.42
-6.01
-5.91
-5.86
-5.72
-6.12
-6.01
-5.87
-6.45
-6.51
-5.82
-5.99
-6.1
-5.98
-5.41
-6.21
-6.22
-5.82
-5.86
-5.65
-5.13
-5.17
-5.42
-5.81
-5.96
-6.44
-6.71
-6.25
-6
-6.29
-5.81
-5.54
-5.54
-5.82
-5.15
-5.36
-5.66
-4.87
-4.48
-5.22
-5.75
-5.57
-5.32
-5.75
-5.55
-5.71
-6.39
-6.26
-6.33
-6.77
-7.07
-6.48
-6.18
-6.21
-6.24
-5.89
-6.41
-7.05
-6.84
-7.09
-7.32
-6.53
-6.24
-6.38
-6.32
-6.68
-7.17
-7.5
-7.65
-8.44
-8.02
-7.36
-7.43
-7.72
-7.75
-7.54
-7.89
-7.34
-6.34
-5.98
-6.49
-6.46
-6.65
-6.92
-6.91
-6.83
-6.87
-6.53
-6.26
-6.87
-7.31
-6.58
-5.78
-6.42
-6.75
-6.67
-6.73
-7.25
-7.25
-7.73
-7.74
-7.16
-6.48
-6.16
-6.54
-6.07
-6.39
-6.59
-5.94
-6.02
-6.55
-6.89
-6.61
-6.5
-6.27
-5.95
-6.16
-6.61
-6.38
-6.12
-6.59
-6.93
-6.54
-7.1
-8.42
-8.65
-8.71
-8.45
-8.02
-7.45
-7.57
-7.79
-7.32
-6.95
-7.79
-7.75
-7.07
-6.91
-6.3
-5.81
-6.52
-6.93
-6.65
-6.67
-7.16
-6.86
-6.2
-6.24
-6.47
-6.58
-6.74
-7.35
-7.2
-6.15
-6.43
-6.76
-7.06
-7.02
-7.38
-7.39
-7.38
-7.54
-7.11
-6
-6.21
-6.96
-6.55
-7.76
-8.2
-7.59
-7.51
-8.05
-8.38
-8.14
-7.76
-7.5
-6.77
-7.04
-6.76
-6.33
-5.93
-6.22
-6.65
-6.33
-6.32
-5.98
-5.48
-4.73
-4.68
-4.49
-4.33
-5.3
-6.03
-6.01
-6.01
-6.15
-5.98
-5.9
-6.01
-5.34
-4.67
-5.16
-5.5
-5.83
-5.35
-6.34
-7.06
-6.46
-6.45
-6.2
-5.97
-5.73
-5.2
-5.76
-6.15
-7.38
-7.73
-7.1
-6.55
-6.51
-5.94
-5.35
-5.84
-6.6
-6.72
-7.34
-7.86
-7.55
-6.94
-6.89
-6.07
-6.08
-7.18
-7.97
-7.87
-7.51
-7.36
-6.86
-7.13
-7.46
-7.74
-6.97
-7.36
-7.61
-7.31
-7.59
-7.96
-7.7
-7.6
-7.75
-7.23
-6.05
-5.57
-5.7
-5.71
-6.33
-7.06
-7.37
-7.17
-7.33
-6.84
-6.09
-6.26
-6.67
-7.04
-6.87
-6.35
-6.08
-5.51
-5.86
-6.41
-6.2
-6.25
-7.06
-7.32
-6.91
-6.92
-7.1
-6.4
-7.39
-7.92
-7.47
-6.72
-7.2
-7.59
-6.64
-6.4
-6.83
-6.69
-6.61
-6.5
-6.53
-6.46
-6.89
-6.62
-5.96
-6.63
-7.58
-7.77
-7.48
-7.29
-7.77
-7.45
-7.6
-7.31
-6.95
-6.72
-7.12
-7.08
-6.26
-6.35
-6.43
-6.35
-6.85
-7.61
-7.43
-7.09
-7.51
-7.64
-7.08
-7.18
-7.25
-7.18
-7.51
-8.13
-8.14
-7.75
-8.1
-7.87
-7.2
-7.64
-7.71
-7.46
-7.26
-6.92
-6.16
-5.64
-6.56
-6.82
-7.07
-7.46
-7.62
-7.21
-6.55
-6.89
-6.71
-5.89
-6.23
-6.92
-7.18
-7.64
-8.04
-7.95
-7.34
-7.54
-7.87
-6.79
-6.54
-7.01
-6.71
-7.11
-7.58
-7.24
-6.37
-6.31
-6.64
-6.23
-6.78
-6.91
-6.97
-6.48
-6.34
-6.55
-6.97
-7.22
-7.22
-7.03
-6.3
-6.66
-6.87
-6.44
-6.03
-6.27
-5.94
-6.03
-6.48
-6.59
-6.14
-6.24
-6.24
-5.64
-5.61
-5.97
-5.9
-6.15
-6.77
-6.63
-6.38
-6.84
-7.34
-6.67
-6.53
-7.49
-7.24
-7.1
-8.07
-8.33
-7.86
-7.95
-8
-7.83
-6.85
-6.36
-6.69
-6.65
-7.69
-7.95
-7.48
-7.45
-7.39
-7.05
-6.85
-7.49
-7.49
-7.2
-7.28
-6.95
-6.84
-7.15
-8.16
-8.25
-7.45
-7.44
-7.54
-7.23
-7.55
-8.3
-8.21
-7.27
-7.26
-6.75
-6.01
-6.21
-6.43
-6.35
-6.36
-7.01
-7.06
-6.54
-6.83
-7.41
-7.31
-7.44
-7.94
-7.09
-6.6
-6.49
-6.77
-6.2
-6.25
-6.3
-5.69
-6.12
-6.44
-6.45
-6.02
-5.95
-6.14
-6.05
-6.8
-7.03
-6.51
-6.35
-7.01
-6.88
-6.95
-6.94
-6.33
-5.66
-5.46
-5.63
-6.06
-6.58
-7.51
-7.59
-6.78
-6.9
-7.3
-6.66
-6.83
-6.97
-7.04
-6.64
-6.57
-6.77
-6.77
-6.86
-7.17
-7.03
-6.74
-6.71
-6.51
-5.65
-6.2
-6.83
-6.31
-6.72
-6.6
-6.68
-6.41
-6.79
-7.35
-6.72
-6.47
-6.69
-6.33
-6.13
-5.92
-6.19
-5.6
-5.92
-5.84
-5.55
-5.61
-5.61
-5.62
-5.82
-5.97
-5.64
-5.11
-4.75
-5.42
-5.35
-5.13
-5.33
-5.64
-5.74
-6.21
-6.35
-6.11
-6.25
-6.24
-6.17
-6.11
-6.12
-5.85
-5.33
-5.9
-6.43
-5.87
-5.52
-5.51
-5.17
-5.14
-6.12
-6.57
-6.24
-5.78
-6.32
-5.88
-5.73
-5.76
-5.84
-5.65
-5.86
-6.16
-6.04
-5.93
-5.89
-5.4
-4.92
-5.41
-6.27
-6.01
-6.16
-6.2
-6.07
-5.63
-5.93
-6.21
-6.32
-6.73
-7.2
-6.74
-6.25
-6.51
-6.9
-6.38
-6.18
-6.1
-5.77
-6.06
-6.39
-5.85
-5.63
-5.89
-6.1
-5.69
-6.12
-6.34
-6.07
-6.15
-5.96
-5.66
-5.85
-6.21
-6.79
-6.42
-7.13
-7.66
-7.42
-6.4
-6.39
-6.39
-6.09
-6.65
-6.61
-6.2
-6.44
-7.08
-6.94
-6.7
-7.17
-6.56
-6.11
-6.03
-6.31
-5.74
-5.54
-6.56
-6.74
-6.39
-6.06
-5.89
-5.4
-5.18
-4.84
-4.44
-4.49
-4.99
-5.71
-5.97
-5.97
-5.29
-4.24
-4.58
-5.28
-5.69
-5.56
-5.7
-5.4
-4.79
-4.95
-5.61
-6.04
-5.75
-6.02
-5.93
-5
-5.22
-6.02
-5.53
-5.92
-6.49
-6.59
-6.75
-7
-7.61
-6.89
-6.82
-6.64
-5.78
-5.8
-6.17
-6.22
-5.91
-6.26
-6.76
-5.9
-6.3
-6.74
-5.58
-5.02
-4.72
-5.22
-5.06
-6.47
-6.84
-6.14
-6.38
-6.48
-6.63
-6.58
-6.44
-6.17
-5.57
-5.49
-5.38
-5.12
-5.16
-5.71
-6.3
-6.27
-6.53
-6.64
-5.8
-5.44
-5.68
-5.9
-5.69
-6.3
-6.62
-6.5
-6.73
-6.99
-5.8
-4.71
-5.26
-5.49
-5.73
-6.78
-6.65
-6.32
-6.16
-6.07
-5.74
-5.61
-5.41
-5.9
-5.4
-6.06
-6.01
-5.48
-5.32
-5.57
-4.98
-5.21
-5.68
-5.61
-4.9
-5.17
-5.9
-5.66
-5.22
-6.07
-5.82
-5.17
-5.69
-6.09
-5.87
-5.35
-4.8
-4.84
-4.77
-6.14
-6.44
-6.17
-6.16
-5.63
-5.96
-5.29
-5.78
-6.09
-6.17
-6.66
-6.87
-6.08
-5.93
-6.16
-6.24
-6.11
-6.79
-7.15
-6.9
-6.71
-6.43
-5.58
-5.84
-6.15
-6.16
-5.96
-6.56
-7.15
-6.25
-6.16
-6.37
-5.94
-5.97
-6.46
-6.32
-5.78
-5.57
-5.51
-5.72
-6.13
-6.82
-6.71
-6.77
-6.73
-6.86
-6.1
-5.91
-5.92
-5.94
-5.78
-5.67
-5.92
-5.47
-5.75
-5.78
-5.24
-5.29
-5.79
-6.05
-5.47
-5.4
-4.96
-4.8
-4.75
-5.7
-5.5
-5.66
-6.03
-5.76
-5.07
-5.53
-5.88
-5.99
-5.7
-5.82
-5.53
-5.42
-5.78
-5.66
-5.17
-5.78
-6.36
-6.3
-6.38
-6.46
-6.39
-5.73
-5.69
-6.22
-5.88
-6.28
-6.51
-6.44
-5.76
-6.21
-6.52
-6.2
-5.96
-6.46
-6.36
-6.44
-6.39
-5.77
-5.19
-6.11
-6.39
-6.39
-6.23
-6.08
-5.89
-6.05
-6.09
-6.07
-5.7
-6.66
-6.67
-6.08
-6.01
-6.01
-6.63
-6.09
-6.27
-7.03
-6.63
-6.6
-7.47
-6.81
-6.28
-6.52
-6.62
-6.64
-6.42
-5.75
-5.75
-5.68
-6.39
-6.39
-6.36
-6.17
-6.2
-5.86
-5.86
-5.95
-6.05
-5.47
-5.92
-5.6
-5.53
-6.37
-6.81
-6.4
-6.34
-6.86
-6.86
-6.2
-5.29
-5.68
-5.56
-6.02
-6.48
-6.33
-6.58
-6.84
-6.43
-6.05
-6.48
-6.76
-6.52
-7
-6.71
-5.94
-5.63
-5.63
-6.64
-6.03
-6.43
-6.99
-6.64
-6.28
-6.51
-6.17
-5.73
-6.02
-6.86
-6.86
-7.71
-7.79
-7.79
-6.97
-6.62
-6.66
-6.66
-6.38
-7.23
-7.03
-6.82
-7.26
-6.69
-6.01
-5.99
-6.55
-6.55
-6.45
-6.45
-7.23
-6.86
-6.87
-7.03
-6.91
-7.23
-7.15
-6.72
-6.94
-7.07
-7.38
-6.91
-6.84
-6.64
-5.9
-5.89
-5.86
-5.86
-5.1
-6.1
-6.68
-6.09
-6.48
-6.62
-6.45
-6.67
-7.53
-7.02
-6.45
-5.99
-6.09
-5.81
-5.92
-5.92
-5.47
-5.73
-6.28
-5.82
-5.38
-5.38
-6.21
-5.86
-6.09
-6.11
-6.53
-6.33
-6.16
-6.18
-5.5
-5.5
-6.04
-6.03
-5.52
-5.52
-6.48
-6.29
-6.29
-6.38
-5.91
-5.91
-5.98
-5.3
-5.18
-5.74
-5.73
-5.79
-6.46
-6.67
-5.29
-5.3
-5.66
-5.7
-5.27
-5.65
-5.9
-5.9
-5.26
-5.66
-5.77
-6.51
-6.96
-6.71
-6.57
-6.57
-6.88
-6
-6.35
-6.35
-5.85
-5.47
-5.81
-5.81
-5.1
-5.01
-5.69
-5.45
-5.51
-5.97
-5.93
-6.05
-6.76
-7.22
-6.63
-6.65
-6.87
-6.33
-6.33
-5.59
-5.92
-5.46
-5.52
-5.84
-5.4
-5.66
-6.16
-5.7
-5.69
-5.63
-5.53
-5.02
-6.01
-6.75
-6.5
-6.39
-6.55
-6.12
-5.81
-5.78
-5.55
-5.37
-5.4
-5.97
-6.07
-6
-6.36
-6.18
-5.92
-6.64
-6.64
-7.13
-7.33
-7.53
-7.53
-6.31
-5.94
-6.66
-6.68
-6.79
-6.84
-5.86
-5.75
-6.03
-6.19
-5.47
-6.27
-6.95
-6.71
-6.84
-7.27
-7.33
-7.33
-5.94
-5.6
-5.09
-4.95
-5.39
-5.13
-5.5
-5.86
-6.24
-6.24
-6.76
-6.65
-6.65
-5.67
-6.31
-6.31
-5.96
-6
-5.95
-6.04
-6.26
-6.72
-6.76
-6.73
-6.77
-6.77
-5.32
-5.2
-5.25
-5.51
-6.23
-6.91
-6.65
-6.41
-6.55
-6.11
-5.65
-6.28
-6.52
-6.22
-6.32
-6.52
-6.45
-6.09
-6.13
-6.13
-6.06
-6.42
-6.47
-6
-6
-5.66
-5.58
-4.92
-5.75
-6.29
-6.16
-6.85
-6.51
-6.34
-6.34
-5.87
-5.87
-5.19
-5.73
-6.06
-6.07
-6.28
-6.76
-6.46
-5.64
-5.5
-5.78
-5.6
-5.91
-6.17
-5.84
-6.17
-6.63
-6.26
-5.66
-5.67
-6.01
-5.76
-5.76
-5.8
-5.03
-4.98
-5.77
-5.8
-5.48
-5.65
-6.08
-5.72
-5.72
-5.74
-6.06
-6.06
-6.04
-5.45
-4.57
-4.35
-4.35
-5.42
-5.4
-5.25
-4.79
-4.5
-4.61
-5.04
-4.93
-5.47
-6.04
-5.89
-5.36
-5.23
-5.12
-4.59
-5.45
-6.07
-5.68
-5.48
-6.03
-6.08
-5.79
-6
-6.15
-5.92
-5.93
-5.93
-5.99
-5.99
-6.21
-6.45
-6.04
-6.2
-6.2
-6.6
-6.2
-6.62
-6.32
-6.23
-6.27
-6.55
-6.1
-6.1
-6.99
-6.89
-6.56
-6.56
-6.77
-6.32
-7.13
-7.27
-6.06
-5.97
-6.33
-6.24
-6.04
-6.28
-6.66
-6.14
-6.19
-5.94
-5.49
-5.5
-6.05
-5.85
-5.57
-6.21
-6.21
-6.47
-6.69
-6.66
-6.47
-5.58
-5.6
-5.63
-5.16
-5.37
-5.37
-5.07
-4.97
-5.32
-6.5
-6.66
-6.96
-6.82
-6.23
-6.77
-6.63
-5.81
-5.83
-6.49
-6.35
-6.11
-6.89
-6.89
-6.75
-6.19
-6.15
-5.99
-5.57
-5.91
-5.91
-6.44
-6.51
-6.22
-5.72
-5.8
-5.64
-4.88
-4.26
-4.43
-4.43
-5.46
-6.04
-6.04
-6.64
-5.64
-5.9
-6.02
-5.47
-5.85
-5.91
-5.43
-5.23
-4.92
-4.5
-4.74
-5.38
-5.13
-4.88
-4.21
-4.36
-4.67
-4.67
-6.03
-6.51
-6.12
-6.19
-6.44
-5.97
-6.35
-5.77
-5.53
-5.54
-6.17
-6.26
-6.26
-5.69
-6.44
-6.09
-6.09
-5.94
-5.83
-5.83
-5.65
-5.51
-4.62
-4.94
-5.39
-5.46
-5.62
-5.77
-5.12
-4.15
-4.15
-4.73
-4.3
-4.3
-4.82
-5.07
-5.44
-5.95
-6.39
-6.19
-6.99
-7.53
-7.56
-7.19
-7.17
-6.49
-5.42
-5.37
-5.55
-5.55
-5.37
-6
-5.97
-5.97
-6.32
-6.37
-6.35
-6.52
-6.54
-6.12
-6.03
-5.94
-5.43
-5.43
-5.48
-6.21
-5.11
-5.31
-5.18
-4.79
-4.93
-5.54
-6.04
-5.94
-6.18
-6.88
-6.22
-6.35
-6.5
-6.37
-5.78
-6.01
-5.49
-4.54
-4.78
-5.22
-5.23
-5.25
-5.75
-5.92
-5.51
-6.17
-5.32
-4.77
-5.04
-6.22
-5.89
-5.99
-6.59
-6.6
-6.08
-6.41
-6.98
-6.33
-6.32
-6.02
-5.09
-5.07
-5.35
-5.28
-5.08
-5.58
-5.67
-5.71
-6.19
-7.24
-7.42
-7.51
-7.51
-7.3
-6.17
-6.26
-7.04
-6.97
-7.14
-7.43
-7.34
-6.9
-7.1
-6.91
-6.21
-5.84
-6.12
-6.18
-6.18
-6.15
-5.98
-5.71
-5.71
-5.88
-6.94
-6.64
-7.17
-7.21
-7.04
-7.31
-7.52
-7.32
-7.27
-7.41
-6.95
-6.07
-6.2
-6.22
-6.02
-6.56
-7.99
-6.97
-6.6
-6.87
-6.79
-6.78
-6.94
-7.16
-7.09
-7.58
-7.58
-7.46
-7.23
-7.23
-6.79
-6.22
-6.38
-6.38
-6.52
-6.35
-7.18
-6.94
-6.52
-7.96
-8.68
-8.51
-8.23
-8
-7.2
-7.01
-7.01
-7.32
-6.69
-7.35
-7.75
-7.77
-7.75
-7.59
-7.28
-7.03
-7.79
-7.29
-6.23
-6.89
-6.89
-7.43
-7.79
-7.79
-8.08
-7.74
-7.89
-7.51
-7.28
-7.8
-8.29
-7.42
-7.18
-7.44
-7.24
-7.02
-7.5
-7.22
-7.05
-6.86
-6.86
-7.22
-7.66
-7.66
-7.94
-6.82
-6.65
-7.26
-7.13
-7.31
-7.65
-7.1
-6.63
-6.65
-6.65
-6.46
-6.54
-6.93
-6.93
-7.87
-7.94
-7.94
-7.79
-8.16
-8.1
-7.91
-8.24
-8.4
-7.92
-6.98
-6.86
-7.64
-7.64
-7.63
-7.93
-7.86
-7.72
-7.7
-7.52
-7.52
-7.33
-8.01
-7.63
-7.29
-7.39
-7.34
-7.09
-6.95
-7.33
-7.33
-8.16
-8.45
-8.45
-7.87
-7.91
-7.89
-7.34
-7.64
-7.91
-7.46
-7.61
-7.99
-7.58
-6.85
-7.27
-7.77
-7.76
-7.87
-8.35
-8.55
-8.5
-8.95
-9.03
-8.44
-8.56
-8.42
-7.72
-7.5
-7.62
-7.65
-8.17
-8.96
-9.19
-9.19
-8.45
-8.91
-8.36
-8.19
-8.19
-7.59
-7
-7.48
-8.1
-7.86
-7.99
-7.74
-7.3
-7.46
-7.65
-7.62
-7.48
-7.48
-8.29
-8.29
-8.33
-8.45
-8.2
-8.19
-8.17
-8.17
-7.5
-7.62
-7.57
-7.49
-7.93
-8.62
-9.04
-8.4
-8.43
-8.45
-7.46
-7.74
-8.13
-8.1
-7.39
-7.63
-7.71
-7.61
-7.94
-8.46
-7.98
-8.55
-8.92
-9.12
-8.66
-8.59
-8.59
-7.31
-7.41
-7.78
-7.66
-7.52
-8.1
-7.86
-7.44
-8.19
-8.88
-8.53
-8.36
-8.79
-8.88
-8.88
-8.88
-9.61
-9.06
-9.06
-8.6
-7.76
-7.46
-8.31
-8.19
-7.69
-6.89
-7.58
-7.52
-7.6
-8.51
-8.24
-8.02
-8.02
-8.44
-7.94
-8.2
-8.42
-7.81
-7.81
-8.27
-8.12
-7.61
-7.91
-8.39
-8.2
-8.11
-8.15
-8.26
-8.71
-8.71
-9.11
-8.31
-8.46
-8.17
-8.17
-8.28
-8.13
-8.69
-8.51
-8.25
-8.06
-7.95
-8.07
-8.73
-8.62
-8.32
-8.07
-8.32
-8.32
-7.74
-7.23
-7.31
-7.51
-7.62
-7.63
-7.85
-8.57
-8.43
-7.85
-7.89
-8.44
-7.93
-8.08
-8.16
-8.16
-8.32
-8.68
-8.51
-7.88
-7.49
-7.77
-7.86
-7.65
-8.41
-8.77
-8.33
-8.4
-8.95
-8.33
-8.06
-8.68
-8.68
-8.47
-8.16
-8.17
-8.08
-8.07
-8.27
-7.97
-7.65
-8.39
-8.43
-8.26
-8.36
-8.3
-7.95
-8.36
-9.11
-9.11
-8.5
-9.14
-9.64
-9.42
-9.44
-9.28
-8.84
-8.53
-8.26
-8.31
-7.53
-7.3
-7.85
-8.08
-8.26
-8.77
-8.77
-8.58
-9.02
-8.91
-8.91
-8.37
-8.37
-8
-7.7
-7.66
-7.72
-6.76
-7.19
-6.66
-6.42
-6.82
-7.32
-7.32
-7.27
-7.97
-8.77
-7.97
-7.92
-8.06
-7.78
-7.35
-7.52
-7.91
-7.71
-7.84
-8.13
-7.48
-7.25
-7.44
-7.71
-6.92
-7.38
-7.84
-7.34
-7.34
-6.45
-6.27
-6.13
-6.24
-5.91
-5.54
-5.72
-5.8
-5.6
-5.77
-6.23
-6.23
-5.5
-5.88
-6.36
-6.26
-6.45
-6.35
-5.98
-5.7
-5.91
-6.28
-6.1
-6.46
-6.4
-5.62
-5.41
-6.05
-6.61
-6.61
-7.14
-7.14
-6.45
-6.45
-6.58
-6.52
-6.2
-6.85
-6.76
-6.06
-6.62
-6.77
-5.68
-5.61
-5.94
-5.94
-5.9
-6.31
-6.31
-5.71
-5.71
-6.69
-6.18
-5.72
-6.67
-6.41
-6.07
-6.23
-6.97
-6.84
-7.84
-8.55
-8.63
-8.25
-8.13
-8.61
-8.33
-8.57
-8.43
-8.2
-7.98
-7.62
-7.42
-7.37
-7.35
-7.34
-6.91
-6.91
-7.59
-7.59
-7.73
-8.28
-8.11
-8.11
-7.69
-8.03
-7.75
-7.89
-8.22
-7.74
-7.32
-7.33
-7.53
-7.46
-7.69
-7.99
-7.81
-8.12
-8.12
-8.4
-8.49
-9.03
-9.29
-9.29
-8.28
-8.31
-8.19
-7.69
-7.77
-7.75
-7.34
-7.06
-7.06
-6.96
-7.46
-7.46
-8.01
-7.81
-8.01
-7.55
-6.96
-6.97
-7.71
-7.81
-7.82
-8.23
-8.38
-7.75
-7.66
-7.66
-7.84
-7.63
-7.92
-7.99
-7.7
-7.7
-8.17
-7.65
-7.42
-7.59
-7.09
-7.18
-7.67
-7.23
-6.69
-7.02
-7.35
-6.59
-6.59
-6.37
-6.82
-6.55
-6.86
-6.76
-7.19
-7.73
-8.18
-7.66
-7.02
-7.18
-6.92
-6.3
-6.74
-6.9
-6.9
-6.91
-7.1
-7.42
-7.25
-7.41
-7.8
-7.66
-7.44
-7.76
-7.62
-6.8
-6.99
-6.76
-6.87
-7.15
-7.38
-7.38
-6.55
-6.55
-6.59
-6.19
-6.91
-6.92
-6.37
-6.56
-6.88
-6.67
-6.55
-6.89
-6.64
-6.21
-6.52
-7.13
-7.07
-7.07
-6.96
-6.47
-6.55
-7.04
-7.12
-6.58
-6.67
-7.3
-7.18
-6.59
-6.61
-6.11
-5.88
-6.6
-7.27
-6.84
-6.84
-6.47
-6.54
-5.57
-5.79
-5.64
-5.41
-5.41
-6.5
-6.17
-6.44
-6.57
-6.19
-5.59
-6.67
-7.11
-6.93
-6.93
-5.82
-6.16
-6.02
-5.81
-6.04
-6.04
-6.55
-6.6
-6.42
-6.14
-6.87
-7.39
-7.1
-7.43
-7.68
-7.08
-6.85
-6.76
-6.66
-6.65
-6.65
-7.91
-7.39
-7.4
-7.57
-7.14
-6.2
-6.44
-5.74
-5.47
-6.04
-6.5
-5.67
-5.67
-5.26
-5.93
-5.79
-6.28
-6.28
-6.45
-5.91
-5.91
-6.46
-6.4
-6.91
-7.2
-6.97
-7.3
-7.66
-6.97
-6.87
-6.87
-6.68
-6.45
-6.83
-7.22
-6.95
-7.26
-7.42
-7.27
-7.72
-7.94
-7.51
-6.31
-5.96
-5.94
-6.25
-7.14
-7.98
-8.11
-8.11
-8.57
-8.66
-8.66
-7.14
-7.14
-7.56
-7.5
-7.49
-7.89
-7
-7.14
-7.05
-6.57
-6.57
-6.92
-6.92
-6.23
-7.24
-7.64
-6.88
-6.88
-6.94
-6.18
-5.83
-6
-6.29
-5.53
-5.8
-6.3
-6.04
-6.12
-6.84
-6.43
-6.43
-6.28
-6.38
-5.98
-6.32
-5.65
-5.46
-5.48
-6.19
-6.79
-6.56
-6.75
-6.51
-5.4
-5.35
-5.7
-5.94
-5.93
-6.38
-6.13
-6.13
-5.26
-6.36
-5.83
-5.91
-6.49
-6.24
-5.92
-5.76
-5.96
-5.9
-5.9
-5.76
-5.15
-5.39
-5.51
-5.59
-5.13
-5.13
-5.99
-6.4
-5.94
-6.11
-5.94
-6.08
-6.74
-7.36
-7.02
-6.77
-6.58
-6.34
-6.34
-7.12
-7.26
-6.84
-6.98
-7.65
-6.92
-6.46
-6.27
-6.47
-6.43
-6.9
-7.13
-6.32
-6.44
-6.44
-6.73
-6.72
-6.72
-6.61
-6.34
-6.47
-6.52
-5.99
-6.7
-6.95
-6.7
-6.68
-7.38
-7.64
-6.56
-6.06
-6.27
-6.19
-6.36
-6.36
-6.8
-6.12
-6.12
-6.55
-6.2
-6.57
-6.98
-7.03
-6.91
-7.12
-7.06
-6.49
-6.59
-6.59
-6.7
-6.26
-6.07
-6.03
-5.91
-6.42
-6.77
-6.15
-6.53
-7.03
-6.4
-5.92
-6.14
-6.06
-5.45
-5.45
-6.36
-6.44
-6.83
-6.99
-6.89
-6.81
-6.81
-6.85
-6.22
-6.29
-6.25
-6.14
-6.09
-6.51
-6.98
-6.33
-6.34
-6.58
-6.08
-6.38
-6.21
-6.29
-5.63
-5.55
-5.67
-5.42
-5.62
-5.86
-5.41
-5.98
-6.68
-7.25
-6.62
-6.44
-6.44
-6.58
-5.8
-5.81
-5.59
-5.71
-6.23
-6.33
-5.59
-5.39
-6.06
-5.57
-5.13
-6.08
-6.54
-6.28
-6.01
-6.26
-6.33
-6.33
-6.52
-6.11
-6.11
-5.46
-5.48
-5.75
-6.23
-7.19
-7.21
-7.13
-7.1
-6.74
-6.51
-6.11
-6.05
-5.33
-5.2
-5.22
-4.56
-4.41
-4.69
-5.53
-5.85
-6.16
-6.49
-6.51
-6.48
-6.73
-6.4
-6.28
-6.28
-6.35
-5.49
-5.54
-5.83
-5.75
-5.51
-5.77
-5.72
-5.53
-5.74
-6.13
-5.68
-6.06
-6.38
-6.54
-6.74
-6.82
-6.31
-5.3
-6.01
-6.54
-6.3
-6.04
-6.01
-5.8
-5.4
-5.99
-6.19
-5.68
-6.21
-6.88
-6.64
-6.27
-6.31
-6.27
-5.52
-5.54
-5.54
-6.6
-6.62
-6.65
-6.3
-6.23
-6.64
-6.88
-6.72
-7.47
-8.16
-7.83
-7.19
-7.06
-6.58
-6.49
-6.66
-6.66
-5.91
-5.91
-6.43
-6.48
-6.17
-5.97
-6.28
-6.13
-6.66
-6.54
-6.17
-5.58
-5.86
-6.04
-6.04
-5.86
-6.27
-5.52
-5.73
-6.17
-6.12
-6.09
-7.09
-7.8
-7.48
-7.6
-7.63
-7.18
-7.27
-6.99
-6.55
-5.85
-6.17
-6.17
-6.47
-6.47
-7.18
-6.34
-6.34
-5.68
-5.73
-5.25
-5.49
-6.36
-6.96
-7.48
-7.64
-7.24
-6.73
-6.57
-6.56
-6.1
-6.1
-6.28
-6.22
-6.15
-6.86
-6.74
-6.71
-6.77
-6.69
-6.17
-5.64
-6.09
-5.36
-5.7
-6.78
-7.21
-7.21
-6.16
-5.99
-5.68
-6.1
-6.43
-6.56
-5.75
-5.29
-5.4
-5.26
-5.39
-6.24
-6.69
-6.28
-6.41
-6.69
-6.01
-6.01
-6.35
-6.77
-6.99
-7.82
-7.94
-7.32
-7.03
-6.73
-5.57
-5.31
-5.97
-6.25
-6.13
-5.96
-6.4
-5.38
-5.38
-5.75
-5.81
-6.03
-6.18
-6.1
-5.54
-6.06
-6.84
-6.58
-6.4
-6.04
-5.92
-5.22
-4.8
-4.84
-4.69
-5.18
-5.6
-5.6
-6.05
-6.05
-6.23
-5.99
-5.86
-6.01
-5.17
-5.85
-6.73
-6.82
-7.07
-7.43
-7.43
-7.17
-7.11
-7.24
-7
-7.22
-7.86
-8.23
-7.5
-7.37
-7.04
-6.44
-6.83
-7.52
-7.54
-7.71
-7.84
-7.48
-7.48
-7.93
-8.76
-8.73
-8.25
-7.95
-7.49
-7.17
-7.2
-6.93
-6.6
-6.91
-6.89
-6.54
-6.34
-7.29
-7.76
-7.76
-6.79
-6.34
-5.39
-5.39
-6.52
-6.42
-5.82
-5.92
-5.85
-5.46
-5.77
-6.62
-7.16
-7.4
-7.62
-7.42
-7.42
-6.94
-6.94
-7.1
-6.58
-6.78
-6.64
-6.13
-6.28
-6.4
-6.15
-6.55
-6.58
-6.01
-6.04
-6.08
-6.51
-6.51
-7.53
-8.1
-7.53
-7.55
-8.12
-7.87
-7.37
-7.65
-7.29
-6.81
-6.65
-6.99
-6.81
-6.61
-6.86
-6.8
-5.97
-5.7
-6.22
-5.62
-5.85
-6.08
-6.48
-6.73
-7.03
-7.34
-6.71
-6.5
-6.43
-6.12
-7.21
-7.49
-7.53
-6.96
-7.77
-8.03
-7.39
-7.39
-7.69
-7.23
-6.62
-7.19
-7.27
-6.78
-7.23
-7.32
-6.76
-6.41
-6.55
-6.86
-6.86
-6.27
-6.37
-6.37
-7.08
-7.76
-7
-5.75
-6.38
-6.26
-5.61
-5.75
-5.7
-5.99
-6.18
-6.61
-6.81
-6.06
-6.36
-6.69
-6.31
-6.51
-6.33
-5.86
-5.47
-5.85
-5.9
-5.53
-5.86
-6.04
-5.99
-6.29
-7.02
-6.81
-6.81
-5.95
-6.95
-6.95
-7.11
-7.09
-6.77
-6.67
-6.97
-7.06
-5.85
-5.95
-5.92
-5.84
-5.99
-6.48
-6.37
-5.86
-6.28
-6.94
-6.99
-6.69
-6.63
-6.63
-6.44
-6.79
-7.26
-6.89
-7.55
-7.78
-7.31
-6.86
-6.72
-6.55
-6.37
-6.37
-6.78
-6.83
-6.83
-6.82
-6.64
-6.86
-7.31
-7.27
-6.46
-5.89
-5.89
-4.79
-5.31
-5.73
-5.97
-5.97
-6.09
-6.71
-6.67
-6.67
-6.43
-5.54
-5.65
-6.21
-6.83
-6.91
-7.37
-7.49
-6.31
-6.45
-6.72
-6.34
-5.99
-6.79
-6.79
-6.66
-7.06
-7.28
-7.28
-6.35
-7.02
-7.14
-7.12
-7.36
-7.78
-7.34
-7.33
-7.65
-7.28
-6.2
-5.86
-6.16
-6.16
-6.77
-7.83
-7.49
-7.13
-7.24
-7.18
-6.68
-6.88
-6.88
-6.12
-5.97
-6.73
-6.86
-6.86
-6.78
-6.2
-6.2
-5.34
-6.38
-6.31
-6.31
-6.66
-7.15
-6.89
-7.37
-7.31
-6.62
-6.26
-7.03
-7.13
-6.92
-6.77
-6.99
-6.52
-6.52
-7.07
-7.32
-6.94
-7.22
-6.79
-6.48
-7.22
-6.7
-5.98
-5.77
-6.65
-6.47
-6.6
-6.6
-6.17
-6.02
-6.02
-6.35
-6
-6.06
-6.28
-6.13
-5.49
-5.75
-5.41
-5.46
-5.99
-5.95
-5.7
-6.02
-6.02
-6.45
-6.25
-6.25
-6.79
-6.45
-6.23
-6.57
-6.87
-6.37
-6.68
-6.78
-6.29
-6.2
-6.16
-6.25
-6.08
-6.14
-6
-6
-5.65
-5.82
-5.82
-5.33
-6.39
-6.17
-6.23
-6.68
-6.69
-5.45
-5.34
-6.09
-6.45
-6.98
-6.98
-7.32
-7.32
-6.41
-6.46
-5.5
-5
-5.02
-4.74
-5.02
-5.74
-5.59
-4.92
-5.28
-5.17
-4.84
-4.6
-5.49
-5.63
-5.63
-5.97
-6.28
-5.04
-5.28
-5.73
-5.97
-6.2
-5.71
-5.6
-5.65
-5.97
-5.87
-5.02
-4.59
-4.88
-4.7
-4.48
-4.48
-5.2
-4.94
-4.94
-5.12
-5.11
-5.18
-5.01
-4.75
-4.84
-5.64
-6.24
-5.95
-5.63
-5.86
-5.86
-5.83
-6.48
-6.92
-6.19
-5.8
-5.97
-6.03
-6.23
-6.32
-6.43
-6.21
-6.69
-6.73
-5.77
-5.16
-5.28
-5.84
-6.41
-7.18
-7.03
-6.4
-6.35
-6.41
-6.54
-6.4
-6.94
-7.34
-6.73
-7.25
-6.78
-5.77
-5.82
-5.89
-5.31
-4.92
-5.21
-5.21
-6.09
-6.41
-6.27
-5.66
-5.92
-6.62
-6.62
-6.28
-6.72
-6.83
-6.42
-6.36
-6.84
-6.84
-6.28
-6.54
-6.8
-6.46
-6.46
-6.77
-6.32
-6.14
-6.28
-6.83
-6.89
-7.54
-7.76
-7.31
-7.37
-7.32
-7.05
-7.19
-7.53
-7.04
-6
-6.2
-6.51
-6.38
-6.55
-6.89
-6.61
-6.28
-6.39
-6.34
-5.75
-5.46
-5.55
-5.55
-5.13
-5.93
-5.93
-5.58
-6.61
-6.8
-5.92
-6.14
-7
-6.9
-6.98
-7.37
-7.9
-7.35
-7.32
-7.32
-7.4
-6.63
-6.63
-6.45
-6.34
-6.15
-6.17
-5.49
-5.86
-6.25
-6.09
-6.34
-6.68
-7.05
-6.73
-6.54
-6.31
-6.31
-5.84
-6.37
-6.37
-6.46
-5.85
-5.97
-5.51
-5.06
-5.37
-5.45
-5.69
-6.03
-6
-5.62
-5.93
-6.26
-5.46
-5.46
-4.93
-4.93
-4.92
-5.53
-6.14
-5.98
-6.29
-6.94
-6.33
-6.42
-6.37
-6.52
-6.22
-6.68
-6.3
-5.68
-5.37
-5.23
-4.97
-4.97
-4.73
-4.9
-4.62
-5.42
-5.98
-5.65
-5.87
-5.98
-5.41
-5.06
-5.79
-6.1
-5.31
-5.47
-5.39
-5.44
-5.44
-6.3
-6.29
-5.8
-6.26
-6.65
-6.18
-5.98
-5.85
-5.93
-5.81
-6.17
-6.43
-5.95
-6.31
-6.09
-5.63
-5.63
-6.13
-5.92
-5.35
-5.82
-5.97
-5.27
-5.11
-5.19
-4.94
-4.51
-5.33
-5.76
-5.33
-5.45
-6.48
-6.13
-5.34
-5.34
-5.96
-5.47
-5.46
-5.4
-4.89
-5.06
-5.24
-5.82
-6.25
-7.11
-6.52
-6.38
-6.38
-7.25
-6.73
-6.45
-6.66
-6.87
-6.25
-6.36
-7.13
-6.35
-6.02
-6.65
-6.48
-5.87
-5.69
-5.94
-5.48
-5.99
-5.99
-6.48
-6.57
-7.3
-7.2
-6.44
-6.4
-6.35
-5.8
-5.78
-6.38
-6.75
-6.51
-6.47
-6.39
-5.93
-6.3
-6.47
-5.99
-5.99
-5.85
-6.13
-5.62
-6.29
-7.07
-6.68
-6.68
-6.39
-6.6
-7.25
-7.85
-7.95
-7.18
-7.02
-7.13
-6.46
-6.62
-6.84
-6.84
-6.42
-6.52
-6.09
-5.32
-5.43
-5.42
-5.29
-5.32
-5.75
-5.64
-5.46
-5.9
-5.9
-6.31
-6.76
-7.14
-6.54
-6.41
-6.96
-6.78
-5.57
-5.66
-6.22
-5.86
-5.9
-6.38
-6.44
-6.14
-6.33
-6.33
-6.46
-6.46
-7.06
-7.06
-6.52
-6.67
-7.11
-6.82
-7.15
-7.96
-7.53
-7.52
-7.96
-6.65
-5.8
-5.98
-6.08
-6.08
-6.44
-6.44
-6.11
-6.41
-7.11
-6.68
-5.63
-5.36
-5.59
-5.53
-5.45
-5.58
-6.07
-6.49
-7.51
-8.06
-7.15
-6.82
-6.86
-6.79
-6.44
-6.45
-6.25
-5.6
-6.2
-6.7
-6.23
-6.29
-6.26
-5.59
-5.14
-5.67
-6.43
-6.67
-7.03
-7.03
-7.38
-6.85
-6.99
-6.56
-6.07
-6.54
-7.12
-7.11
-7.15
-7.41
-6.96
-6
-6.49
-6.49
-6.59
-6.71
-6.71
-6.72
-6.85
-6.59
-6.37
-6.14
-6.38
-6.7
-6.63
-6.51
-6.51
-6.24
-5.97
-6.12
-6.76
-6.41
-6.33
-6.69
-6.69
-6.94
-7.24
-7.28
-6.25
-6.3
-5.92
-5.45
-5.74
-6.09
-5.7
-5.62
-5.54
-5.58
-5.56
-5.85
-6.01
-5.43
-4.95
-5.64
-6.45
-5.76
-6
-6.42
-6.19
-6.12
-5.86
-5.68
-5.53
-5.69
-4.68
-4.68
-4.93
-4.93
-5.35
-5.38
-5.78
-5.69
-5.11
-5.33
-5.42
-5.36
-5.74
-5.64
-5.68
-5.37
-5.86
-5.73
-5.73
-5.66
-5.66
-6.01
-5.28
-5.36
-5.77
-5.48
-5.67
-5.75
-5.14
-5.19
-5.76
-5.88
-6.18
-6.32
-6.08
-6.08
-5.58
-5.51
-5.51
-4.86
-5.02
-5.6
-6.08
-6.72
-7.25
-6.52
-6.19
-6.01
-5.75
-5.85
-6.28
-5.65
-5.3
-5.56
-6.14
-6.14
-5.86
-5.58
-5.52
-5.1
-5.38
-5.55
-5.42
-6
-6.45
-6.61
-6.14
-6.12
-5.75
-4.99
-4.99
-5.43
-5.13
-5.13
-6.63
-6.57
-6.54
-6.3
-6.36
-5.78
-6
-6.5
-5.94
-5.58
-5.98
-5.98
-5.93
-5.93
-7.63
-7.12
-7.12
-7.37
-7.07
-7.02
-7.47
-7.63
-7.22
-7.24
-7.37
-6.73
-6.26
-6.58
-6.34
-5.91
-5.91
-6.93
-6.73
-7.12
-7.04
-6.71
-6.39
-6.56
-6.28
-5.51
-5
-4.82
-4.73
-4.93
-5.01
-5.43
-5.93
-5.93
-6.58
-6
-6
-5.3
-4.89
-5.23
-6.08
-6.71
-6.85
-7.1
-7.22
-6.61
-6.28
-6.69
-6.4
-5.85
-5.85
-6.67
-6.67
-6.36
-7.06
-6.58
-6.26
-6.55
-6.26
-5.62
-5.68
-6.23
-5.62
-5.25
-5.56
-6.21
-6.06
-6.19
-5.95
-6.03
-6.03
-6.51
-6.51
-6.06
-5.86
-6
-5.6
-5.16
-5.48
-4.83
-5.01
-5.72
-5.42
-5.08
-5.08
-5.55
-5.4
-5.74
-6.27
-5.72
-5.47
-5.7
-5.84
-5.19
-5.29
-5.84
-5.45
-5.71
-5.63
-4.86
-3.82
-4.04
-4.04
-4.57
-4.92
-4.92
-4.7
-4.93
-5.18
-5.39
-5
-5.29
-5.56
-5.26
-5.5
-5.71
-5.34
-5.34
-6.11
-6.11
-5.23
-5.7
-5.7
-4.61
-4.43
-4.98
-5.76
-5.67
-5.87
-6.01
-5.36
-5.46
-5.11
-5.03
-5.01
-5.3
-5.06
-4.35
-4.65
-4.65
-6.11
-6.14
-6.13
-6.08
-5.67
-5.71
-5.9
-5.94
-6.11
-6.52
-6.61
-6.44
-6.59
-6.38
-6.38
-5.78
-6.33
-5.75
-5.89
-6.3
-6.2
-5.78
-6.22
-5.84
-5.42
-5.78
-6.49
-6.57
-6.48
-6.66
-6.86
-6.86
-5.75
-5.71
-5.71
-5.46
-6.03
-5.98
-5.79
-6.44
-6.81
-6.19
-5.86
-5.63
-5.23
-5.84
-6.36
-6.5
-6.22
-6.08
-6.26
-5.85
-6.12
-6.29
-5.9
-5.44
-5.06
-4.78
-4.87
-5.41
-6.01
-6.01
-5.72
-5.95
-6.45
-6.45
-6.43
-6.43
-6.22
-6.09
-6.57
-6.18
-6.57
-7.47
-7.65
-6.74
-6.64
-6.93
-6.05
-5.74
-5.74
-5.77
-6.22
-6.22
-5.89
-5.54
-5.47
-5.57
-5.87
-6.06
-6.73
-6.91
-6.12
-6.56
-6.16
-5.38
-5.66
-6.24
-6.62
-6.62
-6.45
-6.51
-6.4
-6.38
-6.29
-5.98
-5.55
-6.13
-6.43
-5.9
-5.91
-5.93
-5.31
-5.45
-5.98
-6.13
-6.13
-6.43
-6.4
-6.4
-5.5
-5.54
-5.44
-5.49
-5.53
-5.4
-5.64
-6.26
-6.1
-5.74
-6.14
-5.98
-5.74
-5.64
-6.28
-6.08
-5.72
-6.18
-6.46
-5.78
-5.88
-6.05
-6.44
-6.3
-6.74
-6.7
-5.55
-5.61
-6.13
-6.13
-5.47
-5.75
-5.39
-5.18
-5.7
-6.24
-6.29
-6.47
-7.06
-7.03
-6.35
-6.6
-6.5
-6.06
-6.1
-6.09
-5.39
-4.98
-5.24
-5.24
-5.77
-4.97
-5.13
-5.39
-5.46
-5.51
-5.67
-5.36
-5.86
-6.24
-5.53
-5.55
-5.69
-5.59
-5.59
-6.12
-6.51
-6.12
-6.79
-6.68
-5.79
-5.42
-5.45
-5.14
-5.06
-5.63
-5.77
-5.52
-6.18
-6.39
-5.68
-5.69
-5.57
-5.73
-5.22
-5.22
-5.5
-5.68
-6.41
-7.03
-6.93
-6.52
-6.21
-5.67
-5.32
-5.52
-5.68
-5.13
-5.25
-5.77
-5.77
-5.28
-5.46
-5.59
-5.67
-5.91
-6.23
-6.25
-5.72
-5.61
-5.93
-5.26
-5.97
-7.36
-8.2
-8.2
-8.84
-9.23
-8.27
-7.78
-7.65
-6.78
-6.7
-7.33
-7.35
-6.89
-7.06
-6.72
-6.5
-6.91
-7.25
-7.37
-7.37
-7
-6.5
-6.5
-5.97
-6.44
-6.46
-6.78
-7.19
-7.15
-7.06
-6.52
-6.27
-5.58
-6.42
-6.68
-6.36
-6.08
-6.08
-6.1
-5.92
-5.92
-6.63
-6.68
-6.82
-6.55
-6.48
-6.2
-6.85
-7.2
-7.12
-7.37
-7.15
-6.16
-6.16
-5.96
-6.37
-6.37
-6.39
-7.31
-6.65
-6.5
-6.46
-6.02
-5.55
-6.01
-6.38
-5.89
-5.82
-6.41
-6.41
-6.2
-5.68
-5.68
-5.59
-5.59
-6.84
-6.21
-5.72
-5.68
-5.17
-5.58
-6.26
-6.4
-6.16
-6.37
-6.51
-5.89
-5.92
-6.49
-6.49
-6.16
-6.54
-6.77
-5.92
-6.39
-6.16
-5.64
-5.53
-6.65
-7.46
-7.26
-7.26
-6.32
-5.12
-4.44
-4.58
-4.58
-5.66
-5.88
-6.11
-5.64
-5.49
-5.5
-5.28
-5
-5.73
-5.84
-5.15
-5.48
-6.18
-6.18
-6.34
-6.23
-5.87
-5.23
-5.04
-5.2
-4.39
-4.41
-5
-5.24
-6.01
-6.62
-6.65
-6.06
-5.54
-5.85
-5.48
-6.02
-6.25
-6.25
-5.12
-5.12
-5.72
-4.54
-4.7
-5.76
-6.26
-6
-6.34
-6.22
-4.79
-5.3
-5.57
-5.86
-6.03
-5.95
-6.12
-5.86
-5.86
-7.08
-6.94
-7.22
-7.53
-6.81
-6.54
-7.02
-6.92
-6.27
-6.53
-6.89
-6.49
-6.49
-6.35
-6.42
-6.04
-6.17
-5.9
-5.19
-5.49
-5.82
-6.22
-6.3
-6.95
-6.74
-6.5
-6.84
-6.95
-6.12
-6.12
-6.53
-6.49
-6.26
-6.38
-6.23
-5.69
-6.09
-6.38
-5.77
-5.58
-5.8
-6.44
-6.36
-6.68
-6.83
-6.47
-6.59
-6.59
-6.24
-6.28
-7.03
-6.87
-6.3
-6.42
-6.78
-6.35
-5.94
-5.69
-5.94
-5.86
-6.15
-6.06
-5.98
-6.3
-6.3
-5.81
-5.81
-5.21
-5.4
-5.45
-5.78
-6.21
-5.9
-5.62
-5.87
-5.58
-5.43
-5.7
-5.95
-5.52
-5.52
-6.03
-6.03
-5.86
-6.89
-6.89
-6.78
-7.19
-7.53
-6.73
-6.55
-6.93
-6.79
-6
-6.16
-6.04
-5.2
-5.01
-5.86
-6.05
-6.11
-6.11
-7.39
-7.45
-7.66
-7.17
-6.03
-5.87
-6.54
-6.69
-6.34
-6.46
-7.29
-6.92
-7.14
-7.29
-7.29
-7
-6.46
-6.29
-5.94
-5.9
-5.86
-4.94
-5.22
-5.36
-5.55
-5.15
-5.41
-5.08
-5.15
-5.04
-5.21
-5.21
-5.54
-5.54
-5.85
-5.85
-6.15
-6.46
-5.69
-5.67
-5.24
-4.99
-4.52
-5.26
-5.92
-5.51
-5.57
-6.01
-6.06
-6.08
-6.08
-5.81
-5.4
-5.22
-6.13
-6.22
-5.93
-6.07
-6.14
-5.69
-5.41
-5.35
-5.03
-5.33
-5.02
-4.36
-4.36
-5.82
-5.87
-5.33
-5.73
-6.32
-5.89
-6.19
-6.94
-7.13
-6.9
-7.01
-7.01
-6.67
-5.98
-6.02
-6.08
-6.27
-6.27
-6.36
-6.01
-6.45
-6.51
-5.93
-5.95
-6.51
-6.77
-6.31
-6.17
-5.93
-5.65
-5.16
-4.84
-4.61
-4.61
-5.02
-6.59
-6.59
-6.41
-6.6
-6.38
-6.2
-6.23
-5.65
-5.9
-6.17
-5.98
-5.29
-5.5
-5.98
-5.98
-6.21
-6.21
-6.49
-6.27
-6.5
-6.29
-5.3
-5.6
-5.98
-5.77
-6.1
-6.1
-6.01
-5.98
-6.68
-6.61
-6
-6
-5.91
-6.41
-5.97
-6.47
-6.37
-5.95
-5.93
-6.75
-6.66
-6.52
-6.93
-7.07
-6.5
-6.64
-6.49
-6.49
-5.28
-5.93
-6.4
-6.4
-6.44
-6.4
-6.28
-6.86
-6.79
-6.4
-6.03
-6.41
-6.8
-6.21
-6.46
-7.31
-6.84
-6.84
-5.84
-5.84
-5.44
-5.19
-5.27
-5.13
-5.28
-6.03
-5.83
-5.53
-5.68
-5.41
-4.41
-4.26
-4.91
-4.91
-5.05
-5.26
-5.45
-5.36
-5.69
-5.94
-4.93
-4.96
-5.37
-5.65
-5.61
-6.37
-6.07
-5.66
-6.14
-6.34
-5.84
-5.78
-6.08
-6.51
-5.94
-5.91
-6.33
-5.7
-5.85
-5.88
-5.27
-5.55
-6.01
-6.29
-5.34
-5.47
-5.5
-5.5
-5.2
-5.2
-5.44
-5.16
-5.83
-5.48
-4.76
-4.91
-4.67
-4.72
-5.47
-6.39
-6.41
-5.85
-6.31
-6.83
-6.54
-6.22
-6.28
-6.28
-6
-6.49
-6.92
-6.6
-6.78
-6.56
-5.71
-5.52
-6.19
-6.82
-6.87
-6.98
-6.64
-5.63
-5.8
-6.14
-6.01
-6.01
-5.91
-6.38
-5.82
-6.33
-6.6
-6.77
-6.89
-7.67
-7.48
-6.65
-6.95
-7.14
-7.14
-6.05
-6.24
-5.83
-5.75
-5.96
-5.95
-5.62
-5.99
-6.18
-5.77
-4.92
-5.58
-6.17
-6.13
-6.03
-6.61
-6.61
-6.39
-6.43
-6.49
-6.65
-7.06
-7.04
-6.17
-6.77
-7.19
-6.33
-6.69
-6.83
-6.17
-6.01
-6.17
-6.62
-6.27
-6.34
-7.04
-7.21
-6.89
-7.17
-7.27
-6.83
-6.65
-6.69
-6.68
-6.84
-7.24
-6.59
-5.58
-5.11
-4.68
-5.27
-5.85
-5.85
-6.16
-6.62
-6.25
-6.2
-5.39
-5.37
-6.16
-5.88
-6.04
-6.7
-6.71
-6.56
-7.02
-7.69
-7.41
-7.41
-6.72
-6.72
-6.08
-5.77
-5.92
-5.28
-6.18
-6.39
-6.39
-6.48
-6.48
-6.26
-6.19
-6.25
-6.32
-5.64
-5.42
-5.42
-6.2
-6.3
-6.16
-6.16
-6.03
-6.15
-6.56
-6.37
-6.42
-6.26
-6.04
-5.94
-5.81
-6.2
-5.86
-5.82
-5.62
-5.36
-4.96
-5.08
-5.08
-4.31
-4.68
-5.21
-5.7
-6.02
-6.6
-6.6
-5.72
-5.42
-5.81
-5.16
-5.05
-5.66
-5.66
-5.58
-5.84
-5.84
-5.39
-5.31
-5.59
-5.66
-5.5
-5.72
-5.25
-5.01
-5.17
-6.07
-5.94
-6.31
-5.82
-5.61
-5.09
-5.74
-6.32
-6.16
-6.04
-6.42
-6.71
-6.84
-6.85
-6.92
-6.12
-5.88
-6
-5.36
-5.71
-6.18
-6.39
-6.31
-6.4
-6.31
-5.56
-5.46
-5.47
-5.39
-5.33
-5.83
-6.07
-5.91
-6.87
-7.25
-7.04
-6.73
-7.09
-7.05
-6.58
-6.57
-6.34
-5.78
-6.31
-6.56
-6.43
-6.36
-6.67
-6.47
-6.02
-6.02
-6.36
-5.06
-5.38
-5.69
-5.76
-6.19
-6.24
-6.24
-6
-6.22
-6.5
-6.54
-6.6
-6.94
-7.4
-6.56
-6.96
-6.96
-6.22
-6.14
-6.57
-5.78
-5.78
-6.74
-6.74
-5.4
-5.58
-6.03
-6.32
-7.07
-7.97
-7.85
-6.8
-7.15
-6.88
-6.27
-5.73
-5.58
-5.25
-4.92
-4.82
-5.07
-4.66
-4.85
-4.9
-5.15
-5.34
-5.93
-5.84
-5.47
-5.38
-5.9
-5.67
-6.23
-7.06
-6.52
-5.63
-5.63
-5.88
-5.35
-5.11
-5.2
-4.91
-4.79
-5.08
-5.48
-5.99
-6.8
-6.91
-6.53
-6.69
-6.5
-6.19
-6.3
-6.7
-6.7
-6.11
-6.31
-6.37
-5.75
-5.61
-5.49
-5.07
-4.66
-5.08
-5.67
-4.97
-5.23
-6.15
-6.15
-6.07
-6.26
-6.37
-5.96
-6.13
-5.94
-5.04
-5.08
-5.5
-5.77
-5.66
-5.85
-5.55
-4.86
-4.86
-5.43
-5.4
-5.4
-6.06
-6.07
-6.03
