88.59
88.56
88.6
88.57
88.57
88.61
88.61
88.61
88.62
88.68
88.66
88.65
88.75
88.72
88.6
88.63
88.52
88.45
88.54
88.65
88.62
88.59
88.6
88.6
88.54
88.6
88.57
88.56
88.6
88.65
88.58
88.5
88.54
88.52
88.53
88.6
88.68
88.67
88.63
88.67
88.66
88.61
88.61
88.65
88.58
88.61
88.68
88.69
88.59
88.62
88.61
88.58
88.64
88.57
88.44
88.36
88.42
88.39
88.43
88.51
88.56
88.58
88.58
88.56
88.52
88.53
88.62
88.56
88.47
88.45
88.51
88.44
88.48
88.56
88.51
88.5
88.62
88.57
88.57
88.62
88.55
88.4
88.4
88.45
88.38
88.35
88.43
88.44
88.44
88.43
88.46
88.42
88.41
88.44
88.4
88.28
88.25
88.18
88.11
88.11
88.26
88.26
88.24
88.33
88.31
88.34
88.41
88.42
88.4
88.31
88.35
88.35
88.37
88.36
88.33
88.28
88.25
88.31
88.22
88.19
88.32
88.28
88.26
88.32
88.32
88.31
88.32
88.37
88.44
88.38
88.43
88.37
88.25
88.29
88.39
88.42
88.41
88.44
88.38
88.42
88.43
88.48
88.48
88.53
88.65
88.64
88.64
88.64
88.66
88.67
88.64
88.67
88.64
88.56
88.59
88.62
88.64
88.65
88.65
88.67
88.7
88.77
88.76
88.72
88.8
88.75
88.73
88.71
88.74
88.62
88.58
88.6
88.53
88.56
88.58
88.61
88.58
88.64
88.68
88.62
88.57
88.64
88.56
88.54
88.57
88.64
88.62
88.73
88.74
88.67
88.62
88.62
88.59
88.5
88.54
88.59
88.57
88.57
88.62
88.61
88.61
88.61
88.59
88.52
88.52
88.54
88.54
88.52
88.56
88.57
88.51
88.54
88.6
88.55
88.59
88.69
88.66
88.62
88.64
88.64
88.56
88.52
88.53
88.5
88.51
88.53
88.47
88.37
88.35
88.39
88.43
88.45
88.56
88.56
88.55
88.58
88.56
88.49
88.47
88.55
88.59
88.61
88.65
88.64
88.58
88.61
88.55
88.53
88.48
88.52
88.51
88.54
88.54
88.51
88.48
88.5
88.5
88.45
88.41
88.46
88.48
88.58
88.62
88.63
88.59
88.5
88.61
88.61
88.62
88.7
88.68
88.67
88.67
88.7
88.7
88.66
88.73
88.67
88.61
88.66
88.66
88.63
88.59
88.64
88.58
88.52
88.59
88.58
88.53
88.56
88.63
88.57
88.65
88.7
88.68
88.64
88.61
88.6
88.56
88.61
88.7
88.65
88.62
88.7
88.63
88.56
88.58
88.57
88.51
88.48
88.62
88.65
88.63
88.61
88.59
88.54
88.55
88.58
88.55
88.54
88.6
88.59
88.56
88.55
88.56
88.51
88.55
88.62
88.66
88.59
88.59
88.55
88.54
88.52
88.54
88.57
88.6
88.64
88.58
88.54
88.55
88.55
88.6
88.63
88.68
88.66
88.66
88.69
88.6
88.58
88.61
88.61
88.57
88.52
88.59
88.59
88.62
88.7
88.7
88.61
88.54
88.57
88.67
88.74
88.82
88.74
88.65
88.65
88.66
88.71
88.76
88.87
88.82
88.81
88.88
88.87
88.79
88.76
88.79
88.74
88.75
88.81
88.73
88.72
88.78
88.69
88.6
88.58
88.61
88.64
88.64
88.73
88.63
88.55
88.6
88.57
88.52
88.56
88.62
88.59
88.62
88.7
88.63
88.55
88.5
88.49
88.41
88.44
88.54
88.51
88.47
88.51
88.49
88.44
88.45
88.56
88.58
88.58
88.6
88.57
88.57
88.6
88.66
88.6
88.58
88.6
88.44
88.44
88.49
88.53
88.57
88.6
88.66
88.57
88.56
88.57
88.51
88.49
88.51
88.47
88.38
88.38
88.5
88.51
88.47
88.59
88.63
88.53
88.52
88.56
88.53
88.52
88.55
88.54
88.45
88.45
88.42
88.37
88.44
88.54
88.51
88.41
88.41
88.34
88.3
88.4
88.54
88.54
88.57
88.67
88.71
88.8
88.89
88.88
88.82
88.83
88.9
88.91
88.89
88.98
89
89.06
89.07
89.05
88.97
88.91
88.92
88.88
88.86
88.96
88.97
88.96
88.97
88.99
88.89
88.88
89.02
88.94
88.88
88.88
88.82
88.8
88.81
88.9
88.91
88.84
88.94
88.89
88.85
88.81
88.86
88.81
88.79
88.8
88.85
88.8
88.87
88.91
88.86
88.92
89.03
88.96
88.92
89.01
89.05
88.95
88.93
88.93
88.93
88.92
88.95
89.01
88.99
89.05
89.05
89.07
89.09
89.12
89.06
88.98
88.98
88.98
88.99
89.05
89.15
89.07
89.05
89.06
89.04
88.91
88.9
88.9
88.92
89
88.97
88.93
89.02
89.14
89.16
89.21
89.17
89.14
89.02
89
89.09
89.07
89.04
89.09
89.13
89.09
89.13
89.15
89.07
89.07
89.14
89.1
89.16
89.23
89.28
89.27
89.23
89.2
89.08
89.01
89.03
88.96
88.93
88.96
89.01
89
88.99
89.08
89.02
89
89.02
88.99
88.91
88.89
88.9
88.92
88.92
89.05
89.15
89.23
89.19
89.13
89.04
89
89.07
89.03
89.01
89.03
88.96
88.95
88.99
89
88.89
88.89
88.98
88.9
88.88
88.87
88.78
88.72
88.73
88.81
88.85
88.92
89.04
89.03
88.93
88.9
88.91
88.84
88.82
88.92
88.95
88.97
89.07
89.04
88.96
88.92
88.93
88.93
88.94
89.02
88.99
88.98
89.06
89.04
88.99
88.98
89.08
89.11
89.06
89.07
89.02
89
89.02
89.01
89.01
88.99
89.04
89
88.96
89.07
89.1
88.99
88.97
89
88.92
88.97
89.1
89.1
89.1
89.16
89.13
89.07
89.03
89.04
89.05
89.07
89.19
89.2
89.15
89.11
89.1
89.06
89.06
89.14
89.13
89.15
89.18
89.27
89.2
89.2
89.27
89.23
89.21
89.19
89.16
89.17
89.15
89.17
89.17
89.22
89.24
89.22
89.18
89.26
89.27
89.2
89.15
89.2
89.23
89.29
89.3
89.31
89.29
89.3
89.35
89.28
89.24
89.25
89.2
89.23
89.29
89.22
89.18
89.26
89.25
89.17
89.07
89.07
88.98
88.95
89.11
89.16
89.18
89.21
89.2
89.18
89.23
89.28
89.22
89.17
89.17
89.16
89.15
89.18
89.28
89.31
89.28
89.32
89.21
89.06
89.09
89.12
89.08
88.97
89
88.96
88.94
88.96
89
88.94
88.92
88.89
88.84
88.74
88.8
88.77
88.78
88.92
88.99
88.94
88.91
89.02
89.09
89.11
89.22
89.19
89.14
89.11
89.21
89.24
89.22
89.31
89.27
89.18
89.1
89.06
89.14
89.19
89.22
89.24
89.19
89.23
89.27
89.26
89.21
89.2
89.18
89.17
89.24
89.28
89.29
89.39
89.35
89.23
89.19
89.2
89.14
89.19
89.3
89.23
89.23
89.26
89.29
89.26
89.17
89.22
89.27
89.26
89.32
89.36
89.31
89.33
89.37
89.36
89.31
89.37
89.34
89.26
89.27
89.27
89.19
89.21
89.29
89.31
89.35
89.44
89.43
89.31
89.29
89.3
89.31
89.32
89.36
89.28
89.26
89.34
89.36
89.37
89.34
89.35
89.32
89.33
89.41
89.42
89.33
89.32
89.39
89.39
89.41
89.43
89.41
89.45
89.55
89.56
89.51
89.56
89.57
89.55
89.6
89.64
89.54
89.41
89.42
89.43
89.4
89.33
89.37
89.33
89.38
89.49
89.55
89.47
89.44
89.47
89.44
89.42
89.49
89.46
89.44
89.49
89.56
89.56
89.59
89.56
89.51
89.49
89.55
89.59
89.59
89.57
89.5
89.43
89.41
89.45
89.42
89.39
89.53
89.48
89.33
89.35
89.47
89.45
89.45
89.45
89.4
89.44
89.51
89.51
89.52
89.52
89.59
89.51
89.55
89.54
89.47
89.38
89.47
89.48
89.37
89.38
89.5
89.43
89.4
89.46
89.46
89.45
89.48
89.54
89.54
89.49
89.54
89.45
89.39
89.43
89.55
89.53
89.55
89.6
89.59
89.62
89.68
89.62
89.51
89.48
89.47
89.45
89.48
89.53
89.49
89.49
89.49
89.39
89.33
89.44
89.57
89.62
89.6
89.65
89.57
89.53
89.6
89.55
89.5
89.51
89.64
89.65
89.69
89.72
89.61
89.53
89.56
89.61
89.53
89.51
89.58
89.55
89.52
89.66
89.61
89.47
89.48
89.56
89.56
89.57
89.66
89.63
89.58
89.65
89.68
89.55
89.45
89.49
89.56
89.56
89.62
89.69
89.66
89.68
89.63
89.61
89.6
89.61
89.58
89.62
89.72
89.79
89.8
89.74
89.7
89.61
89.57
89.61
89.57
89.62
89.68
89.7
89.63
89.64
89.66
89.59
89.52
89.66
89.69
89.66
89.74
89.83
89.82
89.75
89.84
89.75
89.66
89.59
89.62
89.57
89.53
89.58
89.62
89.66
89.8
89.82
89.83
89.89
89.82
89.74
89.7
89.74
89.65
89.59
89.63
89.55
89.47
89.49
89.51
89.45
89.35
89.4
89.28
89.3
89.41
89.33
89.27
89.22
89.28
89.28
89.33
89.44
89.46
89.36
89.34
89.33
89.24
89.24
89.35
89.29
89.23
89.35
89.37
89.38
89.36
89.38
89.35
89.34
89.41
89.39
89.36
89.38
89.42
89.4
89.41
89.46
89.4
89.32
89.31
89.31
89.36
89.31
89.3
89.23
89.22
89.39
89.39
89.43
89.48
89.49
89.46
89.47
89.49
89.44
89.44
89.53
89.52
89.51
89.48
89.39
89.31
89.27
89.29
89.26
89.29
89.39
89.44
89.45
89.5
89.5
89.47
89.45
89.55
89.53
89.45
89.52
89.5
89.39
89.35
89.36
89.33
89.31
89.4
89.4
89.34
89.28
89.24
89.25
89.28
89.39
89.42
89.37
89.36
89.38
89.39
89.49
89.52
89.43
89.33
89.39
89.32
89.33
89.41
89.38
89.4
89.38
89.46
89.44
89.43
89.48
89.41
89.38
89.45
89.42
89.36
89.39
89.49
89.43
89.36
89.46
89.43
89.46
89.39
89.38
89.33
89.37
89.43
89.41
89.38
89.41
89.42
89.39
89.36
89.45
89.47
89.5
89.48
89.36
89.33
89.4
89.5
89.41
89.44
89.46
89.38
89.34
89.4
89.41
89.41
89.4
89.46
89.45
89.47
89.55
89.53
89.49
89.55
89.55
89.52
89.53
89.62
89.54
89.55
89.62
89.59
89.54
89.61
89.62
89.55
89.54
89.61
89.63
89.6
89.7
89.66
89.7
89.67
89.65
89.57
89.59
89.65
89.61
89.62
89.62
89.62
89.59
89.56
89.68
89.7
89.74
89.75
89.68
89.65
89.71
89.68
89.65
89.64
89.63
89.52
89.49
89.56
89.55
89.56
89.55
89.51
89.45
89.43
89.56
89.58
89.52
89.48
89.55
89.55
89.58
89.6
89.54
89.51
89.59
89.6
89.59
89.57
89.53
89.42
89.41
89.48
89.5
89.47
89.52
89.52
89.48
89.47
89.48
89.41
89.36
89.41
89.37
89.3
89.36
89.45
89.39
89.3
89.32
89.32
89.33
89.37
89.37
89.36
89.41
89.44
89.35
89.35
89.44
89.47
89.46
89.51
89.5
89.48
89.5
89.55
89.5
89.37
89.38
89.35
89.35
89.46
89.47
89.43
89.42
89.48
89.45
89.44
89.54
89.58
89.53
89.54
89.54
89.46
89.44
89.45
89.4
89.31
89.4
89.42
89.41
89.34
89.43
89.46
89.48
89.57
89.54
89.52
89.52
89.52
89.43
89.4
89.42
89.46
89.43
89.48
89.49
89.5
89.47
89.45
89.4
89.39
89.47
89.42
89.36
89.38
89.3
89.24
89.27
89.35
89.3
89.34
89.52
89.49
89.34
89.31
89.39
89.42
89.45
89.53
89.48
89.44
89.44
89.47
89.49
89.45
89.45
89.43
89.45
89.53
89.48
89.43
89.44
89.44
89.4
89.46
89.56
89.49
89.39
89.45
89.5
89.43
89.44
89.46
89.37
89.31
89.35
89.36
89.34
89.4
89.35
89.31
89.31
89.43
89.5
89.49
89.48
89.46
89.42
89.46
89.48
89.48
89.48
89.5
89.42
89.42
89.5
89.56
89.59
89.64
89.69
89.67
89.63
89.68
89.69
89.63
89.61
89.49
89.43
89.45
89.53
89.5
89.55
89.61
89.55
89.51
89.48
89.53
89.58
89.57
89.57
89.47
89.44
89.46
89.47
89.47
89.54
89.64
89.69
89.65
89.71
89.65
89.65
89.64
89.66
89.62
89.62
89.63
89.59
89.68
89.78
89.78
89.73
89.69
89.72
89.66
89.6
89.69
89.69
89.69
89.72
89.7
89.64
89.65
89.66
89.67
89.67
89.75
89.73
89.71
89.75
89.78
89.65
89.7
89.85
89.77
89.69
89.71
89.73
89.73
89.74
89.67
89.61
89.63
89.75
89.68
89.63
89.64
89.67
89.64
89.68
89.72
89.76
89.75
89.84
89.83
89.8
89.79
89.78
89.75
89.75
89.81
89.78
89.71
89.83
89.8
89.8
89.79
89.8
89.79
89.75
89.79
89.78
89.8
89.89
89.93
89.91
89.93
90.01
89.93
89.93
90.02
89.86
89.76
89.76
89.8
89.78
89.76
89.78
89.78
89.76
89.85
89.88
89.86
89.88
89.86
89.77
89.77
89.83
89.78
89.74
89.82
89.92
89.92
89.85
89.88
89.9
89.86
89.87
89.94
89.91
89.95
89.99
89.93
89.88
89.83
89.78
89.78
89.85
89.86
89.83
89.86
89.82
89.79
89.76
89.78
89.75
89.73
89.78
89.8
89.84
89.89
89.95
89.87
89.85
89.9
89.89
89.77
89.87
89.89
89.78
89.78
89.87
89.79
89.72
89.78
89.88
89.87
89.83
89.87
89.81
89.77
89.85
89.82
89.75
89.83
89.94
89.9
89.95
89.97
89.85
89.8
89.84
89.84
89.83
89.82
89.82
89.84
89.82
89.83
89.85
89.83
89.84
89.83
89.81
89.93
89.98
89.96
89.92
90.04
89.99
90.01
90.07
90.05
89.94
89.9
89.9
89.86
89.89
89.93
89.84
89.81
89.94
90.07
89.97
89.93
89.97
89.86
89.87
89.98
90.05
89.94
89.86
89.89
89.91
89.88
89.92
89.94
89.95
89.95
89.89
89.81
89.82
89.92
89.94
89.93
90.03
90.05
90.03
90.03
90.03
90
89.97
90.01
90
89.99
89.99
89.99
89.92
89.9
89.93
90.06
90.09
90.14
90.08
90.05
90.06
90.04
89.95
89.97
90.02
89.95
89.92
90.03
90.01
89.89
89.89
89.96
89.94
89.97
89.96
89.85
89.77
89.87
89.94
89.88
89.79
89.79
89.73
89.75
89.8
89.74
89.73
89.75
89.75
89.71
89.69
89.78
89.78
89.77
89.77
89.76
89.79
89.8
89.88
89.86
89.8
89.88
89.91
89.9
89.99
90.05
90
89.96
89.96
89.86
89.85
89.92
89.91
89.85
89.84
89.84
89.81
89.78
89.89
89.91
89.9
89.94
89.92
89.84
89.84
89.9
89.95
90.01
90.05
89.98
89.93
90
90.06
90.06
89.99
90.02
89.93
89.83
89.86
89.89
89.94
90.01
90.05
90
89.98
90.04
89.95
89.8
89.67
89.64
89.58
89.55
89.65
89.7
89.81
90.02
89.94
89.84
89.83
89.89
89.89
89.93
89.98
89.9
89.84
89.86
89.86
89.9
89.9
89.95
89.91
89.84
89.96
89.99
89.94
89.99
90.02
89.93
89.99
90.02
89.95
89.93
89.97
89.85
89.76
89.8
89.89
89.88
89.89
89.89
89.88
89.9
89.93
89.91
89.82
89.79
89.89
89.91
89.89
89.89
89.86
89.82
89.95
90.02
89.97
90
90
89.97
89.91
89.94
89.99
89.96
90
90.06
90.02
90.05
90.16
90.15
90.17
90.25
90.21
90.1
90.09
90.11
90.03
89.92
90.06
89.95
89.86
89.9
89.95
89.9
89.93
89.97
90.03
89.96
90.02
90.02
89.92
89.87
89.99
89.96
90.02
90.12
90.05
89.94
89.91
89.93
89.91
89.97
90.04
90.04
90.01
90.07
90.04
90.12
90.15
90.14
90.05
90.03
90.13
90.08
90.09
90.1
90.1
90.05
90.03
90.06
90
90.02
90.1
90.07
90.04
90.04
89.99
90
90
90.12
90.13
90.13
90.18
90.18
90.14
90.18
90.15
90.04
90.07
90.14
90.07
90.01
90.12
90.05
90.01
90.07
90.15
90.17
90.19
90.25
90.19
90.13
90.14
90.09
90.03
90.02
90.08
90.06
90.07
90.13
90.09
90.1
90.13
90.14
90.1
90.07
90.11
90.12
90.11
90.15
90.15
90.09
90.03
89.99
89.93
90.02
90.16
90.15
90.12
90.17
90.16
90.08
90.03
90.07
90.01
90.02
90.07
90.03
89.98
90.04
90.08
90.05
90
89.98
89.94
89.92
90.13
90.17
90.17
90.16
90.13
90.1
90.09
90.15
90.13
90.13
90.21
90.28
90.25
90.24
90.27
90.15
90.05
90.11
90.13
90.09
90.15
90.19
90.11
90.09
90.15
90.16
90.15
90.2
90.26
90.21
90.19
90.21
90.13
90.05
90.1
90.1
90.09
90.13
90.08
90.03
90.04
90.11
90.11
90.11
90.08
90.03
89.98
89.96
89.92
89.92
89.9
89.99
89.98
89.98
90.04
90.01
89.95
89.95
89.94
89.96
89.95
90.03
90.02
89.97
89.99
89.97
89.83
89.9
90.13
90.16
90.2
90.34
90.36
90.35
90.42
90.47
90.52
90.52
90.57
90.51
90.48
90.51
90.49
90.49
90.52
90.56
90.53
90.51
90.51
90.5
90.54
90.58
90.57
90.48
90.49
90.53
90.49
90.51
90.65
90.61
90.56
90.62
90.61
90.53
90.5
90.54
90.51
90.43
90.44
90.47
90.48
90.52
90.65
90.62
90.54
90.61
90.59
90.61
90.61
90.6
90.6
90.58
90.6
90.56
90.44
90.49
90.46
90.41
90.39
90.42
90.43
90.44
90.5
90.53
90.53
90.58
90.56
90.55
90.52
90.59
90.56
90.53
90.59
90.62
90.63
90.7
90.73
90.71
90.68
90.69
90.61
90.6
90.68
90.66
90.68
90.66
90.6
90.51
90.54
90.68
90.66
90.61
90.58
90.58
90.55
90.61
90.7
90.67
90.61
90.68
90.68
90.63
90.63
90.65
90.59
90.61
90.67
90.69
90.73
90.77
90.75
90.69
90.67
90.68
90.6
90.64
90.71
90.69
90.67
90.76
90.85
90.81
90.8
90.82
90.84
90.81
90.79
90.69
90.67
90.69
90.72
90.69
90.69
90.75
90.66
90.65
90.71
90.71
90.71
90.78
90.82
90.79
90.75
90.84
90.78
90.72
90.81
90.82
90.75
90.72
90.8
90.75
90.76
90.77
90.74
90.65
90.67
90.7
90.72
90.71
90.8
90.76
90.77
90.76
90.73
90.66
90.71
90.83
90.8
90.83
90.93
90.93
90.92
90.96
90.97
90.91
90.89
90.94
90.9
90.81
90.85
90.89
90.96
90.91
90.95
90.94
90.92
90.97
90.91
90.81
90.8
90.9
90.82
90.84
90.95
90.84
90.73
90.81
90.88
90.81
90.81
90.86
90.92
90.88
90.96
90.93
90.86
90.89
90.95
90.89
90.89
90.95
90.94
90.86
90.9
90.91
90.93
90.93
90.99
90.93
90.94
91
90.97
91
91.07
91.05
91.02
91.03
91.04
90.93
90.91
91.04
91.01
90.9
90.94
90.92
90.86
90.87
90.97
90.91
90.83
90.84
90.9
90.9
90.94
91.02
90.97
90.91
90.95
90.96
90.96
90.98
91.03
90.94
90.92
90.96
90.93
90.95
91
90.94
90.97
90.99
90.99
90.98
91.02
91.07
91.09
91.08
91.18
91.16
91.12
91.08
91.03
90.99
90.91
90.92
90.95
90.94
91.01
91.03
90.97
91.03
91.11
91.12
91.02
90.98
90.94
90.84
90.84
90.89
90.79
90.8
90.86
90.81
90.8
90.83
90.86
90.76
90.66
90.73
90.66
90.68
90.73
90.72
90.64
90.61
90.61
90.61
90.58
90.59
90.57
90.58
90.6
90.62
90.65
90.66
90.72
90.61
90.54
90.57
90.49
90.48
90.55
90.64
90.64
90.65
90.72
90.75
90.73
90.69
90.63
90.5
90.5
90.56
90.54
90.53
90.6
90.62
90.54
90.61
90.66
90.62
90.59
90.64
90.63
90.62
90.63
90.61
90.68
90.78
90.84
90.81
90.75
90.76
90.8
90.8
90.81
90.79
90.72
90.71
90.76
90.68
90.62
90.73
90.78
90.77
90.77
90.82
90.84
90.85
90.91
90.78
90.67
90.71
90.72
90.68
90.69
90.78
90.75
90.75
90.79
90.72
90.64
90.72
90.74
90.7
90.71
90.77
90.77
90.72
90.76
90.78
90.72
90.65
90.64
90.64
90.6
90.7
90.77
90.71
90.7
90.69
90.59
90.5
90.57
90.6
90.63
90.71
90.77
90.76
90.7
90.74
90.7
90.64
90.67
90.67
90.62
90.67
90.73
90.72
90.68
90.73
90.65
90.57
90.68
90.73
90.74
90.77
90.79
90.7
90.63
90.68
90.64
90.63
90.62
90.61
90.6
90.63
90.7
90.67
90.77
90.86
90.86
90.8
90.77
90.78
90.79
90.72
90.75
90.74
90.73
90.82
90.82
90.75
90.76
90.78
90.69
90.61
90.74
90.79
90.83
90.82
90.85
90.74
90.66
90.67
90.56
90.47
90.48
90.5
90.48
90.49
90.57
90.6
90.61
90.68
90.69
90.65
90.68
90.7
90.69
90.67
90.72
90.59
90.56
90.59
90.66
90.57
90.61
90.71
90.66
90.65
90.76
90.72
90.66
90.68
90.7
90.72
90.71
90.66
90.66
90.65
90.73
90.81
90.81
90.82
90.82
90.76
90.72
90.7
90.67
90.62
90.65
90.68
90.68
90.7
90.79
90.86
90.86
90.89
90.92
90.89
90.85
90.84
90.76
90.76
90.83
90.71
90.75
90.79
90.8
90.73
90.68
90.79
90.75
90.76
90.76
90.71
90.75
90.78
90.82
90.87
90.81
90.75
90.54
90.54
90.66
90.66
90.55
90.53
90.6
90.57
90.62
90.62
90.66
90.59
90.56
90.59
90.59
90.57
90.68
90.7
90.67
90.74
90.72
90.65
90.64
90.68
90.67
90.64
90.66
90.63
90.55
90.58
90.57
90.57
90.5
90.54
90.48
90.49
90.54
90.56
90.52
90.52
90.57
90.55
90.6
90.73
90.77
90.64
90.64
90.44
90.42
90.42
90.51
90.51
90.56
90.65
90.56
90.52
90.57
90.57
90.57
90.58
90.58
90.48
90.48
90.49
90.49
90.44
90.44
90.49
90.52
90.52
90.54
90.6
90.58
90.57
90.58
90.52
90.48
90.47
90.42
90.42
90.54
90.54
90.49
90.49
90.61
90.58
90.49
90.49
90.45
90.49
90.48
90.51
90.5
90.5
90.48
90.49
90.43
90.42
90.43
90.36
90.34
90.45
90.45
90.45
90.5
90.44
90.44
90.42
90.46
90.35
90.31
90.36
90.34
90.35
90.35
90.33
90.28
90.32
90.41
90.35
90.32
90.38
90.37
90.41
90.72
90.72
90.68
90.63
90.63
90.59
90.53
90.59
90.62
90.58
90.61
90.62
90.62
90.66
90.69
90.65
90.66
90.66
90.66
90.66
90.66
90.76
90.68
90.64
90.64
90.69
90.61
90.67
90.67
90.64
90.67
90.75
90.78
90.72
90.69
90.69
90.65
90.62
90.67
90.73
90.66
90.72
90.63
90.63
90.69
90.76
90.74
90.85
90.85
90.82
90.72
90.71
90.67
90.64
90.66
90.7
90.68
90.65
90.71
90.74
90.8
90.91
90.95
90.86
90.86
90.92
90.84
90.74
90.76
90.76
90.73
90.65
90.61
90.65
90.62
90.77
90.8
90.75
90.68
90.68
90.61
90.68
90.58
90.59
90.59
90.66
90.6
90.61
90.66
90.77
90.68
90.62
90.65
90.61
90.52
90.6
90.52
90.52
90.51
90.48
90.48
90.46
90.55
90.63
90.55
90.57
90.69
90.67
90.7
90.73
90.73
90.68
90.72
90.72
90.68
90.62
90.62
90.6
90.65
90.71
90.75
90.75
90.75
90.68
90.61
90.62
90.62
90.6
90.6
90.58
90.65
90.7
90.7
90.76
90.78
90.74
90.77
90.78
90.7
90.68
90.73
90.73
90.71
90.8
90.72
90.72
90.72
90.72
90.73
90.71
90.73
90.69
90.67
90.67
90.64
90.67
90.7
90.52
90.52
90.49
90.56
90.6
90.61
90.63
90.63
90.6
90.63
90.64
90.6
90.59
90.59
90.57
90.49
90.54
90.6
90.6
90.63
90.69
90.69
90.74
90.77
90.69
90.63
90.63
90.72
90.75
90.75
90.79
90.73
90.69
90.73
90.73
90.67
90.68
90.71
90.64
90.6
90.69
90.73
90.74
90.79
90.72
90.72
90.7
90.79
90.8
90.8
90.79
90.85
90.78
90.85
90.85
90.8
90.74
90.74
90.7
90.61
90.58
90.71
90.72
90.71
90.83
90.76
90.78
90.78
90.81
90.79
90.73
90.78
90.76
90.76
90.85
90.85
90.83
90.82
90.76
90.66
90.59
90.69
90.73
90.79
90.85
90.79
90.75
90.7
90.75
90.68
90.61
90.61
90.54
90.51
90.58
90.63
90.62
90.46
90.59
90.59
90.56
90.63
90.63
90.52
90.49
90.6
90.61
90.67
90.77
90.65
90.65
90.66
90.66
90.66
90.53
90.64
90.66
90.62
90.64
90.72
90.71
90.73
90.8
90.8
90.77
90.8
90.81
90.76
90.79
90.78
90.68
90.61
90.68
90.75
90.76
90.76
90.77
90.68
90.54
90.52
90.45
90.38
90.45
90.45
90.5
90.5
90.5
90.41
90.41
90.42
90.38
90.37
90.41
90.42
90.37
90.39
90.45
90.42
90.51
90.51
90.48
90.45
90.48
90.57
90.63
90.63
90.78
90.73
90.73
90.73
90.68
90.61
90.6
90.67
90.61
90.55
90.57
90.58
90.58
90.6
90.64
90.64
90.74
90.74
90.68
90.7
90.71
90.8
90.75
90.72
90.74
90.72
90.65
90.71
90.71
90.68
90.69
90.71
90.68
90.69
90.77
90.79
90.78
90.71
90.71
90.59
90.59
90.59
90.5
90.5
90.69
90.69
90.67
90.73
90.64
90.64
90.63
90.69
90.66
90.64
90.63
90.63
90.64
90.72
90.73
90.74
90.76
90.79
90.75
90.65
90.66
90.62
90.6
90.62
90.66
90.66
90.69
90.69
90.65
90.59
90.57
90.63
90.67
90.67
90.74
90.67
90.61
90.58
90.56
90.46
90.44
90.48
90.55
90.58
90.58
90.54
90.54
90.61
90.7
90.61
90.54
90.61
90.54
90.48
90.55
90.57
90.54
90.6
90.7
90.73
90.7
90.74
90.7
90.57
90.58
90.51
90.51
90.55
90.55
90.51
90.56
90.66
90.64
90.64
90.7
90.69
90.59
90.56
90.52
90.52
90.45
90.51
90.56
90.56
90.61
90.71
90.66
90.58
90.64
90.58
90.54
90.61
90.64
90.64
90.61
90.59
90.59
90.53
90.66
90.66
90.64
90.66
90.7
90.71
90.66
90.71
90.74
90.76
90.76
90.62
90.62
90.52
90.56
90.53
90.52
90.58
90.61
90.57
90.58
90.58
90.66
90.64
90.57
90.57
90.54
90.54
90.57
90.51
90.48
90.57
90.54
90.48
90.58
90.6
90.54
90.46
90.41
90.41
90.41
90.5
90.6
90.64
90.67
90.63
90.63
90.58
90.6
90.54
90.54
90.66
90.7
90.65
90.63
90.63
90.65
90.62
90.67
90.62
90.6
90.57
90.55
90.55
90.55
90.6
90.6
90.6
90.68
90.65
90.62
90.66
90.66
90.68
90.68
90.61
90.61
90.59
90.67
90.67
90.62
90.68
90.76
90.74
90.7
90.7
90.76
90.8
90.81
90.81
90.69
90.69
90.68
90.62
90.57
90.64
90.65
90.65
90.61
90.65
90.55
90.55
90.59
90.64
90.58
90.56
90.56
90.44
90.44
90.56
90.51
90.49
90.48
90.41
90.41
90.53
90.53
90.52
90.59
90.66
90.68
90.68
90.69
90.63
90.5
90.5
90.6
90.53
90.44
90.46
90.49
90.49
90.51
90.55
90.46
90.46
90.47
90.47
90.42
90.42
90.39
90.29
90.35
90.39
90.39
90.31
90.36
90.37
90.33
90.36
90.43
90.22
90.22
90.31
90.37
90.36
90.34
90.4
90.23
90.16
90.25
90.29
90.26
90.33
90.33
90.33
90.36
90.34
90.2
90.14
90.24
90.24
90.26
90.29
90.37
90.36
90.36
90.44
90.34
90.23
90.18
90.15
90.21
90.39
90.39
90.38
90.34
90.44
90.39
90.34
90.36
90.41
90.37
90.37
90.44
90.39
90.31
90.35
90.25
90.25
90.31
90.31
90.26
90.26
90.34
90.34
90.29
90.3
90.35
90.39
90.46
90.45
90.45
90.46
90.51
90.38
90.39
90.39
90.52
90.41
90.37
90.54
90.55
90.48
90.46
90.44
90.4
90.41
90.5
90.44
90.38
90.38
90.37
90.37
90.5
90.5
90.45
90.41
90.44
90.43
90.43
90.43
90.43
90.48
90.51
90.54
90.53
90.42
90.41
90.45
90.46
90.46
90.5
90.5
90.49
90.6
90.48
90.39
90.4
90.4
90.35
90.38
90.42
90.32
90.26
90.31
90.27
90.21
90.15
90.14
90.05
90.1
90.17
90.14
90.11
90.25
90.27
90.32
90.31
90.35
90.3
90.26
90.32
90.27
90.28
90.27
90.34
90.37
90.38
90.43
90.35
90.22
90.24
90.16
90.16
90.24
90.28
90.21
90.13
90.2
90.16
90.19
90.22
90.3
90.32
90.38
90.46
90.41
90.37
90.32
90.28
90.22
90.28
90.33
90.28
90.25
90.36
90.36
90.31
90.31
90.26
90.14
90.14
90.19
90.19
90.28
90.35
90.4
90.4
90.43
90.44
90.38
90.28
90.34
90.29
90.27
90.29
90.28
90.16
90.19
90.19
90.07
90.18
90.18
90.23
90.21
90.21
90.24
90.24
90.17
90.27
90.29
90.24
90.19
90.21
90.2
90.22
90.22
90.16
90.16
90.18
90.19
90.24
90.24
90.29
90.25
90.24
90.33
90.32
90.24
90.24
90.23
90.21
90.2
90.28
90.22
90.24
90.33
90.28
90.18
90.2
90.28
90.27
90.3
90.36
90.32
90.2
90.25
90.27
90.31
90.32
90.46
90.44
90.35
90.31
90.19
90.1
90.12
90.22
90.22
90.24
90.26
90.28
90.22
90.29
90.33
90.3
90.24
90.3
90.24
90.26
90.47
90.51
90.46
90.41
90.41
90.38
90.38
90.42
90.4
90.25
90.24
90.23
90.26
90.26
90.38
90.29
90.2
90.15
90.14
90.15
90.21
90.12
90.12
90.13
90.18
90.16
90.14
90.2
90.21
90.15
90.18
90.19
90.14
90.1
90.14
90.12
90.2
90.23
90.24
90.19
90.24
90.24
90.21
90.13
90.14
90.19
90.19
90.2
90.26
90.17
90.15
90.19
90.12
90.12
90.13
90.1
90.08
90.07
90.11
90.1
90.07
90.06
90.06
90.04
89.98
90.05
90.03
90.03
90.07
89.98
89.91
89.96
90.03
90.02
89.98
89.98
89.91
89.89
89.9
89.93
90.02
90.1
90.18
90.08
90.01
90.06
89.93
89.81
89.93
89.95
89.92
89.96
90
90.06
90.1
90.14
90.06
90.02
90.03
90.07
89.99
89.93
90.03
90.01
89.9
89.92
89.88
89.86
89.91
89.97
89.95
89.96
90.03
90.03
89.97
89.98
90.03
89.97
89.93
89.96
89.95
89.91
90.02
90.04
90.09
90.13
90.16
90.13
90.12
90.22
90.23
90.22
90.23
90.19
90.14
90.1
90.15
90.05
89.98
90.06
90.09
90.05
90.04
90.1
90.1
90.1
90.06
90.05
90.1
90.2
90.18
90.15
90.15
90.17
90.17
90.16
90.23
90.16
90.11
90.18
90.29
90.21
90.16
90.21
90.18
90.17
90.22
90.21
90.22
90.23
90.34
90.24
90.15
90.2
90.18
90.06
90.04
90.09
90.04
90.03
90.1
90.09
90.04
90.04
90.04
89.98
89.95
90.02
90.02
90.03
90.14
90.19
90.15
90.11
90.13
90.16
90.2
90.29
90.24
90.18
90.24
90.18
90.09
90.13
90.2
90.16
90.25
90.25
90.17
90.17
90.25
90.28
90.24
90.21
90.3
90.17
90.17
90.21
90.25
90.28
90.23
90.23
90.15
90.06
90.09
90.06
90.05
90.11
90.12
90.11
90.29
90.29
90.29
90.23
90.27
90.29
90.29
90.24
90.25
90.16
90.21
90.26
90.24
90.08
90.05
90
90.02
90.09
90.09
90.02
90
90
90.01
89.96
89.96
89.99
89.97
90.01
90.1
90.07
90.05
90.04
90.01
90.01
90.02
90.02
89.95
89.87
89.93
90.02
89.99
90.05
90.05
90.01
90.03
90.04
90.11
90.06
90.08
90.11
90.05
90.06
90.11
90.05
90.03
90.15
90.17
90.12
90.14
90.15
90.09
90.07
90.07
90.09
90.03
90.13
90.13
90.09
89.97
89.96
89.93
89.86
89.93
89.95
89.93
89.94
90.03
90.01
89.98
90.02
89.97
90.08
90.08
90.11
90.06
90.05
90.04
90
89.98
90.08
90.13
90.14
90.13
90.11
90.11
90.12
90.17
90.09
90.11
90.16
90.18
90.2
90.23
90.28
90.31
90.24
90.26
90.2
90.11
90.14
90.16
90.11
90.19
90.19
90.14
90.13
90.14
90.02
90.02
90.05
90.12
90.03
90.03
90.04
90.06
90.04
90.09
90.04
90
90.02
90.15
90.16
90.15
90.17
90.17
90.14
90.2
90.21
90.17
90.17
90.28
90.29
90.23
90.23
90.17
90.07
90.03
90.08
90.03
90.03
90.06
90.04
90
90.04
90.09
90.09
90.04
90.09
90.09
90.07
90.12
90.12
90.15
90.17
90.2
90.11
90.06
90.09
90.02
89.97
90.14
90.14
90.12
90.08
90.16
90.16
90.03
90.01
90.02
90.04
90.04
90.02
90.02
89.95
90.02
89.99
89.94
90.02
90.11
90.06
90.04
90.08
90.05
90
90
89.95
89.95
89.97
89.97
89.94
89.93
89.95
90
89.97
90.08
90.08
90.05
90.04
90.14
90.08
89.96
89.97
89.96
89.91
89.91
89.92
89.91
90.04
90
90.02
90.02
90.03
90.07
90.07
90.03
90.03
89.95
89.95
90.08
90.12
90.1
90.08
90.07
90.07
90
90.12
90.09
90.09
90.14
90.14
90.1
90.14
90.06
90.06
90.08
90.14
90.09
90.02
90.09
90.15
90.12
90.06
90.07
90.06
90.06
90.13
90.16
90.15
90.1
90.1
90.02
90.02
90.06
90.02
89.88
90.01
90.1
90.1
90.05
90.05
90.12
90.12
90.06
90.06
90.06
90.1
90.16
90.16
90.16
90.14
90.09
90.07
90.12
90.12
90.06
90.05
90.07
89.98
90.02
90.07
90.08
89.96
89.93
90.01
90.01
89.97
90
90.02
89.97
89.97
89.94
90.02
90.02
90.01
89.98
89.94
90.07
90.1
90.08
90.08
90.03
90.09
90.09
90.17
90.07
89.98
89.99
89.98
90.05
90.05
90.1
90.1
90.02
89.99
89.93
89.85
89.9
89.9
89.9
89.92
89.89
89.89
89.9
90.02
89.97
89.85
89.84
89.88
89.9
89.97
90.03
90.01
89.98
90.02
90.01
89.87
89.87
89.95
89.95
89.98
90.09
90.05
90.02
90.01
90.02
89.97
89.94
89.98
89.99
89.97
90.02
89.97
89.92
89.87
89.94
89.89
89.89
89.99
89.99
90.04
90.04
89.99
89.99
89.99
90.08
90.08
90.1
89.99
89.9
89.83
89.83
89.81
89.8
89.82
89.94
89.96
89.9
89.94
90.01
90.01
90.06
90.06
90.06
90.01
90.08
90
89.9
89.96
89.96
89.98
90.05
90.16
90.11
90.05
90.06
90
89.84
89.84
89.88
89.96
90.02
90.14
90.1
90.13
90.13
90.12
89.94
89.94
89.94
89.81
89.9
89.9
89.94
89.9
89.9
89.92
89.93
89.91
90
89.98
89.91
89.83
89.8
89.8
89.95
89.95
90
90.01
90.02
90.03
89.98
90
90.02
89.94
89.93
90
90
89.98
90
90.07
89.97
89.97
90.02
90.02
90.04
90.11
90.07
90.07
90.01
90.01
89.95
89.91
89.97
90
89.96
90.02
90.06
90.06
90.02
90.11
90.05
90.15
90.15
90.11
90.11
90.06
90.06
90.1
90.04
90.07
90.05
89.96
89.98
89.97
89.91
89.87
89.95
89.98
89.98
89.98
90.02
89.87
89.87
89.9
89.86
89.83
89.93
89.97
89.95
89.96
89.91
89.85
89.81
89.79
89.73
89.73
89.82
89.81
89.77
89.76
89.79
89.74
89.81
89.93
89.98
89.91
89.92
89.89
89.86
89.86
89.87
89.86
89.9
89.94
89.86
89.89
89.89
89.99
89.91
89.88
89.88
89.87
89.8
89.8
89.74
89.74
89.81
89.89
89.93
89.89
89.94
89.9
89.88
89.96
89.95
89.88
89.84
89.87
89.89
89.92
89.93
89.93
89.87
89.93
89.93
89.87
89.83
89.88
89.81
89.6
89.6
89.59
89.62
89.68
89.75
89.73
89.7
89.76
89.7
89.7
89.7
89.78
89.8
89.88
89.94
89.85
89.8
89.83
89.83
89.8
89.8
89.89
89.88
89.84
89.84
89.81
89.74
89.75
89.89
89.85
89.81
89.77
89.77
89.73
89.72
89.72
89.75
89.75
89.89
89.87
89.77
89.82
89.67
89.61
89.69
89.69
89.62
89.58
89.61
89.65
89.68
89.78
89.74
89.77
89.83
89.88
89.84
89.79
89.83
89.87
89.87
89.93
90.03
90.06
90.06
90.09
89.96
89.88
89.88
89.87
89.86
89.88
89.87
89.87
90.05
90.05
89.98
89.94
89.9
89.96
89.84
89.75
89.82
89.85
89.85
89.88
89.91
89.91
89.91
89.86
89.7
89.66
89.74
89.8
89.81
89.88
89.96
89.89
89.8
89.78
89.7
89.63
89.75
89.75
89.75
89.86
89.86
89.61
89.61
89.62
89.67
89.69
89.75
89.71
89.67
89.63
89.73
89.68
89.64
89.64
89.64
89.59
89.62
89.61
89.61
89.68
89.83
89.87
89.87
89.87
89.79
89.7
89.66
89.68
89.66
89.72
89.82
89.8
89.74
89.69
89.71
89.78
89.81
89.84
89.84
89.8
89.8
89.79
89.69
89.71
89.71
89.7
89.77
89.64
89.64
89.57
89.63
89.72
89.66
89.61
89.73
89.76
89.7
89.72
89.73
89.74
89.74
89.74
89.69
89.72
89.72
89.72
89.6
89.61
89.61
89.63
89.57
89.61
89.62
89.62
89.67
89.69
89.64
89.65
89.74
89.74
89.73
89.74
89.67
89.58
89.6
89.64
89.58
89.57
89.63
89.61
89.61
89.62
89.49
89.49
89.49
89.54
89.49
89.6
89.6
89.54
89.53
89.56
89.59
89.63
89.72
89.67
89.67
89.61
89.61
89.53
89.53
89.58
89.67
89.62
89.64
89.71
89.71
89.62
89.58
89.52
89.47
89.48
89.56
89.53
89.62
89.65
89.65
89.63
89.58
89.51
89.51
89.56
89.66
89.67
89.63
89.68
89.61
89.59
89.65
89.66
89.66
89.64
89.58
89.55
89.55
89.57
89.66
89.62
89.59
89.64
89.7
89.66
89.71
89.69
89.64
89.62
89.68
89.67
89.67
89.75
89.75
89.7
89.71
89.68
89.6
89.62
89.65
89.59
89.52
89.62
89.5
89.5
89.53
89.55
89.42
89.39
89.45
89.43
89.42
89.44
89.56
89.63
89.59
89.59
89.46
89.48
89.48
89.49
89.49
89.53
89.55
89.47
89.5
89.49
89.49
89.53
89.55
89.5
89.37
89.36
89.46
89.46
89.48
89.48
89.44
89.34
89.35
89.47
89.47
89.53
89.63
89.57
89.58
89.58
89.58
89.49
89.49
89.52
89.52
89.44
89.45
89.37
89.48
89.48
89.54
89.55
89.52
89.58
89.58
89.57
89.65
89.6
89.56
89.61
89.61
89.62
89.59
89.61
89.51
89.48
89.54
89.56
89.48
89.49
89.48
89.48
89.56
89.67
89.67
89.65
89.53
89.53
89.41
89.4
89.5
89.43
89.43
89.51
89.49
89.47
89.46
89.51
89.49
89.49
89.49
89.44
89.44
89.46
89.49
89.52
89.52
89.63
89.56
89.48
89.54
89.49
89.51
89.53
89.53
89.48
89.41
89.49
89.52
89.49
89.56
89.59
89.59
89.55
89.59
89.59
89.6
89.63
89.63
89.63
89.63
89.58
89.58
89.62
89.69
89.74
89.65
89.66
89.69
89.67
89.63
89.62
89.56
89.54
89.57
89.55
89.55
89.56
89.57
89.57
89.6
89.67
89.6
89.6
89.6
89.65
89.65
89.69
89.7
89.57
89.51
89.56
89.55
89.55
89.62
89.62
89.62
89.61
89.63
89.6
89.57
89.58
89.6
89.6
89.73
89.73
89.66
89.59
89.59
89.56
89.56
89.58
89.64
89.56
89.56
89.55
89.5
89.44
89.49
89.55
89.47
89.47
89.56
89.57
89.57
89.61
89.58
89.53
89.6
89.63
89.6
89.57
89.62
89.54
89.54
89.57
89.56
89.59
89.63
89.6
89.56
89.48
89.44
89.44
89.37
89.4
89.53
89.53
89.53
89.56
89.49
89.5
89.55
89.44
89.44
89.45
89.48
89.5
89.5
89.56
89.56
89.53
89.6
89.5
89.5
89.47
89.52
89.56
89.58
89.67
89.67
89.72
89.76
89.7
89.61
89.61
89.58
89.58
89.67
89.8
89.67
89.62
89.64
89.64
89.62
89.74
89.74
89.72
89.63
89.58
89.62
89.59
89.59
89.71
89.59
89.59
89.65
89.6
89.53
89.51
89.49
89.46
89.38
89.47
89.48
89.5
89.61
89.61
89.56
89.55
89.59
89.55
89.48
89.59
89.54
89.49
89.7
89.74
89.74
89.68
89.7
89.52
89.48
89.56
89.53
89.5
89.5
89.51
89.52
89.56
89.63
89.66
89.66
89.69
89.62
89.62
89.54
89.55
89.51
89.5
89.61
89.62
89.59
89.59
89.62
89.54
89.5
89.52
89.49
89.6
89.74
89.74
89.67
89.65
89.62
89.48
89.5
89.56
89.56
89.57
89.61
89.63
89.66
89.59
89.66
89.57
89.65
89.67
89.64
89.64
89.71
89.68
89.63
89.64
89.73
89.69
89.6
89.63
89.69
89.58
89.61
89.63
89.63
89.58
89.61
89.67
89.74
89.74
89.75
89.58
89.54
89.57
89.58
89.64
89.6
89.69
89.58
89.57
89.51
89.51
89.49
89.59
89.6
89.57
89.56
89.58
89.49
89.45
89.48
89.5
89.54
89.64
89.61
89.57
89.57
89.59
89.52
89.44
89.56
89.57
89.54
89.59
89.59
89.53
89.55
89.61
89.64
89.62
89.62
89.48
89.48
89.49
89.49
89.49
89.48
89.57
89.6
89.59
89.59
89.61
89.63
89.59
89.62
89.62
89.61
89.68
89.61
89.61
89.58
89.65
89.66
89.72
89.75
89.75
89.63
89.66
89.64
89.59
89.62
89.71
89.66
89.6
89.6
89.63
89.62
89.66
89.67
89.63
89.64
89.7
89.55
89.55
89.56
89.55
89.54
89.55
89.63
89.64
89.57
89.56
89.53
89.53
89.54
89.63
89.57
89.53
89.57
89.6
89.54
89.55
89.54
89.54
89.62
89.7
89.58
89.55
89.54
89.57
89.58
89.61
89.59
89.58
89.58
89.63
89.51
89.51
89.58
89.59
89.5
89.51
89.58
89.56
89.46
89.51
89.51
89.4
89.48
89.55
89.52
89.51
89.5
89.53
89.61
89.62
89.61
89.53
89.52
89.54
89.56
89.56
89.6
89.61
89.59
89.58
89.65
89.59
89.63
89.64
89.54
89.48
89.53
89.54
89.47
89.56
89.64
89.67
89.62
89.64
89.58
89.52
89.54
89.51
89.47
89.53
89.57
89.52
89.48
89.51
89.45
89.49
89.58
89.62
89.55
89.49
89.57
89.52
89.45
89.49
89.54
89.51
89.55
89.61
89.57
89.46
89.35
89.28
89.34
89.44
89.48
89.48
89.48
89.59
89.51
89.4
89.43
89.45
89.4
89.47
89.55
89.56
89.49
89.53
89.5
89.43
89.4
89.44
89.44
89.42
89.43
89.39
89.4
89.45
89.42
89.41
89.37
89.43
89.43
89.46
89.55
89.55
89.56
89.65
89.61
89.53
89.45
89.53
89.48
89.46
89.48
89.45
89.34
89.4
89.48
89.53
89.52
89.56
89.54
89.54
89.6
89.57
89.5
89.56
89.61
89.51
89.44
89.55
89.52
89.52
89.47
89.49
89.51
89.51
89.59
89.53
89.53
89.59
89.59
89.49
89.47
89.5
89.49
89.48
89.54
89.54
89.53
89.62
89.64
89.57
89.57
89.56
89.48
89.45
89.62
89.62
89.58
89.57
89.63
89.58
89.55
89.65
89.63
89.58
89.57
89.47
89.42
89.45
89.46
89.45
89.42
89.53
89.49
89.52
89.55
89.6
89.56
89.56
89.65
89.66
89.58
89.61
89.6
89.54
89.55
89.53
89.44
89.38
89.46
89.45
89.42
89.49
89.59
89.54
89.55
89.6
89.6
89.56
89.61
89.58
89.52
89.57
89.58
89.58
89.6
89.66
89.54
89.44
89.47
89.49
89.47
89.52
89.56
89.56
89.59
89.62
89.61
89.54
89.53
89.54
89.49
89.52
89.55
89.46
89.37
89.39
89.37
89.34
89.45
89.49
89.54
89.45
89.44
89.43
89.42
89.55
89.56
89.52
89.5
89.6
89.49
89.41
89.44
89.42
89.36
89.35
89.44
89.53
89.57
89.64
89.66
89.6
89.63
89.59
89.54
89.5
89.5
89.43
89.44
89.57
89.51
89.49
89.53
89.56
89.52
89.53
89.52
89.49
89.43
89.43
89.43
89.42
89.52
89.61
89.62
89.62
89.59
89.49
89.41
89.44
89.47
89.45
89.51
89.56
89.49
89.45
89.49
89.48
89.45
89.46
89.51
89.5
89.51
89.52
89.47
89.46
89.52
89.56
89.48
89.57
89.66
89.55
89.48
89.5
89.41
89.45
89.47
89.53
89.53
89.57
89.62
89.55
89.51
89.51
89.48
89.42
89.46
89.56
89.58
89.55
89.57
89.53
89.5
89.54
89.5
89.44
89.49
89.56
89.56
89.52
89.55
89.54
89.57
89.64
89.65
89.55
89.55
89.59
89.57
89.51
89.56
89.56
89.53
89.52
89.53
89.52
89.59
89.71
89.74
89.65
89.6
89.61
89.63
89.68
89.72
89.71
89.66
89.67
89.61
89.53
89.55
89.62
89.64
89.65
89.72
89.61
89.53
89.58
89.61
89.54
89.53
89.57
89.54
89.52
89.55
89.55
89.57
89.55
89.52
89.52
89.49
89.54
89.52
89.45
89.47
89.52
89.46
89.5
89.51
89.51
89.47
89.53
89.52
89.41
89.43
89.47
89.44
89.44
89.49
89.39
89.37
89.52
89.54
89.49
89.5
89.53
89.5
89.45
89.51
89.51
89.54
89.59
89.59
89.52
89.55
89.59
89.5
89.44
89.47
89.44
89.45
89.47
89.58
89.58
89.58
89.64
89.61
89.65
89.66
89.62
89.52
89.47
89.45
89.41
89.43
89.5
89.43
89.45
89.55
89.55
89.47
89.48
89.51
89.41
89.43
89.49
89.5
89.51
89.53
89.58
89.54
89.48
89.47
89.46
89.5
89.56
89.55
89.57
89.67
89.75
89.73
89.62
89.6
89.53
89.45
89.52
89.58
89.54
89.53
89.6
89.55
89.54
89.6
89.63
89.67
89.72
89.7
89.62
89.65
89.68
89.77
89.75
89.71
89.63
89.54
89.48
89.53
89.52
89.49
89.55
89.5
89.57
89.61
89.6
89.52
89.51
89.62
89.59
89.49
89.53
89.57
89.55
89.57
89.61
89.59
89.61
89.72
89.68
89.63
89.62
89.6
89.58
89.66
89.79
89.76
89.72
89.78
89.78
89.71
89.68
89.64
89.57
89.52
89.54
89.44
89.37
89.36
89.41
89.41
89.5
89.63
89.64
89.62
89.62
89.64
89.56
89.56
89.59
89.52
89.51
89.52
89.49
89.49
89.54
89.55
89.57
89.63
89.62
89.53
89.56
89.67
89.65
89.67
89.72
89.7
89.62
89.56
89.57
89.54
89.45
89.54
89.52
89.5
89.52
89.59
89.56
89.63
89.75
89.72
89.67
89.66
89.66
89.6
89.58
89.63
89.55
89.66
89.73
89.69
89.54
89.59
89.57
89.5
89.5
89.56
89.52
89.45
89.53
89.53
89.57
89.68
89.69
89.65
89.66
89.69
89.63
89.62
89.61
89.55
89.42
89.39
89.38
89.38
89.4
89.55
89.53
89.43
89.44
89.42
89.38
89.39
89.44
89.42
89.44
89.53
89.58
89.54
89.53
89.56
89.54
89.56
89.59
89.57
89.4
89.44
89.47
89.4
89.4
89.42
89.38
89.36
89.38
89.38
89.36
89.42
89.53
89.51
89.51
89.54
89.47
89.29
89.41
89.46
89.42
89.43
89.43
89.41
89.38
89.39
89.33
89.29
89.34
89.37
89.35
89.42
89.49
89.47
89.45
89.45
89.47
89.37
89.4
89.45
89.26
89.17
89.19
89.22
89.25
89.35
89.37
89.33
89.33
89.41
89.32
89.27
89.27
89.27
89.29
89.32
89.35
89.26
89.32
89.45
89.37
89.23
89.3
89.25
89.24
89.21
89.25
89.23
89.27
89.3
89.23
89.17
89.28
89.31
89.27
89.29
89.32
89.26
89.29
89.31
89.34
89.29
89.24
89.23
89.21
89.19
89.33
89.35
89.27
89.29
89.26
89.22
89.29
89.35
89.34
89.3
89.36
89.36
89.3
89.18
89.25
89.17
89.12
89.19
89.14
89.14
89.16
89.12
89.1
89.16
89.27
89.29
89.19
89.19
89.16
89.14
89.15
89.17
89.17
89.19
89.25
89.21
89.12
89.17
89.21
89.19
89.2
89.23
89.25
89.2
89.16
89.09
89.05
89.13
89.12
89.11
89.11
89.18
89.14
89.1
89.16
89.14
89.09
89.14
89.23
89.17
89.11
89.11
89.09
89.03
89
89
88.94
88.93
89
88.98
89
89.09
89.11
89.09
89.09
89.02
88.92
88.89
88.98
88.97
88.91
88.98
89
89.01
89.07
89.14
89.08
89
89.03
89.01
89.04
89.09
89.07
89.05
89.05
89.06
89.03
88.96
88.96
88.95
88.93
88.96
88.96
88.96
88.95
89.04
89.02
89.02
89.03
88.98
88.88
88.83
88.91
88.9
88.89
89.02
88.98
88.93
88.93
89.02
88.99
88.98
88.99
88.94
88.87
88.93
88.86
88.81
88.78
88.83
88.84
88.86
89
88.98
88.93
88.95
88.96
88.89
88.91
88.97
88.87
88.78
88.82
88.84
88.78
88.77
88.76
88.69
88.66
88.73
88.71
88.78
88.89
88.92
88.81
88.83
88.89
88.99
88.9
88.9
88.89
88.77
88.8
88.83
88.77
88.77
88.83
88.8
88.77
88.84
88.84
88.78
88.8
88.86
88.82
88.75
88.78
88.79
88.78
88.76
88.7
88.61
88.64
88.74
88.72
88.76
88.74
88.74
88.75
88.68
88.7
88.73
88.75
88.76
88.75
88.66
88.67
88.7
88.73
88.7
88.77
88.83
88.82
88.8
88.79
88.78
88.77
88.75
88.65
88.67
88.74
88.73
88.66
88.72
88.7
88.69
88.68
88.66
88.61
88.63
88.71
88.76
88.72
88.71
88.73
88.63
88.58
88.64
88.62
88.55
88.63
88.66
88.58
88.51
88.6
88.63
88.63
88.64
88.64
88.61
88.65
88.68
88.59
88.58
88.6
88.58
88.59
88.63
88.58
88.48
88.49
88.55
88.47
88.4
88.42
88.42
88.43
88.49
88.52
88.55
88.54
88.64
88.67
88.6
88.57
88.54
88.47
88.51
88.49
88.43
88.44
88.5
88.51
88.48
88.55
88.58
88.59
88.58
88.7
88.64
88.71
88.74
88.69
88.62
88.6
88.62
88.53
88.43
88.53
88.53
88.51
88.55
88.6
88.58
88.52
88.55
88.53
88.49
88.57
88.6
88.57
88.54
88.64
88.58
88.52
88.58
88.69
88.69
88.71
88.73
88.71
88.76
88.8
88.78
88.77
88.8
88.77
88.72
88.76
88.81
88.76
88.7
88.71
88.69
88.7
88.75
88.78
88.76
88.71
88.73
88.69
88.69
88.79
88.82
88.74
88.67
88.67
88.6
88.62
88.68
88.67
88.61
88.67
88.71
88.63
88.64
88.73
88.66
88.64
88.78
88.78
88.74
88.75
88.71
88.7
88.71
88.77
88.7
88.65
88.71
88.77
88.65
88.68
88.72
88.7
88.61
88.63
88.5
88.4
88.39
88.44
88.45
88.39
88.42
88.39
88.4
88.43
88.45
88.5
88.52
88.52
88.53
88.53
88.58
88.55
88.49
88.47
88.44
88.4
88.41
88.53
88.46
88.42
88.45
88.43
88.39
88.45
88.5
88.5
88.47
88.48
88.45
88.41
88.43
88.39
88.34
88.34
88.33
88.26
88.22
88.32
88.34
88.34
88.35
88.41
88.4
88.4
88.45
88.48
88.51
88.49
88.43
88.32
88.36
88.38
88.35
88.41
88.48
88.48
88.38
88.37
88.37
88.31
88.29
88.37
88.38
88.35
88.39
88.38
88.34
88.33
88.36
88.31
88.3
88.36
88.39
88.36
88.43
88.41
88.35
88.4
88.47
88.43
88.38
88.48
88.51
88.51
88.45
88.48
88.44
88.45
88.4
88.33
88.27
88.33
88.41
88.39
88.42
88.5
88.44
88.42
88.47
88.42
88.39
88.35
88.37
88.35
88.3
88.32
88.34
88.3
88.32
88.42
88.39
88.42
88.41
88.37
88.34
88.39
88.44
88.44
88.5
88.49
88.39
88.39
88.46
88.44
88.4
88.42
88.44
88.39
88.42
88.48
88.44
88.36
88.37
88.38
88.41
88.44
88.43
88.37
88.35
88.42
88.41
88.33
88.34
88.41
88.41
88.48
88.5
88.41
88.33
88.38
88.43
88.42
88.44
88.54
88.51
88.53
88.56
88.51
88.42
88.46
88.43
88.41
88.46
88.54
88.4
88.34
88.37
88.46
88.5
88.46
88.48
88.51
88.48
88.48
88.41
88.41
88.43
88.46
88.37
88.3
88.34
88.29
88.26
88.33
88.36
88.37
88.39
88.39
88.31
88.22
88.29
88.28
88.26
88.31
88.43
88.4
88.49
88.53
88.45
88.39
88.5
88.55
88.47
88.45
88.49
88.42
88.4
88.44
88.47
88.41
88.4
88.41
88.34
88.3
88.33
88.29
88.24
88.33
88.34
88.33
88.36
88.39
88.34
88.29
88.32
88.28
88.26
88.28
88.22
88.19
88.24
88.39
88.44
88.44
88.4
88.29
88.18
88.16
88.16
88.1
88.08
88.21
88.27
88.19
88.21
88.22
88.22
88.17
88.28
88.26
88.27
88.33
88.33
88.28
88.37
88.38
88.24
88.19
88.28
88.28
88.24
88.37
88.41
88.39
88.36
88.45
88.42
88.35
88.39
88.38
88.29
88.34
88.36
88.35
88.34
88.39
88.35
88.43
88.46
88.46
88.37
88.29
88.32
88.29
88.32
88.46
88.47
88.43
88.4
88.4
88.34
88.37
88.48
88.42
88.34
88.41
88.4
88.33
88.36
88.4
88.42
88.39
88.4
88.41
88.42
88.5
88.47
88.45
88.44
88.5
88.4
88.34
88.34
88.4
88.38
88.4
88.38
88.3
88.22
88.26
88.29
88.32
88.34
88.35
88.24
88.23
88.28
88.26
88.17
88.26
88.32
88.34
88.32
88.32
88.26
88.23
88.33
88.32
88.29
88.28
88.28
88.3
88.29
88.33
88.31
88.3
88.37
88.28
88.25
88.28
88.28
88.19
88.16
88.29
88.35
88.33
88.34
88.32
88.24
88.26
88.34
88.32
88.29
88.33
88.29
88.23
88.22
88.24
88.21
88.22
88.29
88.28
88.26
88.34
88.32
88.34
88.35
88.36
88.3
88.25
88.33
88.28
88.22
88.3
88.35
88.33
88.34
88.41
88.35
88.3
88.29
88.24
88.22
88.23
88.24
88.23
88.26
88.31
88.3
88.31
88.32
88.33
88.27
88.21
88.29
88.29
88.26
88.33
88.29
88.31
88.3
88.38
88.39
88.38
88.41
88.38
88.35
88.41
88.34
88.25
88.18
88.26
88.28
88.26
88.36
88.36
88.35
88.39
88.37
88.31
88.29
88.39
88.41
88.33
88.39
88.45
88.33
88.27
88.3
88.33
88.3
88.29
88.28
88.27
88.32
88.39
88.4
88.4
88.37
88.31
88.18
88.18
88.19
88.19
88.24
88.26
88.31
88.32
88.41
88.43
88.43
88.51
88.53
88.5
88.4
88.36
88.32
88.27
88.27
88.27
88.24
88.28
88.3
88.3
88.29
88.4
88.39
88.35
88.37
88.4
88.36
88.37
88.39
88.37
88.32
88.38
88.33
88.29
88.27
88.24
88.23
88.29
88.42
88.33
88.27
88.29
88.33
88.33
88.36
88.41
88.33
88.31
88.37
88.31
88.22
88.25
88.3
88.29
88.3
88.39
88.39
88.31
88.26
88.25
88.25
88.29
88.3
88.25
88.22
88.24
88.14
88.05
88.09
88.17
88.18
88.24
88.25
88.23
88.23
88.33
88.33
88.26
88.25
88.29
88.32
88.28
88.3
88.23
88.24
88.29
88.37
88.33
88.31
88.33
88.32
88.28
88.37
88.35
88.29
88.3
88.3
88.17
88.08
88.12
88.1
88.1
88.15
88.14
88.18
88.23
88.32
88.28
88.19
88.24
88.19
88.15
88.25
88.33
88.34
88.33
88.39
88.36
88.25
88.18
88.11
88.09
88.14
88.2
88.22
88.22
88.28
88.25
88.26
88.24
88.27
88.18
88.19
88.2
88.19
88.2
88.26
88.33
88.27
88.37
88.32
88.19
88.13
88.26
88.27
88.28
88.32
88.27
88.23
88.21
88.31
88.37
88.36
88.38
88.36
88.26
88.2
88.25
88.23
88.2
88.28
88.24
88.24
88.18
88.15
88.05
88.03
88.11
88.14
88.18
88.33
88.36
88.28
88.24
88.26
88.28
88.22
88.35
88.31
88.27
88.3
88.27
88.25
88.26
88.33
88.27
88.17
88.2
88.22
88.27
88.28
88.37
88.43
88.42
88.44
88.38
88.33
88.27
88.27
88.26
88.25
88.28
88.3
88.28
88.38
88.3
88.19
88.17
88.14
88.09
88.07
88.12
88.13
88.11
88.14
88.11
88.03
87.98
88.07
88.09
88.13
88.2
88.15
88.06
88.06
88.04
88.02
88.06
88.12
88
87.89
87.89
87.95
87.99
88.04
88.08
88.08
88.11
88.15
88.11
88.11
88.16
88.18
88.06
88
88.06
88.12
88.17
88.29
88.24
88.15
88.16
88.24
88.23
88.24
88.29
88.25
88.14
88.07
88.04
88.01
88.03
88.13
88.09
88.07
88.14
88.13
88.11
88.13
88.19
88.17
88.16
88.19
88.13
88.13
88.2
88.2
88.19
88.14
88.14
88.01
87.93
88
88
87.93
87.95
88.02
87.98
88.02
88.08
88.1
88.06
88.08
88.1
88.07
88.08
88.18
88.22
88.15
88.23
88.2
88.17
88.12
88.09
88.05
88.01
88.09
88.11
88.12
88.16
88.02
87.98
87.98
88.05
87.94
87.91
87.99
87.95
87.98
88
88.08
88
87.99
88.05
88
87.98
88.05
88.1
88.08
88.04
88.07
88.11
88.1
88.11
88.01
87.92
88.01
88.17
88.09
88.11
88.19
88.17
88.18
88.14
88.12
88.06
88.04
88.13
88.09
88.05
88.1
88.07
88.1
88.16
88.21
88.16
88.15
88.2
88.16
88.13
88.14
88.1
88.01
88.03
88.08
88.14
88.01
88.04
87.99
87.99
88.03
88.05
88.01
87.99
88.15
88.13
88.14
88.15
88.13
88.07
88.08
88.15
88.09
88.01
88
88.04
88.04
88.06
88.07
88.02
87.96
88.01
87.92
87.89
87.95
88
88.02
88.04
88.06
88.01
87.98
88
88
88
88.02
88
87.94
87.94
88.04
88.12
88.12
88.26
88.19
88.14
88.11
88.09
88.05
88.01
88.02
88.05
88.05
88.16
88.15
88.08
88
87.98
87.93
87.91
88.06
88.04
88
88.05
88.1
87.99
87.93
88.01
87.96
87.93
87.97
88.04
87.96
87.94
87.94
87.91
87.86
87.91
87.91
87.87
87.91
88.05
88.09
88.05
88.05
87.98
87.84
87.88
87.93
87.91
87.92
87.98
87.95
87.95
88.05
88.07
87.97
87.95
87.96
87.93
88.03
88.14
88.1
88.01
88.02
88.02
87.97
87.91
87.94
87.88
87.89
87.97
88.02
87.92
87.91
87.93
87.95
87.92
87.98
87.91
87.88
87.92
87.92
87.88
87.94
87.98
87.88
87.95
88.04
88.06
87.95
87.97
87.96
87.98
88.01
88.03
87.95
87.99
88.03
88.02
88
88.01
88.1
88.06
88.11
88.1
88.03
88.04
88.07
88.03
87.97
87.98
88
87.93
87.89
87.97
88
87.96
87.92
87.98
87.94
87.93
87.99
88
88
87.99
88.01
88.01
88.02
88.07
88.04
88.05
88.11
88.02
87.98
88
88
87.94
87.94
88.09
88.11
88.01
87.97
87.9
87.81
87.85
87.97
87.99
87.96
88.08
88.15
88.14
88.18
88.15
88.06
88.08
88.16
88.12
88.13
88.17
88.21
88.1
88.08
88.09
88.04
88
88.15
88.12
88.07
88.04
88.01
88.07
88.08
88.08
88.04
88.05
88.16
88.21
88.18
88.2
88.23
88.17
88.14
88.18
88.22
88.16
88.16
88.15
88.18
88.21
88.2
88.1
88.02
88.06
88.1
88.07
88.06
88.08
87.99
87.94
88.03
88.08
88.06
88.05
88.02
88.01
88
88.02
87.96
87.96
88.08
88.16
88.14
88.07
88
87.9
87.92
88
88
88
87.98
88
87.93
87.88
87.95
87.89
87.94
88.07
88.06
88.06
88.13
88.18
88.14
88.05
88.03
87.99
88.01
88.09
88.05
87.97
87.96
88.01
87.95
87.94
87.99
87.99
87.93
87.99
88
87.97
87.94
87.98
87.93
87.94
87.99
88.02
88
87.93
87.92
87.84
87.81
87.86
87.85
87.86
87.89
87.87
87.83
87.89
88.02
87.99
87.95
87.97
87.95
87.9
87.94
87.98
87.96
87.97
88.05
88.08
88.07
88.13
88.06
88.02
88.02
88.07
87.94
87.91
88.03
88
87.89
87.9
87.89
87.84
87.77
87.84
87.84
87.83
87.89
87.92
87.94
87.96
87.98
87.98
87.98
88.07
88.02
87.97
87.99
87.96
87.91
87.87
87.91
87.93
87.96
88.02
87.99
87.95
87.94
88.01
88
88
88.06
88.12
88.08
88.07
88.04
88
88
88.05
88.01
87.97
88.07
88.11
88.14
88.14
88.13
88.06
87.99
88.01
87.97
87.89
87.96
87.95
87.96
87.94
87.97
87.92
87.96
88.04
88.08
88.1
88.13
88.16
88.13
88.15
88.18
88.08
88.01
88.05
88.03
88.01
88.09
88.13
88.04
88
88.1
88.08
88.09
88.08
88.02
87.98
87.98
88.04
87.98
87.93
87.99
88.02
88.03
88.02
88.04
87.99
87.96
88.02
87.97
88
88.06
88.06
88
88.02
88.1
88.04
88.02
88.11
88.13
88.12
88.15
88.21
88.1
88.05
88.11
88.09
87.96
88.01
88.11
88.11
88.03
88.09
88.09
88.1
88.17
88.15
88.12
88.05
88
87.89
87.96
87.98
87.94
87.87
87.93
87.97
87.94
87.91
87.99
87.97
87.88
87.97
88.02
87.94
87.96
88.03
88.06
88.03
88.08
88.02
87.96
87.94
87.9
87.85
87.86
87.96
87.96
87.97
88.04
88.04
87.96
87.92
87.95
87.95
87.96
88.02
87.97
87.95
88.01
88.03
87.99
87.94
88.06
87.97
87.87
87.92
87.92
87.96
87.93
87.85
87.77
87.75
87.85
87.87
87.85
87.94
87.92
87.89
87.86
87.94
87.93
87.98
88.08
88.06
88.07
88.08
88.08
88.03
88.04
88.06
88.01
87.96
87.96
87.9
87.85
87.92
87.94
87.87
87.89
88.04
88.03
87.96
88.01
88
87.94
87.93
87.97
87.95
87.91
87.93
87.91
87.85
87.85
87.92
87.9
87.84
87.88
87.83
87.73
87.78
87.78
87.72
87.89
88
87.97
87.96
87.95
87.91
87.94
87.96
87.92
87.83
87.88
88.02
88.05
88.02
88.03
88.04
88.02
87.96
87.91
87.78
87.71
87.82
87.86
87.85
87.86
87.91
87.91
87.93
88.01
87.94
87.87
87.93
87.92
87.93
88.01
88.07
88
87.91
87.88
87.83
87.78
87.78
87.85
87.83
87.88
87.94
87.88
87.81
87.81
87.8
87.77
87.82
87.95
87.88
87.87
87.87
87.85
87.84
87.85
87.83
87.87
87.89
87.92
87.89
87.85
87.86
87.87
87.87
87.91
87.94
87.92
87.84
87.88
87.89
87.85
87.82
87.81
87.77
87.77
87.9
87.89
87.94
88
87.96
87.92
87.97
87.98
87.99
87.98
87.99
87.95
87.93
88
88.07
87.98
87.88
87.96
87.93
87.88
87.91
87.92
87.95
87.97
87.99
87.97
88.1
88.16
88.07
88
88.02
88.02
87.97
87.98
88.05
88.03
88.02
88.02
87.98
87.99
87.99
88.03
87.96
87.98
87.99
87.99
87.95
88
88.04
88.03
87.98
88.02
87.99
87.98
88.06
88.05
87.98
87.97
87.93
87.91
87.94
88.01
88.03
88.02
88.1
88.1
88.08
88.01
87.95
87.87
87.8
87.89
87.93
87.95
87.99
87.97
87.92
88
88.04
88.01
87.94
87.97
88.03
88.01
88.02
88.07
88.04
88.02
88.03
87.96
87.9
87.88
87.94
87.95
87.99
88.09
88.07
88.03
88.07
87.99
87.88
87.89
87.89
87.92
87.92
87.99
87.96
87.9
87.97
88.01
87.96
87.93
87.97
87.82
87.75
87.82
87.79
87.78
87.82
87.82
87.77
87.74
87.79
87.79
87.77
87.85
87.91
87.87
87.9
87.95
87.82
87.81
87.85
87.8
87.81
87.85
87.89
87.86
87.9
88
88.06
88.09
88.1
88.08
88.07
88.01
87.95
87.88
87.87
87.94
88.02
88.03
88.08
88.04
87.93
87.85
87.83
87.8
87.79
87.86
87.9
87.85
87.89
87.96
87.91
87.85
87.89
87.82
87.8
87.86
87.9
87.86
87.9
87.98
87.97
87.9
87.98
88.03
87.99
87.91
87.93
87.91
87.94
87.93
87.9
87.87
87.89
87.93
87.95
87.93
87.98
88.04
88
88.08
88.06
87.97
88.01
88.06
88.05
88
88.02
87.97
87.91
87.98
88.01
87.98
87.96
88.05
88.03
87.96
88.01
87.98
87.99
88.09
88.22
88.2
88.14
88.14
88.09
88.06
88.12
88.09
88.06
88.04
88.09
88.05
88.02
88.06
88.03
88
88.05
88.05
87.95
87.92
88.06
88.01
88.04
88.14
88.17
88.1
88
88.01
87.99
87.97
88.05
88.04
88.09
88.1
88.1
88.07
88.1
88.19
88.15
88.04
87.97
87.97
87.97
87.97
88.03
88.02
88
87.99
87.97
87.92
87.91
87.93
87.91
87.93
88.01
87.99
87.94
88.01
88
87.94
87.96
88.01
87.95
88
88.06
88.01
87.92
87.91
87.92
87.9
87.87
88.01
88
88.02
88.05
88.05
87.98
87.98
88.01
87.92
87.88
87.95
88
88.03
88.08
88
87.94
87.92
87.95
87.97
87.95
88
87.96
87.94
87.99
88.05
88.1
88.14
88.13
88.06
87.98
88.02
87.99
87.94
87.93
87.93
87.93
87.96
88.03
87.97
87.91
87.96
87.91
87.79
87.77
87.88
87.9
87.86
87.97
88.01
88
87.98
87.95
87.99
88.03
88.08
88.05
88.03
88
87.97
87.89
87.86
87.96
87.9
87.96
88.05
88.02
87.95
87.9
87.92
87.91
87.92
87.95
87.93
87.94
87.98
88.03
87.96
87.92
87.99
87.98
87.98
88.06
88.04
87.98
87.96
87.96
87.92
87.92
88.01
88.04
88.03
88.05
88.04
88.04
88.05
88.02
87.94
87.96
88.01
87.96
87.98
88.01
88.02
87.94
87.97
88.01
87.96
87.92
88.01
87.99
87.97
87.92
87.94
87.88
87.89
88.03
88.03
87.96
87.98
88.04
88.01
88.05
88.08
88.02
87.95
87.94
87.92
87.84
87.85
87.93
87.9
87.91
87.97
87.96
87.96
88.05
88.1
88.07
88
88.09
88.11
88.09
88.06
88.05
88.04
88.02
88.06
88
87.95
88.04
88.04
88.02
88.04
88
87.97
87.92
87.97
87.88
87.9
88.01
88.06
88.05
88.09
88.1
88.03
88.01
88.05
87.96
87.94
88.03
88.03
88.04
88.02
88.09
88.05
88.05
88.03
87.94
87.86
87.87
87.92
87.96
88.03
88.07
88.05
88.03
88.1
88.08
88.02
88.04
88.08
88.06
88.04
88.03
88.01
87.96
87.96
88.03
88.04
88
88.09
88
87.82
87.71
87.63
87.53
87.57
87.69
87.75
87.76
87.87
87.88
87.8
87.8
87.85
87.83
87.87
87.9
87.85
87.81
87.79
87.83
87.9
87.9
87.96
87.94
87.9
87.9
87.86
87.81
87.81
87.82
87.89
87.92
88.01
87.9
87.87
87.91
87.94
87.91
87.94
87.96
87.95
87.87
87.86
87.84
87.88
87.89
87.92
87.84
87.79
87.8
87.77
87.8
87.92
87.95
87.94
87.89
87.89
87.8
87.77
87.85
87.87
87.88
87.93
87.99
87.93
87.89
87.95
87.96
87.88
87.89
87.91
87.98
87.97
87.99
87.93
87.83
87.91
87.97
87.97
88.04
87.99
87.9
87.88
87.91
87.89
87.87
87.95
87.94
87.87
87.87
87.91
87.86
87.83
87.94
87.88
87.91
87.98
87.99
87.85
87.75
87.77
87.77
87.89
88.04
88.13
88.11
88.05
87.97
87.95
87.92
87.98
88
88
88.03
88.06
87.97
87.96
88.04
88
87.91
87.91
87.89
87.91
87.95
88.03
88.06
88.04
88.14
88.14
88.07
88.04
87.94
87.87
87.86
87.94
88
87.96
88.01
87.94
87.91
87.94
88.06
88.01
87.98
88.13
88.11
87.98
87.92
87.95
87.91
87.92
88.1
88.04
88.01
87.97
87.95
87.96
87.94
87.97
87.89
87.81
87.83
87.79
87.75
87.84
87.88
87.81
87.83
87.91
87.87
87.83
87.88
87.93
87.89
87.89
87.93
87.92
87.95
88.04
88
87.96
87.91
87.9
87.82
87.84
87.87
87.83
87.82
87.92
87.92
87.87
87.87
87.9
87.88
87.9
87.97
87.92
87.88
87.96
87.99
87.96
87.88
87.89
87.85
87.83
87.87
87.86
87.87
87.9
87.89
87.8
87.82
87.89
87.87
87.83
87.88
87.93
87.96
87.93
87.94
87.91
87.92
87.93
87.89
87.91
87.95
88.03
88
87.96
88
87.95
87.9
87.94
87.98
87.94
87.98
88
87.97
87.93
87.99
87.97
87.93
87.95
87.92
87.82
87.82
87.83
87.78
87.73
87.83
87.85
87.8
87.82
87.92
87.9
87.92
88.02
88.05
87.94
87.92
87.91
87.82
87.74
87.74
87.71
87.77
87.91
87.93
87.85
87.83
87.87
87.85
87.75
87.79
87.77
87.75
87.78
87.83
87.85
87.87
87.91
87.92
87.92
88.04
88.01
87.99
87.96
88.02
87.98
88.03
88.02
88.03
88.01
88.04
87.97
87.93
87.94
87.98
87.9
87.86
87.96
87.96
88.01
88.05
88.11
88.02
87.93
87.98
87.98
87.92
87.91
87.91
87.95
87.94
88
88.02
87.91
87.9
87.93
87.91
87.91
87.96
88
88.01
88.05
88.01
88.05
88.14
88.06
87.95
87.95
88.02
87.97
87.89
87.95
87.91
87.81
87.79
87.82
87.8
87.8
87.84
87.93
87.92
87.92
87.89
87.86
87.88
87.92
87.87
87.86
87.93
87.93
87.86
87.82
87.88
87.9
87.93
87.97
88.03
88.07
88.1
88.05
87.91
87.85
87.88
87.87
87.85
87.88
87.9
87.89
87.97
87.94
87.9
87.93
88.01
87.99
87.93
87.9
87.9
87.85
87.86
87.89
87.86
87.89
88.01
87.97
87.93
87.95
87.91
87.91
87.92
87.93
87.84
87.85
87.92
87.93
87.87
87.86
87.93
87.86
87.87
87.93
87.93
87.83
87.84
87.85
87.8
87.78
87.85
87.83
87.85
87.94
88.01
87.92
87.86
87.93
87.86
87.86
87.88
87.8
87.81
87.86
87.91
87.86
87.81
87.88
87.85
87.74
87.8
87.93
87.93
87.94
87.98
88.01
88
88.02
88
87.91
87.93
87.97
87.95
87.99
88.12
88.14
88.06
88.04
88.01
87.96
87.99
88
87.96
87.93
88.06
88.06
88
87.97
87.98
87.88
87.92
87.97
87.91
87.88
87.95
87.95
87.92
87.86
87.93
87.94
87.88
87.96
87.94
87.94
88.02
87.98
87.93
87.89
88.01
88
87.99
88.04
88.03
88
87.98
88.04
87.95
88
88.09
88.07
88.1
88.1
88.01
87.89
87.89
87.96
87.9
87.83
87.87
87.91
87.9
87.93
87.94
87.87
87.82
87.86
87.84
87.86
87.97
87.99
87.91
87.83
87.82
87.81
87.85
87.98
87.96
87.91
87.93
87.97
87.94
87.88
87.95
87.89
87.85
87.83
87.82
87.72
87.74
87.84
87.8
87.78
87.88
87.91
87.89
87.94
87.95
87.93
87.93
87.97
87.92
87.9
87.95
88.06
87.98
87.9
87.91
87.92
87.85
87.9
87.87
87.87
87.86
87.84
87.78
87.79
87.9
87.82
87.77
87.87
87.83
87.81
87.89
87.91
87.89
87.83
87.88
87.87
87.78
87.76
87.8
87.76
87.74
87.8
87.82
87.82
87.82
87.79
87.74
87.82
87.95
88.01
88.07
87.99
87.92
87.88
87.82
87.85
87.87
87.88
87.98
87.98
87.88
87.92
87.9
87.81
87.81
87.83
87.77
87.68
87.72
87.77
87.8
87.86
87.88
87.92
87.9
87.98
87.87
87.84
87.84
87.83
87.83
87.86
87.87
87.86
87.85
87.94
87.96
87.94
87.87
87.85
87.87
87.87
87.89
87.87
87.82
87.84
87.84
87.86
87.88
87.9
87.91
87.86
87.91
87.91
87.94
87.97
88.02
88.01
88
88.11
88.06
88
87.94
87.9
87.82
87.82
87.93
87.97
87.92
88
88.02
87.94
87.93
87.95
87.92
87.87
87.98
87.99
87.96
87.95
87.97
87.94
88
88.03
88.01
87.9
87.91
87.87
87.93
87.96
88.02
87.94
87.87
87.89
87.9
87.86
87.82
87.8
87.8
87.79
87.89
87.92
87.9
87.99
87.94
87.88
87.85
87.87
87.85
87.86
87.96
87.97
87.97
87.98
87.99
87.93
87.9
87.92
87.8
87.75
87.77
87.81
87.76
87.77
87.83
87.83
87.86
87.93
87.86
87.83
87.84
87.85
87.81
87.84
87.89
87.89
87.85
88.01
87.97
87.94
87.93
87.87
87.87
87.82
87.9
87.87
87.83
87.83
87.82
87.77
87.72
87.82
87.77
87.77
87.86
87.87
87.82
87.92
87.89
87.79
87.87
87.96
87.94
87.88
87.85
87.75
87.64
87.65
87.78
87.74
87.77
87.84
87.91
87.93
87.98
88.02
88.03
88
88.05
88.03
88.03
88
87.97
87.9
87.91
87.96
87.97
87.9
87.93
87.86
87.76
87.82
87.94
87.91
87.92
87.97
88
87.99
88.03
88.05
88.01
87.96
87.9
87.8
87.78
87.83
87.81
87.83
87.87
87.86
87.8
87.8
87.88
87.85
87.84
87.92
87.94
87.96
88.01
88.06
88.01
87.94
88.03
87.99
87.88
87.89
87.86
87.85
87.86
87.9
87.88
87.9
88.02
88.01
87.96
87.93
87.94
87.92
87.96
88.04
88.05
87.98
87.98
87.93
87.9
87.9
