113.64
113.62
113.06
113.5
114.14
113.15
113.15
114.06
113.44
112.6
112.55
113.35
111.93
112.41
114.07
114.1
112.92
114.22
113.76
111.97
111.97
113.51
113.51
112.89
113.86
113.08
112.55
112.75
113.45
112.24
112.96
114.09
113.67
112.91
114.02
113.39
111.54
112.53
113.59
112.94
112.94
113.54
113.16
113.3
113.51
113.95
112.37
112.82
114
113.43
112.81
113.21
112.86
111.49
113.51
113.53
112.88
113.31
113.79
112.88
111.97
112.54
113.02
112.39
113.04
113.44
112.74
113.05
113.62
113.13
112.24
113.12
113.12
112.07
112.85
114.09
112.94
112.36
114.18
113.03
112.86
114.03
114.42
113.68
113.65
114.59
113.64
112.63
112.63
113.13
112.12
112
112.53
111.71
110.37
112.25
112.81
112.36
113.58
113.46
112.64
112.66
114.33
113.66
112.84
113.57
113.38
113.19
113.19
113.89
112.82
111.85
112.88
113.15
112.81
113.57
113.57
113.35
113.51
113.78
112.6
111.99
112.8
112.36
112.36
112.49
112.58
112.04
111.64
112.75
113.05
112.85
113.89
113.3
111.88
112.42
113.8
113.41
112.69
113.51
112.17
111.8
112.64
112.95
111.55
111.51
113.44
113.32
112.63
112.78
113.52
112.38
112.66
113.37
112.67
112.33
113.05
113.16
113.16
112.72
113.31
112.44
112.35
113.6
113.08
112.7
113.27
112.76
112.41
112.93
113.77
113.33
113.22
113.8
112.31
111.97
113.14
112.48
110.98
112.12
113.42
112.69
112.06
113.55
112.32
112.05
112.53
111.93
112.08
112.79
113.47
113.48
113.48
113.02
113.02
112.39
112.28
113
111.83
111.34
112.54
112.94
112.67
112.2
112.81
112.88
112.5
113.59
112.89
112.7
113.4
113.24
112.37
111.8
112.66
111.73
111.78
112.39
111.96
111.7
112.66
112.33
111.61
111.32
111.82
112.05
111.48
111.48
113.45
112.72
113.08
112.7
112.29
112.59
114.24
114.37
112.84
113.28
114.3
112.71
112.23
112.93
112.57
112.07
112.07
112.41
111.43
112.59
113.1
112.65
112.22
113.29
112.98
112.64
112.86
113.13
112.34
112.79
113.4
113.37
113.37
112.77
113.4
113.33
113.2
113.12
112.9
112.35
113.36
113.43
113.68
113.16
112.93
112.38
112.98
113.5
112.81
112.81
112.24
113.49
111.78
112.92
113.24
112.57
112.77
113.18
112.95
112.1
113.18
112.61
111.7
113.01
112.79
112.24
112.21
113.1
113.44
112.46
113.55
113.26
112.27
112.4
113.68
112.93
111.72
112.88
113.14
112.27
113.17
113.04
112.4
111.62
112.47
112.47
112.25
113.01
111.93
111.99
112.39
112.15
111.01
111.36
112.93
112.93
112.34
113.17
113.58
112.66
112.14
112.74
112.74
111.91
112.57
112.82
111.9
112.85
112.61
112.53
112.65
113.54
112.91
111.72
112.23
112.7
111.63
112.13
112.55
112.55
111.72
112.66
112.54
111.44
112.46
113.06
112.48
111.72
113.03
112.42
111.27
112.04
112.67
112.05
111.84
113.07
113.13
113.13
113.72
114.42
112.25
112.7
112.34
111.98
112.77
113.45
112.45
112.24
113.39
114.1
112.75
112.98
113.23
112.35
112.16
113.66
112.38
111.58
113.84
112.93
112.45
111.64
111.53
111.27
111.11
113.08
112.96
111.55
113.1
112.87
113
113
112.61
111.9
110.95
112.81
112.91
112.8
112.77
112.31
111.4
111.4
112.05
111.99
111.13
112.96
113.67
112.11
112.11
113.31
112.91
112.5
113.64
112.99
111.3
112.85
113.89
113.39
112.81
113.64
112.97
112.11
113.19
112.9
112.33
112.33
113.41
113.2
113.17
114.07
113.13
112.98
113.57
114.04
112.38
112.28
113.9
112.99
111.87
113.56
113.21
112.37
112.92
113.36
113.06
112.59
113.2
113.32
112.41
112.86
112.52
111.28
112.05
112.79
112.32
111.99
113.51
113.51
111.82
111.24
111.85
110.67
111.11
112.26
112.4
111.82
113.21
114.24
113.34
112.42
113.2
112.6
112.23
113.27
113.27
111.84
112.91
113.67
113.08
112.49
112.8
112.43
112.06
113.23
112.74
112.05
112.66
113.51
112.55
112.06
114.04
114.04
113.34
113.47
113.47
112.33
112.51
113.69
112.38
111.94
113.12
113.51
111.91
112.24
112.52
111.86
111.68
112.49
112.56
112.3
113.3
113.3
112.4
112.02
113.55
112.75
111.86
112.97
113.15
112.86
113.04
112.47
112.82
112.33
113.42
113.04
112.06
113.47
113.77
113.14
113.5
113.8
113.04
113
113.35
113.72
112.05
113.32
113.34
113.19
113.42
114.05
113.69
112.88
113.22
113.45
112.76
113.23
113.08
111.47
111.86
112.89
113.01
112.82
114.01
113.97
112.98
112.67
113.55
113.24
112.38
113.33
113.33
113.29
113.28
113.63
113.18
113.64
114.43
112.74
112.28
112.58
113.75
113.21
113.91
114.09
113.28
113.28
113.03
112.99
112.2
111.67
112.55
112.21
111.79
114.3
114.03
113.18
114.3
113.78
113.13
112.51
113.58
112.93
112.93
112.16
112.54
112.96
113.07
113.08
112.16
112.1
113.01
111.76
112.28
113.15
112.23
111.86
112.93
112.98
111.6
111.22
112.65
112.65
111.62
113.37
113.17
111.67
112.1
112.05
111.31
110.79
112.64
112.83
112.08
112.64
113.77
112.74
112.02
112.52
112.52
112.41
113.61
113.25
112.39
113.17
113.64
113.07
112.72
112.65
112.27
111.51
112.8
113.54
112.65
111.98
113.21
113.36
113.36
113.1
112.78
112.04
113.11
112.85
112.59
113.02
114.02
113.26
111.94
113.27
114.13
112.84
113.58
113.74
113.09
112.5
112.91
112.16
111.82
112.89
113.92
113.6
113.27
113.53
112.61
112.72
113.88
114.28
113.2
113.2
112.69
112.46
112.46
112.94
112.77
112.13
113.56
113.4
112.05
113.42
113.81
113.25
112.59
112.38
112.14
112.03
112.75
112.75
113.01
112.19
113.54
112.54
112.18
113.97
113.47
112.59
112.57
113.49
112.95
113.29
113.28
112.95
112.04
113.66
113.66
113.43
112.68
113.28
112.29
112.21
112.93
112.33
111.77
112.4
112.64
112.6
112.86
113.26
112.45
111.68
112.66
113.02
112.21
113.14
113.33
112.87
113.01
114.14
113.53
113.59
113.63
113.88
113.11
111.91
113.54
113.17
112.59
114.4
114.4
114.04
113.17
113.1
112.74
111.75
113.83
113.05
112.11
113.18
114.05
113.32
112.85
114.25
113.31
112.12
113.53
113.29
112.45
113.22
114.15
113
111.91
112.64
112.77
111.44
112.88
113.38
112.8
111.51
113.6
113.06
111.92
113.13
113.13
112.46
112.63
112.14
111.81
112.6
113.27
112.89
112.12
113.37
112.34
112.65
113.24
113.64
112.84
111.96
113.34
112.71
112.71
113.4
113.72
113.37
113.14
113.13
112.25
112.63
113.63
113.1
112.63
113.18
113.66
113.72
112.48
114.11
113.46
111.8
112.18
112.18
112.43
112.72
113.44
112.84
111.7
113.32
113.23
112.34
113.73
113.76
112.86
112.22
112.73
112.53
111.6
112.97
112.97
111.87
113.02
113.04
112.43
111.97
112.95
112.64
112.05
112.8
112.98
112.84
112.52
113.41
113.15
112.36
113.24
113.24
112.22
112.77
113.42
112.47
112.97
113.9
112.51
111.71
113.29
113.62
112.23
112.29
113.13
112.46
113.66
113.66
114.37
112.54
113
114.06
113.56
113.27
113.97
112.61
111.79
112.83
113.79
112.6
112.32
113.26
113.47
112.45
112.45
113.02
112.11
112.71
113.23
113
113.84
114.32
113.02
112.18
112.05
112.23
111.36
112.23
112.47
111.81
111.68
112.36
111.92
110.89
112.31
112.57
110.94
111.48
112.36
112.16
111.68
112.86
112.32
110.56
111.63
112.38
111.32
112.14
112.14
112.87
112.61
114.16
112.99
111.77
113.69
114.26
113.08
112.33
113.74
112.84
112.4
112.94
112.98
112.63
112.63
113.59
112.91
112.53
113.53
113.23
111.87
112.09
113.23
112.5
111.74
112.69
111.5
111.37
113.37
113.68
112.41
112.41
113.02
112.19
112.43
112.93
112.72
112.37
113.58
113.57
111.67
111.75
112.68
112.67
113.06
113.78
113.37
112.9
114.04
113.96
113.21
112.8
113.47
112.51
111.56
113.44
113.11
112.46
112.88
113.23
112.01
111.46
112.57
111.94
111.83
113.4
113.4
113.5
112.76
112.9
112.5
112.09
113.79
113.41
111.96
112.22
113.64
113.28
113.1
113.19
113.37
112.45
113
113
114.11
113.02
112.74
112.75
113.45
114.56
113.51
112.56
113.38
113.76
112.9
112.9
113.76
113.29
112.34
113.58
112.99
112.62
113.33
113.93
113
112.47
113.59
112.78
112.29
113.75
114.3
113
111.93
112.85
112.25
111.01
112.87
112.64
111.9
111.77
113.7
113.06
112.78
113.39
112.82
112.21
113.08
112.72
111.7
112.91
113.89
112.8
111.37
113.04
112.7
112.12
113.27
113.05
111.79
112.68
114.02
112.96
112.53
113.88
112.33
111.74
113.72
113.82
113.21
112.68
113.22
112.91
112.43
113.24
114.58
113.76
114.04
114.66
113.14
112.69
114.06
113.35
112.23
113.61
113.86
113.99
113.58
114.39
114.05
112.48
112.48
114.62
113.91
113.88
114.16
113.14
112.33
113.81
113.89
113.48
113.56
113.81
113.26
113.43
113.68
113.35
112.16
113.61
113.22
113.28
113.83
114.17
113.45
113.13
113.44
112.62
111.48
112.55
112.38
112.48
112.6
112.41
111.69
111.69
111.58
112.59
111.42
112.81
113.86
112.18
113.21
114.75
113.64
112.41
113.7
114.05
112.07
112.55
112.74
112.34
112.11
112.7
111.79
110.98
111.53
112.82
112.35
112.29
113.57
113.14
111.78
112.92
113.58
112.67
112.98
113.42
113.42
112.66
113.3
113.81
113.22
113.75
113.42
112.36
113.46
113.88
113.54
112.75
113.9
113.71
113.46
113.89
112.69
111.96
112.89
114.06
112.67
112.07
113.83
113.21
111.68
112.63
112.89
112.69
112.84
113.43
112.79
112.12
112.88
112.8
112.59
112.55
112.55
113.85
112.48
113.78
113.01
112.71
113.68
113.19
113.23
112.6
114.03
113.52
113.08
113.87
113.18
111.85
112.6
113.57
113.57
112.81
113.47
113.56
112.81
113.97
112.83
111.97
113.09
113.92
113.35
113.09
114.55
113.72
112.42
112.42
113.96
112.47
112.68
114.04
113.18
112.15
113.23
113.63
112.85
113.99
113.68
113.66
114.11
115.08
114.1
113.55
114.36
114.18
114.18
113.02
114.03
113.87
112.66
113.5
113.39
113.42
114.23
113.45
112.69
112.85
112.82
112.94
112.85
113.85
113.42
112.57
113.32
113.49
113.15
114.27
114.26
113.38
111.38
112.6
113.35
112.81
112.65
113.43
112.77
113.54
114.64
113.83
113.83
112.95
113.27
113.1
113.15
113.57
112.99
112.02
112.73
112.93
112.02
112.08
112.21
111.97
112.06
113.02
113.02
111.89
113.06
113.3
111.99
111.84
113.78
113.56
111.92
113.02
113.3
112.86
113.49
113.59
112.52
112.52
114.15
112.24
112.24
112.13
112.65
112.14
112.03
113.05
112.27
112.4
113.92
113.6
113.01
113.52
113.51
112.43
112.54
113.31
112.86
112.65
112.77
112.54
111.31
112.25
112.49
112.14
112.66
113.26
112.96
112.11
113.19
113.14
111.89
113.36
114.19
113.7
112.66
113.5
113.15
112.62
112.88
113.03
112.45
112.88
114.23
113.69
113.78
113.52
113.43
112.79
113.43
113.2
111.82
111.56
112.45
112.26
111.97
113.89
113.22
112.45
112.72
112.56
111.79
111.84
113.67
112.75
111.32
113.59
114.66
113.07
112.21
112.21
113.05
113.34
114.45
114.05
112.81
112.86
112.99
113.98
113.37
113.8
113.44
113.45
114.88
115.03
115.03
113.57
113.57
112.88
112.33
114.12
113.85
112.68
113.26
114.07
114.02
113.72
114.91
114.58
113.4
114.29
113.76
112.75
113.56
113.56
113.46
112.18
112.99
112.88
112.1
112.55
112.96
112.49
113.09
112.93
111.9
112.37
113.55
113.15
112.63
112.11
112.11
111.61
111.94
112.78
112.7
111.58
112.48
112.37
112.1
112.42
112.48
111.68
111.94
113.35
112.24
112.24
112.31
111.91
112.17
112.13
112.5
112.26
111.95
113.3
112.73
113.42
113.58
113.68
112.58
112.37
113.18
112.69
112.69
112.63
112.21
112.17
111.8
112.44
112.01
112.73
113.02
111.8
112
113.29
113.13
112.42
112.4
113.28
112.19
111.72
111.72
112.91
112.68
113.92
114.11
112.39
112.44
113.49
113.1
112.37
113.43
113.37
112.37
112.92
114.33
113.21
112.22
114.37
113.48
113.48
111.95
112.95
112.85
113.06
113.52
112.72
112.29
114
113.74
112.22
112.15
113.25
112.18
112.18
113.14
113.05
113.05
112.35
113.41
112.29
112.33
113.28
113.11
111.97
113.15
112.91
111.34
112.77
113.2
112.65
112.9
113.87
113.46
112.94
113.75
113.18
112.06
113.03
113.64
112.89
112.06
113.4
112.78
112.46
114.76
114.14
113.01
112.32
112.32
113.26
112.25
112.49
112.52
112.2
112.79
112.95
112.63
112.79
114.13
112.49
112.01
113.53
113.34
111.71
112.07
113.43
113.84
112.91
113.26
113.43
112.96
113
113.51
112.37
112.79
113.93
113.49
112.76
113.56
113.59
112.97
112.99
113.25
111.95
113.16
114.27
113.61
113.22
113.4
113.01
112.1
111.57
111.58
111.31
111.66
113.01
112.37
112
113.28
113.28
112.16
112.91
113.93
112.62
112.6
114.6
114.52
113.21
113.07
113.07
113.06
112.59
113.74
112.79
112.76
114.24
113.87
112.1
112.48
113.61
112.55
112.48
114.35
113.79
112.25
112.58
112.75
112.24
112.22
112.86
112.76
112.17
112.6
113.04
111.99
112.63
112.63
112
112.29
113.76
113.34
111.61
113.15
113.02
112.78
113.24
114.19
113.76
112.72
112.7
112.76
112.73
113.82
113.82
111.76
112.55
114.41
113.72
112.91
114.1
113.5
112.04
112.8
114.38
113.63
113.2
113.61
113.03
112.44
113.6
113.76
113.76
113.41
113.69
112.58
112.6
113.89
113.7
112.31
113.06
113.59
112.98
112.73
113.28
113.58
113.15
113.72
112.61
112.61
112.36
113.72
113.26
112.01
112.46
113.08
111.81
113.29
113.29
112.34
113.03
113.82
112.41
112.41
113.81
113.81
111.98
113.57
114.39
113.4
113.39
114.28
113.47
113.42
114.48
113.94
111.86
112.28
113.88
114.24
113.41
113.8
113.62
112.89
113.87
112.74
112.2
112.8
114.09
113.14
112.84
113.81
113.35
112.92
113.48
113.2
113.62
112.99
113.94
114.2
112.97
113.48
113.42
112.48
112.9
113.23
113.01
112.94
114.27
112.9
112.61
112.84
113.25
112.11
111.75
112.24
112.39
112.39
112.81
112.46
112.43
113.55
114.18
113.08
112.66
112.86
112.65
111.48
111.99
111.92
111.39
111.4
112.37
112.46
112.21
113.87
113.98
113.24
113.22
113.25
112.94
112.89
114.1
113.64
112.52
113.25
113.2
112.45
111.57
112.48
112.96
112.86
113.4
113.11
111.83
113.88
114.38
113.31
112.87
113.57
113.29
112.78
114.13
113.49
112.59
112.95
112.95
113.18
112.98
114.31
113.58
111.82
112.85
112.78
111.32
111.96
113.38
111.94
112.51
113.71
112.95
111.45
112.76
112.41
111.24
111.24
111.35
111.52
111.48
112.37
112.73
112.87
112.85
113.83
112.92
112.03
113.14
113.25
112.96
114.12
114.21
113.03
113.03
114.36
113.54
112.41
113.12
113.19
112.34
111.93
112.84
112.83
112.91
113.92
113.17
112.17
113.69
113.35
113.35
113.83
114.7
113.42
113.1
113.66
113.62
111.91
113.32
113.43
112.02
112.72
113.59
113.61
112.8
113.36
113.28
112.85
113.2
114.19
113.88
112.05
113.14
112.44
111.62
112.84
112.95
113.01
112.91
113.36
112.55
111.85
113.02
113.19
113.03
113.83
112.53
112.67
112.85
113.77
113.1
112.25
113.88
113.13
112.6
113.34
113.58
112.87
112.86
113.87
112.9
112.35
113.43
113.43
113.54
113.97
114.26
113.24
111.9
113.35
113.19
112.45
113.44
113.55
113.4
113.57
114.58
113.1
112.86
114.12
113.7
112.38
114.17
114.41
112.93
113.27
113.97
113.16
112.42
113.74
113.64
112.72
114.07
114.04
112.98
112.15
113.19
112.82
112.53
113.19
113.44
112.65
112.74
112.87
112.16
111.79
113.22
112.88
112.1
112.85
113.38
112.81
113.22
113.22
112.35
111.86
113.23
113.22
112.92
114.02
114.69
113.82
113.16
113.94
112.81
112.01
113.45
113.53
112.99
112.99
112.52
113.67
112.96
113.28
112.99
111.31
113.16
113.64
113
113.58
114.33
113.25
112.51
112.91
112.69
111.85
111.52
112.99
112.41
112.1
113.56
113.62
112.47
112.47
112.91
112.81
112.76
114.22
112.94
112.23
113.48
113.12
111.95
112.4
113.71
113.71
112.56
113.63
113.01
111.64
112.72
113.02
112.42
113.37
113.81
113.11
113.03
113.15
112.89
113.35
114.23
114.34
113.86
113.73
114
113.61
112.31
113.39
113.44
113
113.88
113.8
113.17
113.56
114.3
113.41
112.48
113.15
113.74
113.05
113.24
114.11
112.9
111.73
113.25
112.64
112.27
113.03
112.99
111.89
111.54
112.87
112.46
111.8
113.2
112.81
112.54
112.91
112.91
112.2
112.04
113.29
113.1
112.66
113.11
112.42
112.37
113.03
113.95
112.89
112.33
112.9
112.18
111.65
113.2
113.32
112.26
112.94
113.24
113.39
112.6
113.17
113.33
112.4
113.08
112.61
112.45
111.3
113.61
114.01
112.69
113.58
112.68
112.59
113.17
113.35
113.39
112.35
113.68
113.47
110.91
112.34
112.83
111.83
111.49
112.05
111.87
111.6
112.56
112.56
112.72
113.17
113.7
113.17
112.15
113.25
113.26
112.89
113.22
112.65
111.95
112.33
113.13
111.95
112.15
113.17
112.47
111.34
112.49
113.09
112.59
112.37
113.12
112
111.23
113.28
112.91
112.54
112.66
112.28
111.74
111.86
111.86
112.77
111.41
112.85
113.62
112.82
112.52
113.47
112.07
111.34
112.41
112.39
112.11
112.98
113.45
112.91
112.31
112.31
113.08
112.27
113.25
112.59
111.14
111.54
113.07
112.55
112.12
112.8
112.27
111.53
112.66
112.86
111.66
112.11
112.64
112.48
111.57
113.34
112.92
111.67
112.04
113.34
112.13
111.96
113.85
112.63
111.23
112.68
112.78
111.58
111.78
112.55
112.55
111.74
113.29
112.66
111.78
112.54
113.08
112.07
112.28
112.94
113.13
112
112.6
112.55
112.39
112.34
113.05
112.02
112.01
112.71
112.98
112.12
113.37
113.84
112.54
112.13
113.16
113.11
112.38
113.41
113.03
111.41
112.29
112.16
112.36
112.01
113.19
112.92
111.96
113.03
113.68
112.51
112.07
113.51
112.38
112.44
114.82
114.13
111.98
112.25
113.71
112.66
111.85
112.63
112.14
110.97
113.14
113.16
112.64
112.47
113.32
112.68
112.86
113.51
113.52
112.39
113.36
113.61
112.37
112.05
113.89
112.82
112.53
113.11
112.09
112.56
113.15
113.15
113.1
112.55
113.06
112.12
111.21
112.66
113.99
113.08
113.08
113.47
111.92
111.53
112.96
112.52
112.2
112.34
112.21
111.97
111.83
113.63
113.05
111.61
112.16
112.75
111.75
111.88
112.95
112.49
111.62
112.76
112.46
111.95
112.84
113.2
111.89
112.09
112.65
111.75
111.54
112.31
112.28
111.6
112.25
112.26
112.45
112.13
112.77
113.01
112.02
112.33
112.88
111.51
111.83
113.32
112.23
112.2
113.02
113.15
112.04
112.99
114
112.65
112.36
113.26
111.94
112.14
113.28
113.63
113.39
113.06
114.77
113.75
112.03
113.7
113.21
112.75
113.62
113.55
112.92
113.61
113.94
113.57
112.96
113.26
113.33
112.41
113.05
113.31
113.07
113.15
114.71
114.03
113.07
113.07
113.62
112.41
113.1
113.6
112.68
111.45
112.55
113.15
112.99
112.68
113.35
112.78
112.09
113.88
113.53
112.82
113.42
113.42
112.33
111.83
113.27
113.3
112.26
113.12
113.97
113.32
113.51
113.27
112.24
112.75
113.87
113.13
112.13
112.2
113.34
112.61
112.72
113.36
113.22
112.68
114.1
113.85
112.68
113.51
114.36
113.76
113.02
113.68
112.87
112.28
113.92
113.85
112.37
112.8
113.77
112.23
111.86
113.28
112.53
112.06
112.77
113.08
112.32
113.02
113.62
113.22
112.11
113.18
113.61
113.18
112.91
113.63
112.65
112.34
113.96
113.4
112.39
112.98
114.34
112.97
112.46
113.43
112.87
111.55
113.12
112.61
111.89
112.31
113.72
113.06
112.22
113.26
113.01
112.76
113.75
113.97
113.1
112.41
113.34
113.48
112.78
113.89
113.48
111.72
112.8
113.06
112.92
112.49
113.18
112.42
112.11
112.92
113.03
113.14
113.02
113.12
112.76
112.36
112.87
112.27
111.99
113.58
114.05
112.99
112.87
113.24
114.16
113.03
113.41
113.3
111.97
111.3
113.05
112.53
112.56
113.7
112.94
111.82
112.03
112.56
112.76
112.73
113.83
112.91
111.96
112.92
113.03
112.27
112.29
112.82
112.34
112.23
113.07
113.07
111.11
112.2
113.41
112.84
111.99
113.06
112.43
112.36
114.18
113.09
112.37
113.25
113.3
111.51
111.64
113.79
112.65
111.52
112.78
113.45
112.65
112.23
113.24
113.24
113.16
113.35
113.55
112.49
112.96
113.49
113.6
113.9
114.36
113.27
112.59
112.9
112.93
111.9
111.7
112.93
112.79
111.91
112.93
113.84
113.09
112.43
113.44
113.3
113.34
113.97
112.78
112.88
114.41
113.28
112.64
113.17
113.55
113.58
111.96
113.02
112.89
111.93
113.48
112.94
112.54
112.01
112.87
113.75
112.89
113.46
113.28
112.41
112.32
113.49
112.79
112.88
113.78
112.32
112.59
112.58
113.24
112.01
112.32
113.83
113.01
112.23
113.27
113.12
111.94
112.82
113.92
112.55
111.72
112.93
112.62
111.72
112
112.9
111.83
111.11
112.08
112.17
111.57
112.33
112.16
111.66
112.91
113.34
113.16
112.34
112.64
111.93
111.78
112.94
113.5
112.71
112.94
114.39
113.22
112.11
113.38
113.03
111.93
113.44
112.85
112.12
112.03
112.81
112.9
112.43
112.69
113.1
111.98
113.13
113.18
112.52
111.74
112.72
113.24
112.29
112.12
113.03
111.9
112.44
112.97
111.86
111.65
112.76
113.57
112.07
112.25
112.43
111.65
110.67
112.65
112.7
111.96
112.89
112.51
111.89
111.92
112.4
112.31
112.27
112.87
113.92
113.55
112.54
113.62
113.13
112.1
112.92
112.46
112.23
112.82
112.35
111.42
112.16
113.38
111.85
110.87
112.06
112.02
111.57
112.66
113.18
112.62
112.2
114.18
113.7
112.81
113.13
112.71
111.5
112.4
113.55
113.28
111.73
112.48
112.52
111.5
112.01
112.33
111.64
112.28
113.21
112.77
112.74
113.44
113.34
113.12
112.5
113.17
112.64
112.12
113.52
113.22
111.77
111.96
113.87
112.95
112.08
112.81
112.24
111.45
112.08
113.39
112.55
112.48
113.3
112.84
112.39
113.07
113.41
111.88
112.96
112.9
112.55
112.58
113.21
112.18
111.72
113.33
113.24
112.31
113.01
113.83
112.64
111.95
113.51
113.44
112.47
112.66
112.18
111.96
112.19
113.23
112.1
111.58
112.91
112.94
112.06
112.14
112.66
112.74
112.37
112.89
112.3
110.62
112.23
113.23
112.31
111.95
113.36
112.33
112.27
112.66
112.07
111.45
112.8
112.9
111.56
110.36
112.58
112.59
111.43
112.31
112.99
111.12
111.27
112.18
111.44
111.93
113.28
112.54
111.89
112.44
113.59
112.21
111.83
112.53
111.82
112
112.83
113.28
112.64
112.29
113.42
112.88
112.23
112.34
112.1
112.32
113
112.54
112.45
112.74
112.84
112.8
112.39
112.55
112.48
112.35
112.16
111.81
112.03
112.17
112.54
113.39
112.77
112.85
113.06
112.79
112.32
113.36
112.74
111.68
113.45
113.94
112.39
111.54
111.99
112.24
111.92
113.29
112.68
111.78
111.86
112
111.98
112.73
114
112.91
112.16
112.58
112.4
111.77
112.24
112.44
111.36
111.24
111.58
111.25
111.08
110.83
111.85
111.23
111.64
112.51
112.46
112.15
112.79
112.63
112.53
113.1
113.65
112.83
112.08
112.7
112.96
112.49
113.05
112.67
112.4
111.85
112.86
112
111.85
112.94
112.26
111.59
112.06
112.95
112.22
112.21
113.55
113.01
111.91
112.98
112.67
112.67
112.18
113.4
112.72
111.66
113.14
112.61
111.66
113.18
113.74
112.92
111.79
112.83
112.1
111.5
112.49
113.6
111.93
111.83
112.83
112.51
111.57
112.37
112.83
112.04
112.66
112.39
112.49
112.8
113.33
113.12
111.87
112.35
112.74
112
112.7
113.01
112.63
111.27
112.5
112.02
111.34
112.14
112.06
110.78
110.93
112.01
111.76
110.5
112.08
112.68
111.96
112.55
113.84
113.17
111.88
112.6
112.13
111.38
113.04
113.5
112.27
111.62
113.58
112.92
111.59
112.42
112.95
112.18
111.91
112.32
112.21
112.18
112.74
112.66
112.26
112.67
113.02
112.36
112.7
113.84
112.6
111.42
112.5
112.38
111.88
112.47
113.9
113.65
112.88
113.24
113.57
113.15
112.89
112.9
112.56
112.2
113.85
113.09
112.3
113.01
112.54
112.16
112.91
113.78
112.49
112.33
113.36
112.61
112.31
112.95
112.78
112.81
111.92
112.98
112.82
110.96
112.57
112.4
111.47
112.59
113.16
112.29
112.25
114.38
113.56
112.06
112.65
112.99
112.34
112.89
113.77
112.14
112.1
112.96
112.74
112.81
112.46
113.4
112.99
112.28
113.02
112.77
111.44
112.31
113.07
112.42
112.11
112.09
111.36
111.41
112.17
112.32
111.83
113.76
113.6
112.71
112.95
113.44
111.97
110.9
112.14
111.68
111.57
112.49
113.15
112.33
111.64
113.05
112.88
113.14
112.89
112.81
112.76
113.03
113.13
112.18
112.15
113.52
114.1
113.22
113.73
113.1
112.01
112.27
113.1
112.24
111.94
112.9
112.56
112.58
112.12
112.5
112.34
112.27
113.22
113.09
112.49
112.12
113.28
113.11
112.64
113.1
112.55
111.49
111.47
112
111.41
111.61
113.91
112.63
111
113.3
113.12
112.16
113.12
113.12
111.67
112.03
113.32
112.88
112.11
112.93
113.97
112.84
112.76
112.99
111.55
112.01
112.4
112.1
111.06
112.68
113.75
112.58
112.27
113.75
112.15
112.39
113.27
113.21
112.35
113.27
112.89
112.65
112.38
113.34
113.22
112.66
113.09
113.13
112.56
111.91
112.99
112.61
111.84
112.87
113.69
111.99
112.5
113.15
112.26
111.77
112.51
112.3
110.83
111.7
112.05
112.34
112.38
112.35
112.08
111.52
111.87
112.62
112.42
112.37
113.27
112.64
112.8
112.56
112.14
112.56
113.27
113.23
112.59
111.97
113.36
112.89
111.2
111.63
112.1
111.28
113.05
113.99
113.47
113.03
113.68
112.7
111.58
111.94
112.69
112.97
112.81
113.39
112.63
112.04
113.63
112.31
110.89
111.48
112.73
111.74
111.83
112.31
112.5
111.55
112.96
112.99
112.39
112.65
113.28
113.17
113.08
113.35
113.09
111.12
113.01
113.15
112.79
111.68
112.67
111.52
112.38
113.61
113.12
112.09
112.6
114.09
112.52
112.2
113.12
113
112.24
112.68
111.87
111.51
112.08
113.04
113.32
112.54
113.45
112.46
111.93
111.89
112.92
112.68
111.96
112.71
113.03
112.17
112.34
112.71
112.14
112.49
113.55
112.71
112.07
113.75
112.86
112.37
112.74
113.15
112.23
111.73
112.84
111.64
111.25
112.31
112.58
112.7
112.33
112.79
112.1
111.89
113.51
113.11
111.52
111.57
112.16
112.01
111.77
113.47
113.01
111.94
112.71
112.96
112.38
112.78
113.88
112.73
112.37
114.29
114.01
113.04
112.94
112.84
112.22
112.11
113.66
113.54
111.86
112.36
112.7
111.94
111.71
113.71
112.96
111.84
112.42
113.18
112.78
112.87
113.3
112.41
112.2
114.27
113.41
111.68
113.38
113.78
112.69
112.05
113.14
112.77
112.03
113.11
112.84
112.6
113.53
113.66
112.51
111.65
113.24
113.04
111.85
113.11
113.16
112.59
112.41
112.75
111.91
111.45
112.21
112.61
111.97
113.04
113.58
112.83
111.85
113.54
113.2
112.01
112.94
112.96
112.62
112.68
113.27
112.31
112.57
113.41
112.79
112.24
112.13
112.06
111.88
112.05
114.06
113.21
112.12
113.63
114.17
112.9
112.42
113.57
112.8
112.01
114.26
113.53
112.91
113.2
113.37
112.57
112.29
113.69
112.72
112.37
113.2
113.64
113.53
113.39
112.94
112.54
112.17
113.87
113.45
112.57
113.38
113.23
112.78
112.8
113.75
113.46
111.37
113.17
112.59
112.06
112.48
112.7
111.67
111.66
113.14
112.48
111.14
111.22
112.01
111.56
110.94
112.87
112.03
111.12
112.4
112.32
110.96
111.63
112.17
112.58
112.16
112.74
112.52
112.07
113.56
112.93
112.92
112.2
112.88
112.39
111.76
113.24
113.37
112.4
113.06
112.48
111.18
111.24
113
113.46
112.39
112.99
112.07
111.92
111.98
112.92
111.99
111.81
112.87
112.84
113.46
113.31
113.4
111.84
111.99
113.1
113.03
111.75
111.75
112.47
112.28
113
113.48
113.22
112.27
111.83
112.02
112.26
112.33
112.96
111.95
111.75
112.68
112.76
110.77
110.77
112.03
111.71
111.53
112.62
112.34
111.99
113.26
113.42
111.75
112.8
113.63
112.3
111.9
113.58
112.76
111.5
113.09
113.83
112.39
112.16
112.49
112.6
112.03
113.34
112.92
112.21
112.67
112.85
112.2
112.84
112.88
112.11
111.28
112.52
112.84
112.16
112.85
113.03
112.37
111.82
113.06
112.19
111.69
112.86
113.15
112.5
111.67
112.32
112.02
112.05
113.22
113.36
111.95
112.67
112.66
113.15
112.03
113.49
114.32
113.09
113.67
113.54
112.61
111.93
113.1
112.34
112.39
112.99
112.99
112.16
112.6
113.84
113.12
111.83
113.5
113.26
111.12
112.49
113.33
112.9
112.19
113.49
113.45
112.39
112.58
113.31
112.43
112.57
113.66
112.89
111.61
113.31
113.09
112.52
113.12
113.11
112.09
112.83
113.81
113.09
112.57
112.75
112.67
111.87
112.01
112.38
111.91
112.47
113.6
112.97
112.29
112.64
112.73
111.89
111.33
112.2
112.76
111.79
113.84
113.65
112.42
112.17
113.6
113.11
113.29
113.99
112.42
111.71
113.91
112.68
112.03
112.51
113.32
112.59
112.3
112.96
112.61
112.2
112.79
113.13
113.44
112.8
112.94
112.31
111.94
112.8
112.65
111.37
111.51
113.13
112.86
111.92
113.22
112.83
112.81
112.45
111.65
110.6
111.06
113.73
112.99
112.12
114.3
113.89
111.96
112.39
113.64
113.37
112.96
112.61
112.81
113.21
114.16
112.89
112.66
112.46
114.03
113.29
112.28
113.38
113.49
111.98
112.78
113.11
112.33
112.05
113.55
112.92
111.5
112.62
113.34
113.24
113.46
114.56
113.89
112.85
113.86
112.79
111.47
112.25
112.08
111.7
111.9
112.83
112.31
111.57
111.73
112.72
111.85
112.01
112.14
111.65
110.97
112.38
112.02
110.97
111.32
112.18
111.54
110.8
112.49
111.76
111.81
111.72
111.65
111.39
112.15
113.14
112.56
112.38
113.35
113.55
112.8
114.24
113.2
112.17
111.84
113.83
113.02
112.34
113.04
113.61
112.42
112.94
112.99
112.61
111.55
113.61
113.41
112.4
113.36
114.89
113.39
112.87
113.71
113.33
111.93
112.61
112.79
112.28
111.94
113.27
113.17
112.45
113.11
112.12
109.96
110.06
111.99
113.07
112.73
112.78
112.05
111.36
112.36
112.99
112.51
113.17
113.22
111.8
111.86
112.94
112.23
111.47
112.75
112.73
111.18
111.54
112.76
112.46
111
113.18
112.64
111.84
111.76
112.79
111.97
112.45
113.52
113.08
111.14
112.12
112.88
112.77
112.89
113.07
112.26
111.75
112.84
112.56
111.76
112.82
112.83
112.78
112.68
113.08
112.31
112.3
113.13
113.51
112.64
112.51
113.09
112.82
112.2
113.43
112.9
112.8
113.41
113.62
112.98
112.53
113.32
112.45
111.66
113.01
113.06
112.6
112.33
113.15
113.04
112.27
113.54
113.55
112.28
112.11
113.22
111.79
112.26
112.3
112.16
111.59
111.92
112.9
112.41
112.85
113.42
112.81
112.44
113.28
112.23
111.24
111.9
113.09
111.69
112.28
112.48
112.37
111.97
112.16
112.2
111.19
112.4
112.46
113.47
113.37
112.6
112.42
111.78
112.72
113.53
112.39
112.31
113.21
112.92
112.86
114.2
112.76
111.6
112.36
113.26
113.32
112.76
113.45
113.07
112.41
113.13
113.28
112.67
112.97
113.3
112.58
112.07
113.63
113.24
112.34
112.3
112.03
111.63
111.24
112.34
112.81
112.13
113.03
113.55
112.27
113.04
114.02
113.23
112.83
112.65
112.29
111.85
113.7
114.11
112.64
112.2
113.18
112.7
112.53
112.57
112.46
112.41
113.06
113.42
112.86
111.82
113.34
112.77
111.98
113.11
113.64
112.26
112.96
113.59
112.4
111.76
113.06
113.93
112.96
113.25
113.53
112.14
112.09
113.84
113.07
112.44
112.57
112.85
112.15
112.92
113.38
113.21
111.77
113.06
112.78
111.99
111.99
112.1
112.06
112.22
113.43
113.2
112.67
113.57
113.68
112.81
113.59
113.98
112.76
112.17
113.21
113.83
112.57
113.4
113.61
112.84
112.87
113.05
112.7
111.46
112.47
113.46
111.98
112.23
113.42
112.82
111.98
112.93
112.86
112.77
112.29
112.52
112.58
112.86
113.86
112.99
112.82
113.51
113.23
112.63
112.03
112.89
112.44
111.68
113.38
113.28
111.91
112.39
112.9
112.81
112.68
112.53
112.08
112.2
113.52
112.68
112.34
112.15
113.15
112.69
112.48
112.87
112.8
111.85
112.91
113.37
113.13
112.92
114
113.86
112.13
113.04
112.3
111.83
112.9
113.78
113.39
113.11
114.14
112.67
112.23
113.08
113.47
112.28
112.39
113.45
113.69
112.63
113.11
112.92
111.32
111.75
112.62
112.49
112.69
113.42
112.74
112.39
113.83
113.78
111.74
112.05
112.89
112.71
112.52
112.79
112.41
112.99
113.24
113.08
112.99
112.19
112.89
112.58
112.8
113.58
113.1
112.1
112.09
113.81
113.15
112.11
113.49
111.93
111.33
112.08
114.24
113.97
112.37
112.54
112.67
112.67
113.14
112.98
112.05
112.23
113.19
112.48
112.88
113.82
113.19
111.53
113.08
113.3
112.88
112.92
113.17
111.8
111.75
113.11
113.36
112.02
111.64
112.43
111.94
111.78
112.76
113.05
112.45
113.16
113.13
112
112.18
111.68
111.38
111.62
112.24
112.82
112.4
113.57
113.53
112.71
112.6
112.51
111.66
112.47
113.41
113.13
112.65
113.44
114.13
112.56
112.51
112.97
112.89
112.2
113.23
113.08
112.74
113.16
113.81
112.24
111.66
112.67
112.61
111.86
113.39
114.36
113.54
112.32
114.02
114.07
111.96
112.7
112.3
112.68
112.84
113.89
112.04
111.67
113.33
112.94
112.22
113.23
113.48
112.96
113.01
113.75
113.17
112.01
113.14
112.98
112.17
111.8
113.19
113.04
112.63
112.94
112.67
112.5
113.45
114.18
112.83
111.96
113.14
112.42
111.71
112.91
113.16
112.29
113.26
114.2
113.48
112.08
111.62
111.55
111.65
113.25
112.72
112.09
112.47
113.18
113.26
112.71
113.91
113.02
111.54
111.98
112.24
112.26
111.98
112.16
111.28
110.56
112.33
113.6
112.79
112.63
113.57
113.53
112.64
112.9
113.21
113.02
112.95
113.5
113.24
113
113.7
112.37
111.73
113.48
113.28
112.29
111.71
113.76
113
112.21
113.07
112.82
112.6
112.86
113.32
113.5
112.78
113.42
113.12
112.26
113.46
113.92
112.28
112.57
112.93
112.59
111.78
113.23
112.51
112
112.71
113.8
112.88
112.24
113.21
113.19
112.2
112.61
113.43
112.53
112.99
113.89
113.23
112.41
113.41
112.69
111.9
111.49
112.39
112.61
111.54
112.57
112.47
111.11
111.23
111.55
111.52
112.36
113.43
112.27
112.63
112.87
111.99
111.97
112.67
112.81
112.4
112.45
113.44
112.48
111.94
113.59
113.61
112.5
113.29
112.94
112.56
112.15
112.32
111.79
111.78
113.24
113.15
111.69
111.79
113.34
112.9
113.17
113.79
113.9
112.81
113.19
112.64
112.27
112.12
112.53
113.09
112.44
113.53
113.59
112.47
113.29
113.56
112.65
111.91
111.96
111.85
111.5
112.39
113
111.76
111.9
113.24
113.29
112.37
113.6
113.71
111.8
111.16
111.12
111.27
111.66
113.24
112.72
112.01
112.29
113.53
112.05
111.21
111.29
110.06
110.9
112.81
113.21
112.33
112.49
113.51
112.09
111.15
112.32
112.82
112.41
112.54
112.81
111.89
110.93
113.23
113.41
113
113.25
112.63
112.52
112.54
112.92
111.52
110.77
112.92
112.96
111.48
112.56
112.7
111.89
111.55
112.93
112.45
111.44
111.89
112.14
112.42
113.15
113.14
113.13
113.22
113.99
113.46
113.02
113.09
113.36
113.11
113.07
113.51
113.13
113.03
114.42
113.71
113.26
113.09
112.79
112.76
112.39
112.98
112.39
112.97
113.9
113.85
113.16
113.05
114.2
113.68
112.67
113.22
112.34
112.37
112.39
112.51
113.04
113.17
114.81
113.26
112.12
112.27
112.7
111.83
111.54
112.79
112.78
112.23
113.07
113.48
112.06
112.44
112.15
111.08
112.22
113.96
113
111.91
112.8
113.04
112.48
112.73
113.31
112.28
111.33
112.88
113.13
112.6
113.06
112.72
112.33
112.56
113.28
112.21
111.81
112.15
112.96
112.52
113.03
113.9
112.65
112.23
113.25
112.29
112.21
113.08
113.22
112.78
112.57
112.77
112.92
112.31
113.66
113.84
112.32
112.62
113.63
113.09
112.47
113.11
112.61
111.63
113.66
113.21
111.88
111.74
113.02
113.34
112.02
113.45
113.8
113.04
112.93
112.21
112.61
112.97
113.3
112.41
111.44
112.53
112.97
112.04
111.78
112.84
113.02
112.43
113.37
112.51
112.29
112.34
114.02
113.15
112.43
113.43
113.36
112.92
113.84
113.49
112.35
112.32
113.91
113.93
113.13
113.6
113.34
112.76
112.17
112.6
112.07
112.14
113.93
112.91
112.79
113.92
113.58
112.23
112.96
112.91
111.64
112.04
113.7
113.4
112.56
112.55
112.87
111.8
112.12
113.2
112
111.89
113.15
113.18
112.66
112.86
113.9
113.22
112.43
113.49
113.37
111.53
112.92
113.56
112.46
113.2
113.55
112.29
111.73
113.27
112.9
112.19
113.17
112.89
112.73
112.71
113.35
113.77
113.27
113.42
113.69
112.73
112.22
113.59
112.92
112.26
112.31
113.05
112.36
113.12
113.3
112.59
112.32
113.29
112.33
111.64
112.5
112.99
112.39
112.97
113.29
111.89
112.14
112.98
112.87
112.21
113.03
113.83
112.06
112.27
114
113.68
113.13
113.48
113.51
112.87
111.92
113.64
113.44
112.77
114.23
113.43
111.83
112.21
112.92
112.12
112.22
113.6
112.33
111.84
112.99
112.94
112.39
113.06
114.09
113.08
112.13
112.5
112.12
112.28
113.12
113.04
112.88
111.95
112.84
112.71
112.12
112.87
112.83
112.82
112.69
113.11
112.34
111.98
113.38
112.81
112.59
112.56
113.14
112.35
112.05
113.15
112.84
112.2
113.6
112.89
112.38
112.6
112.8
112.25
111.64
112.9
113.34
113.17
114.38
113.67
112.41
112.71
113.97
113.28
113.55
113.84
112.25
112.16
112.65
113.8
113.81
113.19
113.58
112.92
112.38
113.36
112.88
112.43
113.38
113.51
113.29
113.02
113.3
113.44
112.2
113.07
113.73
113.55
113.25
113.28
112.29
111.93
113.73
113.29
112.23
113.67
113.77
113.56
112.41
113.43
113.78
112.24
112.69
113.07
112.44
113.16
114.34
113.29
112.24
113.44
112.88
112.65
112.56
113.23
112.85
113.22
113.78
113.12
112.83
113.49
114.82
114.28
113.73
114.06
113.58
113.7
113.99
113.8
112.61
113.54
113.7
112.71
112.36
113.2
112.6
112.58
113.94
113.23
112.35
112.95
113.42
113.01
113.23
113.86
112.7
111.82
112.5
113.33
112.68
112.8
113.07
113.08
111.99
113.16
113.49
112.78
113.23
113.76
113.45
112.69
113.8
113.51
112.52
112.77
112.49
112.99
112.46
113.8
113.58
113.27
113.85
113.62
112.15
113.24
113.26
112.92
112.29
113.29
112.9
113.01
114.51
113.73
112.57
113.04
113.49
112.85
112.67
113.65
113.39
112.2
112.46
112.95
112.25
111.93
112.42
112.44
111.23
112.39
112.36
111.88
112.6
114.25
112.85
112.65
113.85
112.63
112.14
112.53
112.57
112.05
112.75
114.01
112.7
112.54
113.66
113.77
112.76
113.2
114.28
113.33
112.62
113.01
113.23
112.48
113.45
113.1
112.69
113.22
113.76
113.7
113.1
113.86
113.12
112.33
113.97
114.88
114.04
114.09
114.01
113.14
113.44
113.99
114.64
113.46
113.11
113.75
112.97
111.6
113.38
113.2
111.55
112.18
113.09
113.04
112.87
113.89
113.68
112.8
113.45
112.87
112.5
113.13
113.94
113.31
112.79
113.49
113.41
112.29
113.51
113.58
112.26
112.63
112.97
113.3
112.67
114.08
113.51
112.9
113.17
113.34
113.7
112.88
113.6
113.33
113.15
113.23
113.31
112.58
113.12
114.09
113.72
112.66
113.16
113.61
112.79
113.01
113.72
113.29
112.89
113.77
113.76
113.28
114.2
113.37
112.1
112.38
114.54
113.6
112.62
113.6
112.51
112.09
113.07
113
112.47
112.68
113.48
113.77
112.68
113.86
113.66
112.72
112.88
112.96
112.45
112.96
113.65
112.92
111.97
113.16
114.26
112.87
112.8
114.11
112.57
111.84
113.55
113.65
112.61
112.68
112.58
112.96
113
114.9
113.32
113
113.18
113.37
113.89
113.36
114.69
113.87
112.53
113.88
113.1
112.69
112.91
113.22
112.62
113.03
114.72
114.62
113.17
113.32
113.32
112.24
113.13
112.86
112.35
112.28
113.8
113.8
112.48
113.03
113.84
113.65
113.63
113.53
113.09
111.92
111.98
113.11
113.07
113.15
114.21
113.32
113.05
113.88
112.93
111.83
112.71
113.48
113.56
112.95
113.25
112.79
112.69
113.82
112.83
112.4
113.77
114.48
114.06
112.54
113.93
113.84
113.08
112.87
114.57
113.6
113.6
114.37
112.53
112.5
114.14
113.28
112.5
112.06
113.28
113.01
113.18
113.38
113.01
113
113.6
113.85
112.9
113.19
113.57
112.88
112.34
113.48
113.39
112.02
112.69
113.62
113.35
112.54
113.43
113.05
112.71
113.26
113.44
113.19
112.87
113.6
111.93
111.91
113.91
113.8
112.87
112.71
113.21
112.91
112.64
112.76
112.41
112.14
113.24
112.01
112.01
113.55
113.91
112.59
112.46
113.87
114.53
112.78
113.57
114.39
112.59
112.56
113.52
113.76
112.94
112.94
112.41
112.66
112.66
113.95
113.05
113.06
113.58
113.58
112.87
113.24
113.63
113.14
112.01
113.11
112.59
113.14
114.25
113.46
113.02
113.02
113.03
112.14
112.98
113.19
113.17
112.26
113.65
114.18
113.96
113.96
114.15
112.82
112.26
113.43
113.24
112.56
113.56
112.63
112.63
112.43
113.89
113.3
112.5
113.17
112.89
112.78
113.53
113.22
112.55
111.89
111.89
113.14
113.43
113.43
113.1
111.99
112.46
112.46
112.55
111.91
113.78
113.51
112.36
112.51
112.92
111.92
112
112
112.98
112.98
113.09
113.15
112.2
111.8
112.67
113.01
112.86
113.48
112.55
111.94
113.32
113.4
113.02
112.75
113.5
112.99
112.21
112.21
113.61
112.23
114.26
114.54
113.63
112.41
113.23
113.36
112.81
113.47
113.8
112.69
112.99
113.28
113.11
113.11
113.73
112.78
111.89
113.01
113.42
113.42
112.12
114.03
112.95
111.68
113.55
113.08
113.14
112.18
112.14
112.14
112.36
112.93
112.93
112.93
113.94
115.14
115.14
112.52
113.38
113.11
112.15
113.75
113.93
112.8
113.03
114.18
112.72
112.98
114.3
113.48
112.1
113.77
114.06
113.1
112.17
112.17
112.66
112.15
113.82
113.27
112.84
114.23
114.18
114.18
112.81
113.82
114.18
114.18
113.71
113.31
113.2
113.2
114.41
113.85
112.19
113.21
113.74
112.56
113.31
113.92
113.32
113.63
114.67
113.51
112.15
112.21
112.21
112.91
111.82
114.13
113.44
112.72
112.9
113.07
111.87
113.54
113.29
112.34
113.39
113.45
113.02
113.06
114.34
113.92
112.65
112.99
113.25
112.36
112.7
113.1
112.79
112.4
113.15
112.78
112.38
112.98
113.8
113.34
113.34
113.37
113.66
112.47
112.47
113.5
112.53
112.93
113.66
114.4
113.84
113.97
113.78
112.46
112.75
113.89
113.22
112.33
114
113.37
112.92
113.76
113.76
113.86
112.74
113.69
112.85
112.33
113.42
113
112.21
113.32
113.32
112.58
112.77
112.77
114.02
111.79
111.79
113.24
112.99
112.99
113.91
113.16
113.26
113.62
113.91
113.15
113.15
112.96
112.1
112.19
112.83
112.63
112.62
114.17
114.02
112.82
113.23
113.03
112.42
112.25
113.85
113.68
112.34
113.09
113.92
113.63
113.63
113.36
112.73
112.95
113.85
113.85
113.25
112.91
113.81
111.96
112.43
114.35
113.36
112.97
114.25
114.25
112.62
112.62
113.69
113.48
113.1
114.42
114.15
112.95
113.6
114.59
112.73
112.87
113.99
113.37
112.49
113.59
113.59
112.63
113.96
114.01
113.41
112.77
114.12
114.12
113.84
113.7
113.01
112.43
113.52
114.68
113.27
112.33
114.15
114.15
114.06
114.43
114.43
113.69
112.93
114.36
113.36
113.36
113.57
114.57
113.67
113.42
113.43
112.23
112.26
113.46
113.11
113.21
113.55
113.74
112.24
112.35
113.5
113.27
112.93
114.1
113.93
112.87
113.15
114.62
113.88
113.21
113.94
113.38
113.38
113.03
113.03
113.41
113.03
113.29
112.83
112.83
114.03
113.89
112.92
112.66
113.71
112.86
113.33
113.92
113.92
112.55
113
113.21
113.21
112.48
114.54
113.52
113.12
114.86
113.87
112.09
112.94
113.02
112.4
112.6
113.85
113.35
112.91
114.06
112.86
112.47
113.31
113.77
112.35
112.35
114.02
113.81
113.59
113.88
113.71
112.52
112.1
113.56
112.98
112.98
112.32
113.73
113.22
113.2
113.52
113.74
112.68
113.36
112.22
112.33
113.81
113.38
111.79
113.02
114.11
113.06
113.06
112.54
112.84
112.7
113.43
113.58
112.91
112.91
114.13
114.27
113.39
113.18
113.08
112.68
113.26
113.6
113.04
113.04
113.87
113.92
113.92
113.39
113.58
112.79
113.47
114.57
114.25
113.14
113.97
114.15
112.92
113.1
113.29
112.92
113.91
114.35
113.68
113.44
113.31
113.31
113.25
113.52
114.23
113.41
112.75
113.75
113.58
112.91
114.02
113.4
113.69
114.13
114.13
113.05
113.22
114.05
114.05
113.38
114.02
114.02
113.42
113.24
114.25
112.99
112.55
114.35
114.23
113.85
113.98
113.83
113.83
113.01
114.09
114.09
112.79
113.05
113.72
113.57
113.53
114.92
114.63
113.56
114.53
113.64
113.06
113.42
114.55
113.41
113
113
114.26
112.79
113.42
113.42
113.28
113.36
114.53
113.77
113.51
113.8
113.79
113.03
114.04
114.04
114.06
113.27
114.44
113.37
112.33
114.33
114.49
113.64
113.93
114.27
114.18
113.9
113.91
113.93
112.58
113.91
114.31
113.46
112.84
113.97
112.92
112.36
114.14
113.73
113.14
113.54
114.7
113.99
113.39
114.21
112.55
112.47
113.5
114.47
112.71
113.87
114.22
113.73
112.99
113.83
114.22
113.06
113.75
113.62
112.97
113.91
113.87
114.11
113.17
114.65
114.11
113.09
113.23
114.89
114.89
113.75
114.58
113.36
112.38
113.94
114.49
113.55
113.41
113.7
113.89
113.38
114.22
113.87
112.94
113.48
113.48
113.49
112.92
113.42
113.42
113.07
113.54
113.87
112.28
112.59
113.03
112.82
113.29
114.5
113.79
113.01
113.37
114.04
112.82
112.63
113.64
113.32
113.22
114.83
115.53
112.6
112.97
114.17
113.85
112.87
113.47
113.48
113.48
114.97
114.73
114.73
113.99
114.53
113.11
113.11
114.22
113.24
112.28
113.17
114.29
113.39
113.02
114.86
114.12
113.41
113.67
113.83
113.83
113.56
114.34
113.53
112.55
113.96
113.78
112.97
113.36
113.86
112.52
112.07
114.31
113.47
113.47
115.02
114.52
114.52
114.15
113.97
114.23
113.22
114.86
114.15
113.72
114.32
114.53
113.21
113.6
114.72
113.84
113.73
114.54
113.59
113.59
113.32
113.84
113.84
113.72
114.58
113.87
112.78
114.13
115.01
113.87
114.5
114.33
113.25
113.25
114.13
114.28
113.21
113.21
113.99
114.82
114.82
114.77
113.62
113.06
114.07
113.62
113.56
113.95
114.57
113.12
112.81
112.81
113.89
113.33
114.05
113.99
113.75
113.82
113.82
112.93
112.92
114.09
114.26
112.48
113.2
113.67
113.17
112.67
112.67
114.58
113.71
113.71
113.81
113.14
113.83
113.84
113.27
112.51
113.91
113.84
113.11
113.94
113.48
112.8
112.84
113.37
113.17
113.1
113.16
113.49
112.51
112.18
113.55
112.99
112.29
113.43
113.13
112.77
113.32
113
113.37
113.94
113.94
113.84
112.64
113.39
113.43
113.43
113.08
113.48
113.01
112.78
114.66
114
113.24
113.41
112.92
112.48
113.31
114.19
114.19
112.84
112.84
114.32
113.58
113.62
113.74
113.19
113.49
114.07
113.69
113.21
114.46
114.04
113.5
113.94
114.27
113.44
112.68
114.19
113.99
113.15
113.74
114.04
113.23
112.41
114.14
113.96
113.12
113.32
114.25
113.48
114.59
115.05
114.52
114.52
114.17
112.86
112.21
114.09
113.56
112.82
113.15
113.94
112.74
111.88
113.74
113.4
112.74
113.16
113.94
113.94
113.94
115
115
113.44
114.65
113.95
113.14
113.47
114.95
113.32
113.52
113.81
114.62
113.87
114.21
114.49
114.49
113.44
115.06
114.3
113.79
114.12
114.12
113.25
114.13
114.55
113.53
113.28
114.45
114.21
113.28
113.63
113.7
113.7
113.83
114.69
112.96
112.43
112.43
114.01
113.54
113.33
113.88
114.95
114.47
114.19
114
113.61
114.37
114.32
113.69
113.96
113.96
114.3
114.13
112.99
113.74
113.46
113.68
113.88
112.98
113.47
114.44
113.41
112.96
114.06
114.88
113.27
113.27
113.79
114.05
113.97
114.47
113.96
112.59
112.59
113.39
113.58
113.51
114.68
114.24
112.98
113.48
114.08
112.62
112.62
114.34
114.33
112.82
113.75
113.61
113.25
113.34
113.55
113.08
113.41
114.13
113.2
113.18
113.16
112.92
112.99
112.99
114.34
113.45
113.7
114.82
114.35
112.87
113.33
112.8
112.98
112.94
113.11
113.28
112.06
112.84
113.49
112.83
112.83
113.56
112.56
112.78
112.78
113.17
113.17
113.76
113.69
112.55
113.49
113.25
112.87
112.22
113.03
112.13
112.08
112.08
113.21
113.17
113.37
114.69
114.01
112.68
113.77
113.68
112.87
112.61
113.2
113.38
112.97
113.89
113.65
112.63
112.73
113.13
113
112.79
114.09
114.09
113.23
113.08
113.58
113.03
112.7
113.58
112.86
112.92
113.75
113.2
112.33
112.33
113.46
112.77
112.73
113.59
113.57
112.9
113.73
113.08
113.13
113.19
114.12
113.61
113.24
114.01
113.53
112.58
113.2
114.23
113.92
113.92
114.05
114.05
113.46
113.46
114.1
112.66
113.29
114.15
112.89
112.18
113.74
113.54
112.52
112.52
113.72
113.63
113.63
113.25
113.25
112.41
113.73
112.99
111.7
112.36
114.44
112.93
112.32
112.83
113.59
112.84
113.69
113.46
112.68
111.65
112.92
112.99
112.15
113.59
113.27
112.19
112.99
113.85
113.53
113.06
113.44
113.44
113.06
113.06
113.21
112.98
113.55
113.55
113.08
112.67
113.89
113.63
112.48
113.18
113.55
112.62
112.35
112.75
112.87
113.22
113.04
113.36
113.36
112.8
113.92
113.22
113.29
113.29
113.23
111.8
113.74
113.76
113.2
112.48
113.65
112.6
112.6
113.28
113.5
113.5
113.81
114.33
113.38
113.08
113.9
111.99
111.89
113.44
114.17
112.83
112.24
113.51
113.44
113.44
112.76
113.42
112.66
113.44
113.6
113.6
113.03
113.98
113.48
112.34
113.06
113.68
113.08
113.48
114.01
112.98
113.14
114.12
114.12
114.25
112.4
113.65
113.62
112.87
113.84
113.75
113.67
113.49
114.34
112.89
112.38
113.39
112.43
112.71
112.71
113.79
113.15
113.56
113.46
112.66
112.56
112.99
113.31
112.07
113.02
113.64
112.03
112.13
113.39
112.53
112.38
112.38
113.25
113.25
112.42
113.97
113.4
114.06
114.77
113.82
112.87
114.16
113.84
112.88
113.88
114.68
113.46
112.69
114.24
114.24
114.16
113.17
112.82
112.78
113.54
114
113.1
112.54
114.06
114.36
113.03
112.61
113.41
112.5
112.43
113.89
113.89
114
112.06
113.41
112.56
111.92
112.74
112.74
113.08
113.66
114.15
112.87
113.43
113.24
112.92
112.72
113.92
113.92
112.41
112.27
113.32
113.74
112.96
113.24
113.26
112.4
113.15
113.18
112.16
111.85
113.33
112.63
111.88
112.81
112.67
111.82
112.64
112.19
112.19
112.71
113.47
113.58
112.73
113.39
113.59
112.34
112.03
113.85
112.2
111.54
113.51
113.51
113.13
111.63
113.98
113.51
113.51
112.64
113
113
112.59
112.89
112.27
112.36
114.22
113.35
112.45
113.24
113.26
113.26
112.95
113.32
113.4
113.13
113.76
113.55
112.65
113.35
112.33
111.46
112.43
113.19
112.35
111.73
112.59
113.34
113.8
114.34
114.34
113.02
113.23
113.23
112.89
112.89
113.05
114.24
113.25
112.64
113.81
114.03
112.76
113.88
113.29
112.47
112.47
112.98
113.02
113.86
114.78
114.78
113.52
114.52
114.11
112.65
112.98
113.92
113.65
113.12
113.85
113.32
111.92
113.68
113.68
112.93
113.57
114.03
113.61
112.37
113.3
112.43
112.61
113.13
114.02
114.03
113.48
114.07
113.17
112.47
113.9
113.97
113.22
112.82
112.82
113.59
112.24
114.06
113.8
112.76
113.53
113.53
112.5
112.63
113.28
113.28
113.03
113.44
113.09
113.13
113.32
113.69
113.69
113.05
113.79
113.37
112.84
113.41
114.28
112.81
112.98
113.25
113.17
112.14
112.84
112.84
112.78
112.54
113.76
113.16
112.4
113.55
113.38
111.51
112.44
113.11
113.82
113.69
114.41
113.47
113.47
113.47
113.46
113.46
113.5
114.03
113.46
112.9
113.83
113.69
114.38
115.13
114.06
113.21
113.92
115.43
113.95
112.2
113.62
113.94
113.94
114.12
114.39
114.39
112.84
113.87
113.54
112.93
113.81
114.21
112.98
112.37
113.6
113.04
113.04
112.92
113.73
113.05
113.36
113.46
113.32
113
114.05
113.3
111.83
114.01
114.13
112.67
112.72
113.96
113.96
112.73
114.27
113.84
113.22
113.72
113.93
113.93
112.94
113.77
113.59
112.96
113.71
113.68
113.37
112.9
114.61
113.7
113.14
114.65
114.42
113.14
113.53
113.94
113.63
113.15
113.72
112.73
112.86
112.96
112.97
112.26
113.28
114.18
113.3
113.3
111.94
113
112.9
112.66
113.44
113.01
112.79
114.07
113.05
112.19
112.94
113.55
112.11
112.95
114.4
113.68
113.03
114.06
114.06
113.03
113.71
113.71
112.04
112.66
113.21
112.91
112.55
113.61
113.74
113.31
113.27
113.46
113.24
112.86
113.69
114.09
112.51
113.03
113.38
112.07
112.94
113.7
114.16
113.53
113.74
113.09
113
113.28
113.24
112.66
112.98
113.8
113.29
112.4
113.68
113.86
113.17
112.79
113.58
112.7
112.82
114.33
114.06
113.03
113.95
113.7
113.22
113.12
113.38
112.62
111.99
113.61
113.71
113.09
112.69
112.72
112.77
111.79
112.69
112.41
112.32
113.58
113.36
112.76
112.77
112.66
111.88
111.88
112.05
112.86
112.05
112.05
112.76
112.26
112.63
114.13
113.95
112.8
114.13
114.4
112.29
112.44
113.18
112.78
112.78
113.56
113.66
112.74
113.56
114.33
113.55
112.83
113.05
113.31
113.58
113.83
113.58
112.59
111.96
111.96
112.7
113.27
113.97
113.42
112.14
113.58
114.24
112.62
113.16
114.28
113.08
112.21
113.3
113.28
112.61
113.27
113.68
112.74
112.74
113.72
113.72
112.36
113.52
113.52
112.8
112.94
113.48
112.98
112.55
113.92
113.97
112.88
113.45
113.75
113.27
112.21
112.96
112.96
112.34
111.99
113.36
112.86
112.84
113.63
112.61
112.61
113.47
112.72
112.52
112.78
113.36
112.65
113.25
113.25
114.79
111.69
113.03
112.84
111.86
112.63
113.5
112.93
111.99
112.88
114.05
112.86
113.26
113.89
113.78
112.44
113.69
113.69
114.01
113.41
112.37
113.42
113.72
114.96
113.99
112.69
113.33
113.4
112.17
113.09
114.19
114.13
113.45
114.06
114.06
113.62
113.38
113.8
112.67
113.66
114.11
113.77
113.55
114.04
114.05
113.18
113.44
113.99
113.59
113.29
113.35
113.26
113.1
113.1
113.98
113.98
113.29
113.19
113.46
112.98
113.61
113.41
112.03
113.5
113.97
112.83
112.83
113.03
112.2
111.03
111.52
111.59
111.63
112.54
114
113.16
112.3
113.07
112.06
111.42
113.28
113.21
111.86
111.92
111.92
110.95
110.63
112.05
112.52
112.5
113.13
113.29
112.57
112.3
113.37
113.67
112.87
114.23
113.85
112.61
112.5
112.5
113.82
113.02
113.84
113.84
112.61
113.57
113.6
112.78
112.61
113.35
113.41
113.31
114.06
113.87
112.95
112.75
112.75
113.08
113.08
112.6
113.51
112.54
113.59
113.99
113.01
112.34
113.22
112.68
112.24
113.01
112.51
111.83
112.32
112.32
111.91
111.31
112.65
112.35
110.39
111.62
113.02
112.6
112.6
113.78
113.19
112.47
113.47
113.67
112.7
113.55
114.11
113.18
112.12
113.25
113.37
112.24
113.14
113.36
112.63
112.3
112.82
111.95
111.38
112.02
111.51
110.88
112.84
113.45
113.21
112.68
114.38
114.38
113.9
113.83
113.71
112.69
112.03
113.87
113.08
112.58
113.69
113.24
112.55
113.13
113.13
113.46
112.46
112.46
113
112.53
113.89
113.98
111.88
111.7
113.59
112.71
111.6
113.17
113.11
113.71
113.86
113.9
113.31
112.18
113.37
113.51
112.14
112.91
112.94
111.99
112.53
113.66
112.74
111.85
112.95
112.03
111.74
111.57
111.57
112.36
111.65
111.65
113.1
112.68
113.46
113.41
113.15
113.26
112.83
112.3
111.35
113.08
113.24
112.67
113.04
112.86
112.46
112.17
113.94
113.2
112.72
112.72
112.68
111.97
112.59
113.33
113.2
112.37
113.59
113.81
112.23
112.69
113.23
113.23
112.54
114.07
114.07
113.33
113.09
112.55
112.21
112.59
114.11
112.71
111.62
112.7
113.16
112.02
113.97
113.97
113.79
112.54
112.64
112.64
112.31
112.52
113.21
112.21
112.36
112.48
112.42
112.52
113.41
113.21
111.23
112.46
112.82
112.06
112.06
113.13
112.08
111.7
111.7
112.79
112.15
112.55
113.09
111.99
111.93
113.22
113.54
112.42
113.44
113.1
112.5
111.64
111.64
112.98
112.41
113.33
112.88
110.72
110.89
112.64
111.68
111.63
113.55
113.01
112.05
112.68
112.68
113.05
113.3
113.3
113.76
111.77
113.76
113.45
113.04
112.54
112.95
113.04
111.74
113.14
112.82
111.83
112.16
113.61
113.05
112.43
112.51
112.51
113.08
111.85
113.22
112.59
112.55
113.11
112.3
111.92
112.8
111.96
112.23
113.23
113.76
113.76
112.62
112.91
112.91
112.54
113.85
113.03
112.13
112.86
113.85
113.21
113.1
113.92
112.88
112.77
113.57
112.56
112.56
113.2
113.15
113.15
112.23
113.1
112.38
111.36
112.67
113.46
113.32
112.72
113.57
113.54
112.74
113.72
113.45
112.99
112.97
112.97
113.13
112.52
112.52
113.99
112.11
112.99
113.08
112.77
113.11
114.14
113.32
112.5
113.69
113.27
113.27
113.54
113.54
113.74
111.88
113.56
113.52
112.36
112.49
112.98
112.82
113.05
113.81
112.59
112.17
113.22
112.9
112.12
112.78
112.78
112.71
112.35
113.57
113.3
111.43
112.85
112.68
112.73
112.52
112.59
113.35
113.25
113.65
112.96
112.2
112.52
112.87
112.87
112.68
113.22
113.22
111.87
113.05
113.95
113.08
113.12
113.65
113.17
112.68
113.53
113.12
111.98
111.98
113.16
112.08
112.24
113.29
113.22
111.92
113.26
112.95
112.6
112.87
113.09
113.39
112.59
113.52
112.92
112.52
113.16
113.24
113.07
112.99
113.25
112.5
111.84
113.07
112.94
112.41
113.45
113.61
112.66
111.94
113.27
112.63
111.93
113.01
113.23
112.28
112.28
113.79
113.34
112.58
113.63
113.08
112.58
113.69
113.56
112.24
112.43
113.46
112.67
112.34
112.34
113.41
111.84
111.86
112.67
112.67
112.54
114.05
113.31
112.57
112.73
113.58
113.67
112.62
113.49
112.92
112.21
113.14
112.96
112.85
113.12
113.56
112.46
112.37
113.18
113.12
112.68
113.5
114.01
113.06
112.53
113.59
113.34
112.82
112.82
113.41
111.84
111.84
113.96
113.16
112.89
114.11
113.2
112.07
113.65
113.44
112.12
112.51
113.3
113.04
113.04
112.65
112.55
112.55
111.83
112.21
112.44
112.62
113.48
112.8
112.12
112.77
112.97
112.26
112.4
113.64
113.57
112.92
112.92
113.22
112.48
112.48
113.32
113.2
111.69
113.06
112.85
112.85
113.6
113.87
112.51
113.2
113.59
113.04
112.19
113.81
113.81
111.81
111.81
112.11
113.18
112.85
114
113.42
112.53
113.77
113.76
113.17
113.61
113.28
112.63
112.46
113.77
112.91
112.02
113.06
113.06
113.12
112.98
113.33
112.43
112.31
113.89
113.46
112.78
113.37
113.06
112.18
112.26
113.86
113.26
112.05
112.93
112.93
112.34
112.95
113.18
112.71
111.8
113.29
113.01
112.68
112.53
113.14
113.23
113.12
113.93
113.04
112.6
113.57
113.57
112.66
113.2
114.34
113.16
112.88
113.88
113.53
112.36
113.06
113.19
113.27
112.88
113.9
113.22
112.26
113.35
114.24
112.76
112.7
112.95
113.6
112.63
113.2
113.27
112.83
112.43
112.7
113.05
113.12
114.16
114.16
112.11
113.34
112.97
112.22
112.5
113.23
112.52
112.14
113.4
113.76
112.1
112.83
113.73
112.78
112.45
113.41
113.28
113.28
112.75
113.59
112.69
113.63
113.72
112.73
111.71
112.24
112.8
112.07
112.73
113.7
112.74
112.24
112.18
111.85
111.53
113.1
113.1
112.95
112.64
114.23
112.59
111.48
113.49
113.51
112.65
113.21
112.7
113.09
112.96
114.24
113.32
112.63
113.67
113.46
112.29
112.29
112.91
112.89
112.74
113.81
113.15
111.82
113.51
113.66
113.53
113.32
113.38
112.5
112.5
112.42
113.55
112.77
113.49
112.79
111.79
112.05
113.64
112.71
111.64
113.22
113.72
112.59
112.41
112.62
112.87
112.87
113.79
113.79
112.28
112.28
113.62
112.79
111.89
113.29
112.69
111.38
113.23
112.84
111.1
111.99
112.79
110.8
111.49
111.49
112.85
112.85
113.03
112.46
112.84
113.68
113.94
112.3
111.14
112.72
113.35
112.39
112.77
113.71
113.93
113.66
113.62
112.72
111.3
112.65
113.42
113.06
112.62
113.42
112.03
111.77
113.7
113.21
112.09
112.65
112.5
112.18
112
113.13
113.08
113.08
112.95
112.82
111.92
112.36
112.86
112.17
111.66
113.22
113.18
111.98
112.41
112.91
112.42
112.42
113.63
112.85
112.85
112.66
112.03
112.37
113.18
112.74
112.55
112.62
113.61
113.55
112.54
112.41
113
112.18
111.34
112.41
112.57
112.06
112.06
112.51
112.65
112.95
113.59
112.88
111.96
112.95
112.82
112.73
113.02
113.22
111.89
112.58
113.27
112.69
112.15
113.05
112.58
111.97
112.6
113.36
113.63
111.92
113.13
112.74
112.11
112.67
112.92
111.98
112.67
112.67
112.15
112.15
114
113.09
112.49
113.15
113.95
113.28
113.07
113.66
113.29
113.13
113.36
113.65
113.18
113.01
113.01
113.22
113.22
112.99
114.1
112.62
112.89
113.28
113.46
112.9
113.12
112.37
112.18
113.48
114.23
112.9
112.65
112.65
113.38
113.1
113.1
113.28
112.09
113.08
114.35
114.33
113.63
113.91
113.32
112.26
113.08
112.47
111.77
112.36
113.36
112.81
112.45
112.45
113.19
112.84
112.52
113.43
112.79
113.54
113.9
113.12
112.53
113.24
112.72
112.58
112.2
113.54
113.54
112.05
113
113
111.99
113.15
113.32
111.77
112.49
113.04
113.09
112.07
112.7
111.65
110.61
110.61
112.46
112.46
111.49
112.87
112.87
111.07
112.52
112.39
111.52
112.62
113.49
112.76
112.27
113.46
113.45
112.04
112.11
113.52
113.52
112.69
113.93
113.06
112.66
113.72
113.21
112.99
112.9
113.51
112.62
111.96
112.06
112.39
111.81
112.53
113.42
113.42
113.56
114.57
114.57
112.71
112.83
113.12
111.88
112.23
113.44
113.02
112.73
113.52
112.86
111.13
112.44
113.63
113.63
112.39
112.39
113.49
112.64
113.35
113.24
112.72
112.46
112.77
112.2
112.04
113.76
114.06
113.05
113.28
113.82
113.38
112.56
113.52
113.52
112.91
112.91
113.68
113.5
112.54
113.62
113.78
112.56
112.76
113.29
111.99
112.97
113.22
113.22
111.92
113.68
114.19
113.28
113.86
113
112.65
112.64
113.85
112.45
111.5
112.5
113.57
112.64
113.89
113.67
111.73
111.73
113.73
113.41
113.41
114.11
113.86
112.44
113.23
113.19
112.41
111.79
113.05
113.56
112.65
112.58
113.16
112.73
112.73
114.48
113.39
113.39
114.02
113.07
112.24
112.81
113.84
113.53
112.62
113.51
113.25
112.31
113.63
113.74
112.85
113.2
114.1
112.82
112.82
112.86
113.75
112.56
112.17
113.04
112.92
112.37
113.42
113.22
112.86
112.84
113.19
112.54
113.01
113.01
113.39
112.54
113.64
112.9
111.69
113.16
113.32
112.58
112.75
113.68
111.83
112.28
113.51
113.69
112.58
112.89
112.89
113.79
112.07
112.07
112.98
112.52
113.71
113.99
112.98
112.46
113.79
113.1
112.08
112.93
112.91
112.35
113.71
113.63
113.38
113.05
112.66
112.7
112.57
113.64
113.96
113.45
112.97
113.66
113.15
112.72
112.72
114.09
113.37
112.82
112.82
113.07
113.07
113.03
113.14
112.29
113.51
113.64
112.32
113.74
114.37
113.49
112.35
113.41
113.99
113.99
112.48
112.95
112.95
113.08
113.25
113.2
112.59
113.83
113.59
113.79
113.57
114.56
113.94
113.01
114.05
113.43
112.81
113.82
113.82
113.79
113.17
112.7
112.77
112.56
113.69
112.67
112.12
112.32
113.52
113.12
111.9
113.24
112.87
112.04
113.2
113.2
112.46
112.37
112.37
112.28
111.38
112.66
113.29
112.73
113.43
113.91
113.18
112.84
113.17
113.3
112.73
113.45
113.49
112.74
112.27
113.84
112.95
111.97
112.83
112.91
113.04
113.73
113.09
112.53
112.43
113.94
113.11
111.86
111.86
113
111.67
111.94
113.43
112
112.22
113.54
113.95
113.09
113.09
113.64
112.5
112.02
113.29
112.67
112.03
113.15
113.36
112.5
112.5
112.82
113.36
111.61
112.69
112.97
112.92
112.84
112.75
112.56
112.52
113.62
112.73
111.74
112.99
112.99
112.39
113.22
113.72
112.88
112.47
113.57
113.41
112.5
112.52
113.39
112.74
113
114.07
113.74
113.1
114.21
113.41
112.39
112.91
113.66
113.66
112.09
114.1
113.79
112.73
113.33
114.38
113.28
112.73
113.04
112.56
112.75
114.04
113.33
112.51
112.51
114.3
113.08
112.89
113.69
113.61
113.1
113.87
113.48
113.05
112.26
113.14
113.23
112.05
113.34
113.34
113.26
111.89
113.08
112.76
112.87
112.79
112.42
112.12
113.54
113.57
113.16
112.81
113.73
113.47
113.15
113.92
113.92
114.09
113.42
113.42
112.65
112.33
113.17
113.3
112.43
112.85
113.23
113.44
113.01
112.75
112.4
112.16
114.11
113.25
113.25
112.01
113.25
113.25
112.31
112.86
113.11
112.43
113.61
113.09
112.99
112.96
113.72
113.1
112.72
113.03
113.03
112.17
113.6
113.6
113.13
112.73
113.85
113.01
112.44
113.57
113.13
111.93
112.28
113.55
113.34
112.05
112.05
113.66
112.89
112.89
113.2
113.2
112.28
113.97
113.61
111.81
112.56
113.14
112.58
112.59
113.4
112.24
112.47
112.94
112.49
111.59
111.59
113.78
113.03
112.43
113.42
113.03
112.26
113.4
112.98
113.1
113.25
114.46
113.5
112.15
112.62
112.48
111.88
111.88
113.29
113.62
113.29
113.74
113.02
112.24
114.01
114.05
112.75
112.65
114.36
112.71
111.43
112.84
113.26
112.41
112.86
112.53
112.48
112.13
113.31
112.84
112.05
113.27
113.74
112.15
113.03
113.56
113.49
113.32
113.62
112.82
112.16
112.16
113.77
113.77
112.31
113.51
113.48
112.73
113.72
114
113.03
112.57
114.21
113.12
111.91
113.6
113.02
112.81
113.19
113.32
113.32
112.29
114.37
113.56
111.98
112.94
113.25
112.17
112.89
113.82
112.51
111.94
113.49
113.49
112.23
112.72
114.2
113.21
112.46
113.72
113.16
112.22
113.6
113.62
113.48
113.72
113.51
112.66
113.11
114.14
114.14
112.33
113.47
113.88
112.93
113
114.17
113.51
112.09
113.44
113.82
112.55
113.07
113.62
113.54
113.13
113.03
112.32
112.32
113.27
113.81
113.18
113.37
114.73
113.47
112.4
113.86
113.88
113.03
113.13
113.69
113.58
112.75
113.62
113.39
113.39
112.77
112.77
112.95
112.5
113.81
113.44
112.52
113.23
113.43
112.68
112.63
113.51
113.03
112.54
113.37
113.37
111.43
111.43
112.89
111.89
111.89
113.21
112.48
112.61
114.45
113.49
112.43
113.12
113.97
112.76
111.54
113.54
113.33
112.03
113.21
114.34
114.34
112.41
113.69
113.31
112.6
113.22
112.33
111.7
113.02
113.78
113.2
112.91
114.23
113.96
111.92
111.92
112.84
113.24
113.24
114.16
114.1
112.9
113.52
113.1
112.08
112.94
113.67
113.17
112.4
113.93
113.11
112.87
112.87
113.66
113.66
113.42
113.42
112.7
111.78
113.33
112.93
112.05
113.2
113.44
112.77
112.43
114.01
113.67
112.09
113.07
113.21
113.21
112.71
113.35
113.18
112.35
113.38
113.6
112.94
113.23
113.6
112.48
111.95
113.22
112.91
112.16
112.85
112.85
112.33
113.22
114.22
113.06
112.59
113.67
113.53
112.3
113.3
113.87
113.07
112.61
113.19
112.83
112.47
112.52
113.37
113.37
113.26
113.68
113.45
113.28
114.28
113.55
112.63
113.82
114.33
113.53
112.94
113.81
112.81
112.1
113.09
113.09
112.99
113.31
113.31
113.09
113.08
113.24
113.42
113.15
113.41
114
112.92
113.63
113.97
113.14
112.19
112.19
113.75
113.75
113.1
113.72
113.23
113.06
113.69
113.05
112.11
113.74
113.58
112.57
113.02
112.9
113.02
112.86
113.95
113.95
112.84
112.11
113.8
113.2
112.36
113.67
112.48
111.86
112.62
113.31
112.23
112.72
114
112.68
112.23
112.23
112.86
112.1
111.98
111.98
113.74
112.56
113.27
112.89
112.96
113.79
113.4
113.14
112.98
113.68
113.31
112.52
113.84
113.84
112.55
112.55
113.79
113.89
112.44
112.84
113.2
113.08
113.51
113.75
113.12
113.1
113.62
112.89
111.83
111.83
113.56
114.03
113.55
113.56
112.69
113.07
114.28
114.23
112.33
113.87
114.74
113.53
113.3
114.26
112.98
112.8
114.27
113.62
112.26
113.15
113.75
113.52
113.06
114.59
114.19
112.82
112.67
112.4
112.41
113.13
113.68
113.25
112.32
112.32
112.82
112.82
111.89
114.68
113.53
113.24
114.31
113.18
113.17
112.93
112.6
113.29
114.09
114.03
113.11
112.42
114.45
114.05
112.88
112.88
113.44
112.72
112.5
113.68
112.95
112.75
113.67
112.99
112.82
112.43
113.88
113.59
113.41
113.66
112.79
111.72
113.04
113.04
112.52
112.11
112.8
113.05
112.05
113.25
113.06
112.32
113.51
114.91
113.89
112.49
112.49
112.79
112.17
113.78
113.9
112.87
112.67
112.96
112.76
112.41
113.8
113.64
112.26
112.27
113.84
112.59
111.91
111.91
113.45
112.33
113.2
113.31
112.6
112.7
113.1
112.93
112.25
113.97
114.14
112.39
113.29
113.23
112.79
112.86
113.44
113.1
112.18
113.45
113.82
112.66
112.48
114.13
113.07
111.97
113.14
113.32
112.77
113.7
113.65
112.44
111.53
113.41
112.66
112.66
112.66
112.73
112.83
112.16
113.46
112.6
111.76
113.39
112.8
111.57
112.94
114.12
113.13
112.83
113.65
113.65
111.67
111.67
113.05
112.86
113.03
114.16
113.68
112.4
114.01
113.52
112.38
112.3
112.82
113.44
113.16
113.45
112.89
112.89
112.42
113.62
112.88
112.88
114.2
113.26
113.06
114.44
114.05
112.8
113.71
113.79
113.48
113.2
113.42
113.07
111.93
112.52
112.27
112.65
112.65
113.79
112.71
112.08
112.79
112.86
112.19
113.47
113.97
112.67
112.02
113.6
113.56
112.83
112.83
113.65
112.77
112.77
114.32
113.32
112.37
113.31
113.57
112.2
112.93
113.14
112.54
112.49
114.01
113.51
112.44
113.29
112.72
112.42
112.32
113.78
112.78
112.53
113.48
114.28
112.89
113.41
114.11
113.4
112.58
113.61
113.08
112.79
114.06
113.98
113.18
113.32
113.39
112.64
112.38
113.04
113.41
112.2
113.24
113.71
112.52
112.73
114.26
113.59
112.63
113.13
113.25
112.41
112.55
113.32
112.65
112.84
114.09
113.58
112.78
113.57
113.18
112.64
112.78
113.34
112.74
111.49
112.96
112.29
112.32
112.32
112.77
112.89
111.84
113.7
112.98
111.21
112.98
113.53
112.39
112.42
113.6
112.31
112.19
113.72
113.72
112
112
113.52
112.65
111.49
113.33
113.74
113.36
113.69
113.67
112.88
112.77
113.89
113.57
112.44
112.75
112.67
112
112.83
113.78
113.34
112.35
113.37
112.98
112.56
113.65
114.02
112.07
112.88
113.7
113.39
113
113.5
113.66
113.66
112.29
113.5
113
112.66
113.25
113.28
111.82
113.32
113.47
112.47
112.82
112.95
113.24
112.28
113.13
112.68
112.84
112.84
113.2
113.41
113.1
112.96
111.81
112.08
113.52
112.84
112.57
113.09
114.48
113.62
112.74
112.74
113.53
112.99
112.02
113.43
112.87
112.67
113.8
113.13
112.87
113.75
114.67
113.65
113.69
113.07
112.85
112.6
113.85
113.85
113.66
113.92
113.46
