80.73
80.73
80.67
80.65
80.64
80.62
80.66
80.65
80.54
80.65
80.66
80.62
80.54
80.75
80.62
80.66
80.78
80.74
80.58
80.52
80.74
80.61
80.57
80.83
80.72
80.69
80.73
80.58
80.7
80.54
80.62
80.66
80.68
80.63
80.64
80.71
80.59
80.67
80.67
80.71
80.7
80.16
80.86
80.77
80.69
80.71
80.77
80.77
80.6
80.76
80.76
80.79
80.72
80.77
80.7
80.7
80.77
80.75
80.78

80.7
80.67
80.78
80.66
80.68
80.63
80.69
80.68
80.72
80.7
80.82
80.7
80.72
80.67
80.82
80.76
80.75
80.74
80.85
80.84
80.74
80.74
80.74
80.81
80.78
80.78
80.78
80.79
80.74
80.74
80.75
80.76
80.78
80.74
80.75
80.67
80.78
80.82
80.67
80.82
80.79
80.68
80.71
80.82
80.85
80.74
80.69
80.94
80.84
80.7
80.74
80.81
80.8
80.72
80.79
80.89
80.81
80.72
80.74

80.78
80.73
80.73
80.64
80.78
80.74
80.66
80.8
80.7
80.68
80.64
80.73
80.66
80.66
80.7
80.66
80.68
80.75
80.65
80.7
80.74
80.7
80.74
80.64
80.74
80.78
80.63
80.7
80.72
80.9
80.71
80.72
80.76
80.7
80.68
80.67
80.77
80.66
80.72
80.66
80.74
80.62
80.81
80.66
80.7
80.58
80.7
80.57
80.66
80.73
80.68
80.65
80.66
80.66
80.67
80.57
80.59
80.71
80.64

80.61
80.64
80.69
80.63
80.66
80.67
80.58
80.58
80.59
80.66
80.6
80.65
80.59
80.67
80.72
80.55
80.61
80.75
80.74
80.57
80.62
80.66
80.58
80.5
80.62
80.62
80.59
80.58
80.61
80.62
80.58
80.6
80.68
80.55
80.66
80.41
80.63
80.63
80.53
80.66
80.58
80.62
80.59
80.6
80.58
80.57
80.66
80.62
80.58
80.55
80.61
80.6
80.57
80.53
80.64
80.68
80.64
80.57
80.59

80.72
80.61
80.62
80.69
80.58
80.61
80.64
80.59
80.56
80.56
80.64
80.57
80.57
80.57
80.7
80.56
80.54
80.59
80.57
80.64
80.46
80.6
80.58
80.42
80.39
80.46
80.46
80.44
80.5
80.48
80.48
80.51
80.46
80.41
80.42
80.45
80.46
80.52
80.5
80.54
80.51
80.44
80.5
80.46
80.43
80.41
80.4
80.33
80.46
80.42
80.37
80.41
80.5
80.5
80.37
80.44
80.48
80.45
80.31

80.41
80.42
80.29
80.33
80.48
80.34
80.35
80.41
80.39
80.31
80.35
80.37
80.42
80.41
80.4
80.46
80.42
80.35
80.38
80.39
80.33
80.24
80.48
80.4
80.38
80.33
80.38
80.27
80.33
80.37
80.23
80.33
80.37
80.24
80.29
80.28
80.54
80.31
80.38
80.34
80.22
80.3
80.26
80.29
80.42
80.25
80.3
80.29
80.18
80.34
80.18
80.3
80.21
80.22
80.25
80.24
80.2
80.45
80.2

80.25
80.36
80.17
79.99
80.24
80.2
80.13
80.07
80.13
80.15
80.12
80.13
80.05
80.13
80.14
80.15
80.13
80.3
80.09
80.11
80.2
80.22
80.1
80.17
80.13
80.18
80.13
80.13
80.28
80.16
80.11
80.12
80.04
80.09
80.04
80.05
80.09
80.05
80
79.98
79.95
80.03
80.09
79.98
79.91
80.17
80.2
79.95
80.02
80.01
80.06
79.84
80.03
80.05
80.01
79.92
80.01
80.12
79.95

80.01
79.99
79.93
79.97
80.09
79.97
80.04
79.94
79.93
79.77
80.13
79.93
79.85
79.91
79.93
79.92
79.89
79.94
80.01
79.81
79.77
79.96
79.91
79.86
79.93
79.82
79.85
79.98
79.91
79.8
79.91
79.73
79.81
79.88
79.8
79.83
79.92
79.88
79.9
79.83
79.84
79.77
79.89
79.82
79.81
79.81
79.85
79.87
79.6
79.75
79.88
79.77
79.63
79.65
79.86
79.75
79.8
79.78
79.85

79.76
79.64
79.75
79.79
79.71
79.82
79.77
79.78
79.72
79.81
79.72
79.89
79.79
79.87
79.97
79.86
79.56
79.81
79.84
79.75
79.61
79.73
79.84
79.73
79.72
79.73
79.9
79.81
79.74
79.78
79.81
79.59
79.62
79.77
79.73
79.65
79.78
79.74
79.69
79.81
79.74
79.74
79.79
79.7
79.69
79.74
79.6
79.73
79.67
79.51
79.78
79.75
79.73
79.73
79.75
79.6
79.83
79.79
79.77

79.8
79.58
79.57
79.8
79.71
79.62
79.73
79.71
79.81
79.68
79.65
79.76
79.69
79.68
79.73
79.79
79.78
79.65
79.76
79.73
79.76
79.75
79.73
79.77
79.63
79.76
79.72
79.71
79.78
79.7
79.77
79.81
79.82
79.8
79.82
79.85
79.83
79.71
79.81
79.83
79.83
79.77
79.75
79.86
79.81
79.77
79.76
79.73
79.81
79.92
79.82
79.82
79.81
79.68
79.81
79.72
79.87
79.78
79.87

79.7
79.77
79.97
79.73
79.81
79.81
79.77
79.75
79.79
79.88
79.78
79.72
79.81
79.73
79.85
79.73
79.83
79.76
79.66
79.69
79.86
79.85
79.8
79.73
79.82
79.81
79.73
79.82
79.76
79.79
79.7
79.75
79.76
79.77
79.81
79.82
79.81
79.87
79.76
79.7
79.84
79.79
79.74
79.62
79.78
79.89
79.69
79.73
79.55
79.84
79.8
79.73
79.68
79.73
79.75
79.74
79.66
79.72
79.71

79.67
79.69
79.78
79.7
79.69
79.69
79.8
79.58
79.65
79.74
79.8
79.73
79.72
79.78
79.81
79.63
79.76
79.75
79.64
79.81
79.61
79.76
79.77
79.77
79.84
79.69
79.78
79.69
79.81
79.67
79.73
79.81
79.77
79.69
79.73
79.8
79.75
79.73
79.78
79.77
79.65
79.76
79.69
79.87
79.65
79.63
79.69
79.73
79.75
79.71
79.68
79.72
79.47
79.61
79.74
79.67
79.62
79.67
79.77

79.67
79.62
79.63
79.77
79.65
79.68
79.7
79.69
79.75
79.59
79.7
79.75
79.77
79.65
79.78
79.75
79.71
79.6
79.81
79.85
79.77
79.55
79.85
79.89
79.8
79.79
79.77
79.84
79.85
79.6
79.81
79.73
79.77
79.8
79.79
79.83
79.79
79.74
79.77
79.9
79.81
79.81
79.83
79.89
79.73
79.72
79.81
79.93
79.73
79.93
79.89
79.84
79.86
79.88
79.77
79.94
80
79.92
79.59

79.89
79.8
79.82
79.82
79.86
79.78
79.85
79.79
79.89
79.85
79.84
79.88
79.84
79.96
79.77
79.73
79.89
79.86
79.84
79.77
79.83
79.99
79.85
79.79
79.81
79.88
79.79
79.69
79.93
79.77
79.81
79.69
79.85
79.78
79.68
79.83
79.79
79.79
79.72
79.82
79.84
79.77
79.76
79.93
79.84
80.03
79.81
79.87
79.78
79.87
79.68
79.75
79.8
79.99
79.78
79.85
79.9
79.85
79.78

79.85
79.86
79.82
79.88
79.89
80.01
79.86
79.83
80.01
79.81
79.72
79.91
79.83
79.83
79.88
79.87
79.89
79.8
79.74
79.81
79.73
79.84
79.74
79.81
79.76
79.83
79.81
79.77
79.78
79.86
79.88
79.73
79.73
79.86
79.81
79.87
79.8
79.89
79.85
79.82
79.77
79.9
79.9
79.89
79.89
79.94
79.93
79.92
79.84
79.93
79.89
79.93
79.83
79.98
79.83
79.87
79.88
79.93
79.88

79.81
79.86
79.87
79.87
79.85
79.9
79.89
79.89
79.85
79.89
79.93
80.03
79.82
79.93
79.98
79.95
79.85
79.96
79.94
80.01
79.9
79.96
80.01
80.03
79.93
79.98
80.01
80.01
79.98
80.17
79.96
80.01
79.79
80.1
80.01
80.09
79.89
80.08
80.12
79.93
79.92
79.88
79.91
80.05
79.89
79.95
80.08
80.04
79.89
79.97
80.04
79.94
79.92
80.02
79.99
79.9
79.93
80.09
79.92

79.97
79.91
79.95
79.93
79.97
79.88
80.06
79.85
79.81
80.02
79.87
79.96
79.93
79.86
79.99
79.95
79.91
79.91
79.9
80.01
79.86
79.99
79.99
79.97
79.95
79.8
79.97
80.03
79.83
79.71
79.87
79.99
79.88
79.97
79.96
79.94
79.83
79.95
79.98
79.99
79.97
80.01
79.9
79.93
79.86
79.87
80
80.01
80.02
79.93
79.97
79.97
80.05
79.93
80.03
80.02
80.07
79.85
80.01

79.99
80.04
79.93
79.97
80.02
80.02
79.97
79.93
79.95
79.84
79.85
79.96
79.97
79.89
79.87
80.08
80.06
79.93
79.93
79.89
80.05
80
79.94
80.1
80.06
79.91
79.85
80.09
79.98
79.96
79.96
80.01
79.98
80
79.97
80.13
80.04
79.99
79.97
80.09
80.14
79.95
79.98
80.01
80.13
80.05
79.98
80.01
80.12
79.98
79.99
80.05
79.97
79.95
79.94
80.01
80.18
80.08
80.08

80.07
80.07
80.05
80.02
80.09
80.19
80.13
80.13
80.23
80.1
80.1
79.96
80.19
80.05
80
80.03
80.23
80.26
79.76
79.96
80.15
79.94
80.01
80.16
80.09
80.11
80.06
80.14
80.12
80.08
80.07
80.14
80.09
80.13
80.09
80.04
80
80.13
80.13
80.18
80.12
80.17
80.12
80.12
80.25
80.11
80.12
80.21
80.11
80.25
80.07
80.06
80.14
80.19
80.04
80.27
80.13
80.17
80.13

80.13
80.22
80.24
80.12
80.17
80.3
80.21
80.17
80.27
80.26
80.22
80.11
80.28
80.21
80.19
80.14
80.24
80.22
80.19
80.19
80.23
80.13
80.21
80.17
80.29
80.31
80.21
80.32
80.28
80.25
80.24
80.29
80.34
80.31
80.31
80.26
80.29
80.33
80.32
80.37
80.22
80.33
80.33
80.34
80.32
80.36
80.33
80.25
80.21
80.33
80.47
80.28
80.23
80.26
80.21
80.27
80.26
80.24
80.37

80.28
80.3
80.35
80.32
80.3
80.33
80.4
80.37
80.25
80.39
80.33
80.24
80.27
80.33
80.38
80.36
80.29
80.4
80.45
80.36
80.35
80.31
80.43
80.35
80.5
80.35
80.41
80.36
80.35
80.46
80.47
80.46
80.4
80.39
80.5
80.49
80.42
80.4
80.53
80.49
80.4
80.47
80.53
80.5
80.5
80.54
80.47
80.62
80.28
80.39
80.5
80.58
80.44
80.52
80.58
80.54
80.45
80.54
80.68

80.34
80.71
80.65
80.61
80.55
80.66
80.69
80.63
80.62
80.55
80.61
80.65
80.58
80.59
80.62
80.58
80.6
80.64
80.58
80.62
80.73
80.65
80.58
80.69
80.65
80.63
80.74
80.82
80.69
80.61
80.71
80.79
80.71
80.65
80.74
80.7
80.62
80.61
80.69
80.82
80.82
80.62
80.7
80.9
80.84
80.64
80.81
80.85
80.78
80.74
80.78
80.88
80.74
80.82
80.74
80.88
80.63
80.74
80.74

80.76
80.73
80.74
80.78
80.7
80.62
80.78
80.65
80.74
80.73
80.82
80.78
80.71
80.75
80.73
80.93
80.78
80.85
80.71
80.86
80.8
80.7
80.82
80.86
80.75
80.85
80.83
80.86
80.82
80.75
80.82
80.93
80.97
80.76
80.85
80.87
80.95
80.74
80.9
80.82
80.84
80.76
80.81
80.87
80.72
80.85
80.84
80.86
80.82
80.96
80.86
80.78
80.87
80.84
80.91
80.94
80.84
80.81
80.92

80.88
80.92
80.88
80.77
80.87
80.87
80.86
80.86
80.97
80.86
80.83
80.96
80.94
80.92
80.97
80.87
80.9
80.88
80.92
80.88
80.99
80.98
80.85
80.94
80.99
81
80.8
80.88
80.96
80.88
80.7
80.91
80.97
80.86
80.91
80.92
81
80.77
80.84
80.98
81.03
80.74
81.02
80.99
80.99
80.97
80.94
81.03
81.01
81.03
80.9
80.94
80.88
80.99
81.04
80.99
81.05
81.12
81.06

81.09
81.1
81.05
81.02
81.13
81.21
80.88
81.05
81.16
81.09
81.12
81.06
81.28
81.15
80.9
81.15
81.2
81.15
81.09
81.1
81.18
81.12
81.05
80.96
81.18
81.14
81.02
81.1
81
81.06
81.04
81.09
81.1
81.07
81.15
81.09
81.2
81.14
81.16
81.07
81.1
81.16
81.02
81.01
81.16
80.94
80.99
81.02
81.05
81.15
81.06
81.05
81.2
81.18
81.07
81.04
81.13
81.05
81.09

81.12
81.1
81.09
81.07
81.11
81.06
81.18
81.05
81.24
81.09
81.09
81.24
81.15
81.15
81.14
81.06
81.17
81.18
81.08
81.18
81.14
81.16
81.16
81.06
81.17
81.22
81.06
81.03
81.19
81.16
81.1
81.13
81.15
81.1
81.15
81.12
81.14
81.17
81.1
81.15
81.16
81.18
81.21
81.13
81.1
81.23
81.23
81.09
81.18
81.26
81.18
81.09
81.18
81.23
81.21
81.09
81.19
81.3
81.03

81.26
81.23
81.21
81.2
81.18
81.1
81.27
81.15
81.15
81.28
81.22
81.14
81.22
81.17
81.18
81.1
81.1
81.17
81.16
81.25
81.18
81.26
81.18
81.11
81.19
81.21
81.25
81.25
81.22
81.34
81.31
81.2
81.22
81.22
81.28
81.3
81.26
81.22
81.18
81.32
81.23
81.16
81.25
81.34
81.15
81.29
81.24
81.32
81.16
81.22
81.32
81.39
81.13
81.22
81.32
81.25
81.18
81.1
81.36

81.14
81.17
81.19
81.33
81.16
81.26
81.26
81.26
81.14
81.12
81.19
81.16
81.11
81.21
81.26
81.21
81.1
81.14
81.19
81.09
80.94
81.06
81.04
81.08
81.05
81.11
81.05
81.03
81.03
81.09
81.06
81.09
80.95
80.97
81.02
81.22
81.08
80.98
81.15
81.06
80.88
81.06
81.09
81.03
80.98
81.06
81.08
81
80.96
81.05
81.08
80.97
80.93
80.98
80.99
81.13
80.89
80.98
81.02

80.94
80.99
80.93
81.06
80.97
80.98
80.91
80.95
81.01
80.85
80.92
81.01
80.88
80.86
80.87
80.95
80.93
80.92
80.91
80.88
80.9
80.85
80.78
80.92
80.89
80.91
80.87
80.9
80.87
80.85
80.92
80.94
80.93
80.89
80.85
80.77
80.74
80.74
80.9
80.78
80.54
80.85
80.82
80.86
80.75
80.76
80.73
80.86
80.86
80.73
80.81
80.83
80.82
80.78
80.66
80.89
80.89
80.76
80.7

80.79
80.73
80.72
80.86
80.82
80.74
80.76
80.86
80.89
80.69
80.94
80.88
80.89
80.82
80.75
80.82
80.8
80.76
80.84
80.79
80.78
80.8
80.82
80.85
80.86
80.77
80.74
80.83
80.85
80.74
80.74
80.78
80.74
80.77
80.85
80.66
80.74
80.82
80.69
80.8
80.78
80.78
80.78
80.76
80.83
80.75
80.58
80.76
80.81
80.81
80.6
80.78
80.82
80.73
80.68
80.79
80.89
80.66
80.7

80.66
80.64
80.71
80.68
80.74
80.75
80.71
80.7
80.62
80.5
80.78
80.72
80.73
80.76
80.67
80.78
80.77
80.55
80.7
80.6
80.74
80.77
80.68
80.66
80.7
80.68
80.76
80.62
80.68
80.71
80.62
80.67
80.78
80.7
80.6
80.61
80.78
80.64
80.7
80.64
80.68
80.62
80.58
80.7
80.71
80.65
80.55
80.66
80.82
80.61
80.58
80.78
80.74
80.72
80.58
80.67
80.69
80.57
80.62

80.69
80.53
80.62
80.59
80.5
80.65
80.66
80.64
80.68
80.66
80.58
80.6
80.58
80.55
80.56
80.68
80.65
80.64
80.53
80.56
80.74
80.37
80.54
80.62
80.66
80.58
80.43
80.57
80.66
80.54
80.61
80.58
80.59
80.6
80.5
80.62
80.62
80.59
80.59
80.64
80.66
80.53
80.7
80.61
80.51
80.67
80.48
80.52
80.59
80.55
80.51
80.46
80.55
80.67
80.29
80.65
80.58
80.43
80.38

80.5
80.65
80.53
80.53
80.55
80.41
80.46
80.55
80.58
80.53
80.51
80.42
80.51
80.5
80.47
80.6
80.59
80.5
80.49
80.49
80.56
80.53
80.55
80.54
80.52
80.46
80.53
80.46
80.44
80.46
80.55
80.43
80.38
80.44
80.49
80.39
80.47
80.61
80.41
80.37
80.54
80.49
80.37
80.38
80.41
80.54
80.49
80.21
80.5
80.61
80.36
80.39
80.44
80.54
80.49
80.35
80.42
80.48
80.33

80.52
80.34
80.36
80.47
80.38
80.42
80.37
80.45
80.51
80.47
80.41
80.35
80.4
80.55
80.33
80.28
80.41
80.43
80.27
80.36
80.42
80.5
80.35
80.33
80.43
80.41
80.41
80.29
80.49
80.46
80.38
80.42
80.54
80.5
80.3
80.42
80.47
80.55
80.38
80.37
80.54
80.47
80.32
80.42
80.47
80.44
80.37
80.33
80.44
80.37
80.42
80.4
80.46
80.31
80.33
80.35
80.26
80.33
80.34

80.39
80.49
80.37
80.27
80.49
80.54
80.31
80.48
80.48
80.51
80.4
80.37
80.66
80.53
80.41
80.41
80.45
80.3
80.37
80.33
80.4
80.37
80.32
80.38
80.37
80.37
80.39
80.48
80.34
80.39
80.52
80.46
80.33
80.33
80.4
80.46
80.33
80.4
80.41
80.41
80.38
80.31
80.42
80.29
80.48
80.44
80.28
80.22
80.28
80.53
80.37
80.3
80.49
80.49
80.35
80.37
80.51
80.47
80.26

80.55
80.43
80.33
80.29
80.42
80.42
80.23
80.46
80.45
80.41
80.36
80.33
80.49
80.47
80.42
80.43
80.52
80.43
80.44
80.37
80.54
80.53
80.36
80.41
80.47
80.36
80.44
80.5
80.54
80.47
80.35
80.48
80.54
80.37
80.38
80.54
80.33
80.57
80.46
80.41
80.49
80.45
80.47
80.43
80.4
80.44
80.46
80.49
80.47
80.42
80.46
80.37
80.57
80.46
80.54
80.48
80.54
80.6
80.47

80.66
80.41
80.58
80.46
80.5
80.59
80.58
80.62
80.68
80.65
80.78
80.61
80.51
80.67
80.54
80.51
80.62
80.71
80.5
80.59
80.65
80.62
80.6
80.68
80.68
80.59
80.73
80.74
80.77
80.69
80.78
80.68
80.72
80.73
80.74
80.67
80.66
80.52
80.58
80.62
80.66
80.72
80.61
80.6
80.57
80.73
80.75
80.66
80.63
80.76
80.65
80.6
80.67
80.78
80.63
80.61
80.76
80.78
80.61

80.71
80.71
80.71
80.75
80.68
80.85
80.72
80.68
80.71
80.7
80.72
80.68
80.66
80.7
80.73
80.62
80.66
80.7
80.73
80.73
80.63
80.78
80.81
80.67
80.61
80.66
80.78
80.74
80.69
80.73
80.78
80.78
80.7
80.82
80.79
80.74
80.69
80.77
80.79
80.78
80.74
80.74
80.73
80.71
80.7
80.77
80.69
80.83
80.79
80.78
80.75
80.66
80.7
80.82
80.74
80.78
80.72
80.76
80.75

80.7
80.62
80.84
80.74
80.79
80.78
80.78
80.7
80.74
80.8
80.7
80.61
80.75
80.81
80.69
80.7
80.72
80.59
80.79
80.66
80.66
80.54
80.68
80.75
80.6
80.68
80.75
80.68
80.64
80.6
80.74
80.7
80.62
80.62
80.57
80.54
80.59
80.54
80.63
80.61
80.69
80.7
80.42
80.74
80.7
80.66
80.55
80.56
80.73
80.61
80.59
80.7
80.58
80.62
80.46
80.62
80.56
80.61
80.46

80.58
80.5
80.44
80.4
80.48
80.46
80.48
80.55
80.58
80.52
80.54
80.58
80.5
80.59
80.51
80.54
80.58
80.58
80.54
80.61
80.54
80.58
80.49
80.54
80.55
80.59
80.47
80.46
80.44
80.63
80.49
80.47
80.41
80.58
80.52
80.53
80.5
80.41
80.5
80.57
80.45
80.47
80.54
80.48
80.43
80.54
80.45
80.57
80.49
80.46
80.62
80.44
80.31
80.49
80.49
80.44
80.36
80.4
80.55

80.21
80.47
80.36
80.43
80.33
80.46
80.46
80.45
80.42
80.44
80.46
80.37
80.49
80.37
80.37
80.33
80.35
80.44
80.41
80.45
80.46
80.37
80.32
80.5
80.4
80.33
80.37
80.37
80.45
80.33
80.32
80.42
80.37
80.35
80.37
80.29
80.16
80.44
80.26
80.38
80.42
80.35
80.41
80.4
80.38
80.33
80.41
80.36
80.36
80.37
80.4
80.31
80.38
80.5
80.39
80.29
80.49
80.5
80.38

80.35
80.35
80.37
80.26
80.41
80.41
80.21
80.24
80.33
80.4
80.16
80.25
80.25
80.37
80.29
80.08
80.26
80.24
80.19
80.21
80.15
80.13
80.09
80.15
80.19
80.29
80.23
80.24
80.17
80.26
80.27
80.18
80.21
80.28
80.21
80.1
80.21
80.33
80.25
80.31
80.2
80.19
80.21
80.17
80.25
80.19
80.27
80.26
80.25
80.21
80.11
80.35
80.17
80.09
80.19
80.21
80.35
80.2
80.29

80.18
80.18
80.1
80.24
80.15
80.09
80.21
80.24
80.27
80.1
80.19
80.18
80.16
80.09
80.13
79.97
80.15
80.29
80.1
80.2
80.2
80.12
80.16
80.21
80.24
80.19
80.13
80.18
80.27
80.17
80.13
80.1
80.2
80.12
80.2
80.1
79.92
80.2
80.02
80.13
80.21
80.3
80.21
80.17
80.13
80.24
80.23
80.21
80.18
80.25
80.14
80.08
80.2
80.22
80.13
80.13
80.13
80.09
80.33

80.17
80.21
80.11
80.19
80.21
80.29
80.21
80.2
80.24
80.22
80.33
80.25
80.25
80.28
80.35
80.16
80.25
80.19
80.32
80.25
80.26
80.28
80.42
80.27
80.24
80.35
80.5
80.21
80.21
80.29
80.17
80.27
80.32
80.29
80.28
80.36
80.25
80.98
80.23
80.25
80.28
80.27
80.41
80.23
80.31
80.33
80.36
80.39
80.24
80.26
80.3
80.36
80.21
80.33
80.34
80.22
80.32
80.39
80.26

80.39
80.32
80.29
80.29
80.29
80.17
80.37
80.4
80.41
80.33
80.13
80.34
80.43
80.36
80.37
80.36
80.54
80.4
80.39
80.5
80.47
80.43
80.39
80.42
80.5
80.31
80.63
80.49
80.46
80.39
80.41
80.38
80.48
80.53
80.44
80.38
80.44
80.43
80.42
80.31
80.33
80.44
80.37
80.32
80.27
80.38
80.4
80.33
80.34
80.37
80.41
80.41
80.35
80.41
80.46
80.37
80.38
80.41
80.4

80.37
80.44
80.45
80.33
80.48
80.38
80.46
80.34
80.4
80.35
80.37
80.48
80.38
80.43
80.37
80.48
80.42
80.33
80.5
80.57
80.51
80.35
80.39
80.55
80.46
80.44
80.49
80.53
80.48
80.36
80.33
80.63
80.63
80.5
80.46
80.47
80.47
80.39
80.44
80.54
80.56
80.52
80.48
80.33
80.5
80.55
80.37
80.51
80.51
80.52
80.49
80.58
80.45
80.52
80.5
80.58
80.49
80.54
80.66

80.58
80.55
80.6
80.55
80.58
80.58
80.46
80.5
80.7
80.66
80.47
80.48
80.47
80.45
80.48
80.51
80.5
80.51
80.54
80.51
80.59
80.58
80.48
80.69
80.54
80.71
80.67
80.66
80.48
80.61
80.62
80.54
80.58
80.58
80.62
80.55
80.52
80.54
80.78
80.62
80.58
80.66
80.69
80.54
80.62
80.62
80.61
80.72
80.62
80.59
80.58
80.78
80.74
80.71
80.74
80.75
80.68
80.63
80.7

80.72
80.67
80.62
80.7
80.62
80.63
80.7
80.81
80.73
80.71
80.76
80.71
80.74
80.73
80.75
80.69
80.73
80.7
80.59
80.64
80.72
80.7
80.74
80.66
80.7
80.72
80.66
80.63
80.76
80.75
80.58
80.63
80.57
80.71
80.74
80.67
80.53
80.7
80.64
80.61
80.66
80.72
80.81
80.74
80.67
80.78
80.72
80.63
80.6
80.7
80.72
80.64
80.59
80.61
80.67
80.5
80.62
80.57
80.54

80.52
80.62
80.61
80.58
80.53
80.59
80.66
80.58
80.65
80.62
80.5
80.73
80.64
80.66
80.63
80.66
80.54
80.58
80.62
80.62
80.57
80.61
80.59
80.48
80.52
80.54
80.56
80.49
80.52
80.58
80.5
80.62
80.58
80.56
80.55
80.61
80.79
80.56
80.61
80.62
80.58
80.74
80.4
80.57
80.65
80.48
80.57
80.55
80.58
80.57
80.52
80.6
80.49
80.57
80.56
80.51
80.58
80.54
80.58

80.53
80.65
80.46
80.58
80.57
80.62
80.52
80.54
80.56
80.54
80.46
80.5
80.46
80.7
80.58
80.42
80.54
80.71
80.56
80.48
80.58
80.65
80.6
80.55
80.65
80.7
80.46
80.54
80.58
80.46
80.54
80.54
80.6
80.57
80.48
80.62
80.48
80.53
80.58
80.59
80.5
80.47
80.5
80.5
80.46
80.45
80.49
80.55
80.32
80.43
80.48
80.58
80.42
80.31
80.41
80.46
80.33
80.33
80.44

80.43
80.42
80.37
80.39
80.37
80.34
80.34
80.4
80.41
80.37
80.46
80.4
80.48
80.28
80.35
80.37
80.38
80.28
80.3
80.36
80.43
80.33
80.28
80.35
80.37
80.4
80.35
80.21
80.4
80.21
80.28
80.25
80.25
80.33
80.18
80.29
80.23
80.45
80.33
80.29
80.45
80.24
80.41
80.38
80.29
80.36
80.29
80.23
80.29
80.25
80.37
80.27
80.23
80.36
80.38
80.36
80.29
80.35
80.32

80.15
80.3
80.35
80.42
80.16
80.22
80.43
80.21
80.17
80.25
80.25
80.29
80.38
80.24
80.3
80.31
80.11
80.28
80.39
80.31
80.3
80.36
80.34
80.29
80.29
80.3
80.27
80.21
80.36
80.33
80.19
80.25
80.28
80.24
80.25
80.32
80.42
80.18
80.23
80.21
80.33
80.24
80.22
80.42
80.29
80.13
80.25
80.31
80.3
80.15
80.34
80.39
80.35
80.25
80.16
79.97
80.48
80.38
80.23

80.38
80.32
80.26
80.28
80.37
80.3
80.21
80.17
80.29
80.26
80.28
80.25
80.34
80.29
80.29
80.33
80.41
80.3
80.23
80.31
80.28
80.29
80.29
80.13
80.3
80.19
80.09
80.25
80.22
80.31
80.21
80.32
80.27
80.37
80.23
80.25
80.19
80.21
80.05
80.29
80.24
80.23
80.22
80.19
80.27
80.27
80.3
80.33
80.31
80.2
80.22
80.3
80.25
80.14
80.25
80.26
80.17
80.13
80.13

80.1
80.24
80.21
80.09
80.18
80.23
80.37
80.33
80.28
80.27
80.4
80.33
80.11
80.14
80.24
80.1
80.26
80.21
80.17
80.25
80.16
80.15
80.13
80.32
80.25
80.16
80.23
80.21
80.25
80.21
80.26
80.37
80.29
80.27
80.31
80.34
80.25
80.3
80.33
80.23
80.3
80.39
80.33
80.27
80.19
80.24
80.22
80.17
80.25
80.28
80.17
80.21
80.25
80.34
80.1
80.25
80.44
80.29
80.21

80.33
80.26
80.17
80.21
80.25
80.37
80.26
80.24
80.3
80.33
80.31
80.25
80.3
80.25
80.27
80.24
80.26
80.33
80.3
80.27
80.28
80.32
80.31
80.25
80.35
80.32
80.25
80.22
80.29
80.31
80.28
80.22
80.35
80.28
80.32
80.31
80.36
80.27
80.31
80.36
80.36
80.29
80.43
80.37
80.33
80.25
80.34
80.41
80.27
80.29
80.41
80.4
80.4
80.35
80.36
80.37
80.28
80.28
80.23

80.24
80.34
80.4
80.22
80.23
80.21
80.26
80.32
80.33
80.35
80.3
80.35
80.41
80.32
80.37
80.29
80.42
80.37
80.33
80.25
80.42
80.51
80.38
80.36
80.41
80.36
80.3
80.37
80.39
80.38
80.39
80.25
80.46
80.45
80.33
80.33
80.37
80.36
80.38
80.36
80.36
80.46
80.44
80.37
80.43
80.43
80.35
80.32
80.41
80.49
80.29
80.37
80.46
80.4
80.28
80.27
80.38
80.33
80.35

80.41
80.42
80.41
80.48
80.37
80.46
80.42
80.41
80.45
80.5
80.49
80.41
80.5
80.49
80.53
80.4
80.41
80.55
80.47
80.46
80.44
80.53
80.54
80.43
80.37
80.45
80.54
80.41
80.4
80.33
80.5
80.42
80.37
80.47
80.33
80.42
80.44
80.39
80.37
80.46
80.34
80.36
80.45
80.42
80.43
80.45
80.4
80.44
80.48
80.33
80.54
80.53
80.46
80.4
80.48
80.61
80.41
80.46
80.41

80.43
80.36
80.42
80.35
80.48
80.54
80.41
80.47
80.62
80.51
80.48
80.5
80.58
80.51
80.35
80.52
80.69
80.41
80.41
80.53
80.49
80.34
80.44
80.52
80.53
80.42
80.41
80.47
80.55
80.51
80.42
80.56
80.61
80.58
80.5
80.6
80.58
80.53
80.65
80.56
80.55
80.62
80.56
80.58
80.58
80.64
80.65
80.57
80.6
80.62
80.62
80.62
80.64
80.74
80.61
80.58
80.62
80.69
80.7

80.58
80.64
80.7
80.66
80.61
80.6
80.66
80.65
80.58
80.63
80.66
80.52
80.66
80.64
80.67
80.68
80.61
80.7
80.71
80.67
80.66
80.64
80.7
80.64
80.7
80.71
80.59
80.74
80.64
80.63
80.62
80.67
80.7
80.66
80.67
80.81
80.66
80.63
80.82
80.75
80.59
80.63
80.67
80.72
80.58
80.61
80.7
80.76
80.61
80.61
80.62
80.8
80.78
80.73
80.7
80.68
80.73
80.74
80.7

80.74
80.74
80.69
80.7
80.77
80.69
80.63
80.86
80.83
80.77
80.74
80.82
80.86
80.82
80.81
80.88
80.81
80.79
80.77
80.8
80.96
80.81
80.76
80.89
80.82
80.82
80.83
80.82
80.7
80.87
80.8
80.78
80.78
80.82
80.8
80.75
80.8
80.9
80.79
80.82
80.78
80.74
80.87
80.74
80.86
80.86
80.84
80.89
80.79
80.86
80.88
80.77
80.93
80.91
81.02
80.86
80.86
80.9
80.91

80.79
80.93
80.86
80.77
80.86
80.94
80.89
80.88
80.82
80.86
80.77
80.88
80.87
80.84
80.92
80.84
80.96
80.94
80.87
80.92
80.91
81.01
80.98
80.9
80.84
80.91
80.91
81
81.04
80.88
80.9
81
80.96
80.91
81
80.98
80.98
80.84
80.93
81.06
81.03
81.06
80.97
80.98
81.02
80.92
80.93
80.97
80.94
80.89
80.99
81.03
81
80.99
80.97
81.08
81.08
81
81.04

81.16
81.02
80.99
81.09
81.06
80.98
81.05
81.03
81.08
80.99
80.92
81.07
81.14
81.06
81.03
81.12
81.05
81.07
80.94
81.02
81.06
80.99
80.96
81.02
80.99
81.02
81.02
81.06
81.04
81
81.06
81
81.08
81.18
80.98
80.98
80.98
81.05
81.02
80.98
81.07
81.21
81.02
81.04
81.13
81.14
81.1
81.02
81.22
81.14
81.01
81.02
81.09
81.1
81.14
81.09
81.14
81.15
81.08

81.13
81.14
81.1
81.1
81.21
81.25
81.08
81.13
81.13
81.07
81.15
81.06
81.11
81.06
81.12
81.08
81.04
81.1
81.14
81.18
81.1
81.06
81.09
81.06
81.03
81.18
81.2
81.09
81.03
81.14
81.15
81.12
80.98
81.17
81.07
81.12
81.03
81.03
81.14
81.07
80.98
81.08
81.07
81.05
81.06
81.12
81.13
81.14
81.1
81.14
81.11
81.12
81.09
81.09
81.09
81.02
81.09
81.03
81.11

81.14
81.09
81.18
81.17
81.1
81.08
81.18
81.17
81.09
81.06
81.05
81.13
81.06
81.07
81.05
81.19
81.09
80.99
81.1
81.09
81.06
81.04
81.06
81.1
81.05
81.09
81.2
81.17
81.13
81.14
81.1
81.14
81.18
81.06
81.07
81.06
81.05
81.06
81.07
81.08
81.13
81.02
80.95
81.05
81.18
81.03
80.94
80.94
80.99
81.01
81.04
81.12
81.06
80.94
80.96
81.02
81
80.97
80.97

80.98
81.04
80.94
80.98
80.98
81.01
80.98
80.97
80.98
80.89
81
80.95
81.04
81.02
81.02
80.91
80.98
80.92
80.92
81
80.96
81.02
81.03
80.94
80.95
80.94
80.98
80.97
80.97
81.02
80.94
81
81.09
80.98
81.01
80.92
80.99
81.05
80.94
80.87
80.95
80.95
80.95
80.98
81.07
81.02
81.06
81.01
81
81
80.97
80.99
80.86
80.86
80.98
80.95
80.88
80.86
80.94

80.8
80.82
80.87
80.89
80.89
80.86
80.86
80.82
80.82
80.91
80.89
80.86
80.75
80.89
81.02
80.87
80.78
80.76
80.91
80.87
80.85
80.89
80.86
80.88
80.97
80.82
80.9
80.88
80.87
80.85
80.78
80.76
80.83
80.82
80.89
80.94
80.85
80.81
80.85
80.85
80.81
80.89
80.83
80.8
80.83
80.78
80.77
80.86
80.89
80.73
80.89
80.95
80.92
80.92
80.94
80.96
80.75
80.86
80.79

80.88
80.85
80.84
80.82
80.86
80.84
80.86
80.74
80.89
80.85
80.74
80.82
80.94
80.81
80.7
80.75
80.93
80.88
80.67
80.74
80.86
80.85
80.76
80.75
80.74
80.66
80.8
80.72
80.7
80.75
80.72
80.74
80.77
80.76
80.75
80.75
80.79
80.81
80.79
80.76
80.9
80.82
80.81
80.78
80.71
80.78
80.7
80.58
80.78
80.74
80.62
80.67
80.78
80.72
80.62
80.66
80.73
80.73
80.72

80.73
80.77
80.77
80.71
80.62
80.62
80.65
80.68
80.6
80.67
80.78
80.68
80.61
80.66
80.7
80.65
80.69
80.69
80.7
80.62
80.54
80.7
80.68
80.6
80.5
80.55
80.69
80.67
80.64
80.66
80.62
80.55
80.53
80.53
80.64
80.71
80.58
80.66
80.74
80.65
80.62
80.61
80.64
80.61
80.66
80.6
80.7
80.54
80.68
80.59
80.68
80.7
80.66
80.53
80.7
80.66
80.56
80.61
80.7

80.65
80.58
80.74
80.74
80.78
80.66
80.62
80.82
80.8
80.63
80.7
80.67
80.66
80.62
80.66
80.71
80.72
80.74
80.62
80.74
80.71
80.62
80.64
80.67
80.7
80.66
80.62
80.65
80.72
80.75
80.67
80.69
80.77
80.71
80.64
80.81
80.74
80.74
80.75
80.76
80.78
80.71
80.67
80.69
80.76
80.73
80.76
80.8
80.76
80.73
80.63
80.7
80.67
80.7
80.82
80.7
80.74
80.9
80.78

80.7
80.87
80.73
80.61
80.82
80.84
80.68
80.66
80.69
80.74
80.69
80.73
80.74
80.83
80.66
80.66
80.8
80.82
80.72
80.67
80.7
80.75
80.68
80.74
80.72
80.7
80.65
80.56
80.68
80.69
80.62
80.66
80.66
80.65
80.7
80.71
80.62
80.71
80.73
80.72
80.71
80.76
80.85
80.68
80.7
80.84
80.82
80.76
80.75
80.83
80.82
80.78
80.72
80.76
80.82
80.81
80.81
80.74
80.78

80.84
80.83
80.8
80.74
80.83
80.78
80.69
80.78
80.74
80.7
80.8
80.79
80.72
80.68
80.79
80.99
80.78
80.82
80.8
80.82
80.78
80.73
80.84
80.9
80.83
80.85
80.9
80.89
80.72
80.84
80.79
80.8
80.81
80.84
80.86
80.88
80.93
80.81
80.81
80.83
80.86
80.78
80.82
80.9
80.86
80.88
80.72
80.79
80.82
80.83
80.83
80.82
80.89
80.87
80.89
80.87
80.95
80.96
80.88

80.82
80.86
81.06
80.86
80.88
80.98
81.01
80.98
80.8
80.91
80.9
80.98
80.79
80.98
80.9
80.52
81.05
81.05
81.02
80.9
80.93
81
80.99
80.87
80.94
81.01
80.97
80.92
81
80.98
80.93
80.94
80.92
81
80.98
80.89
80.94
80.97
80.96
80.78
80.84
80.9
80.92
80.88
80.97
80.94
80.93
80.97
80.96
80.98
81
81
80.92
80.94
80.98
80.98
80.93
80.82
80.93

80.95
80.91
80.95
81.08
81
80.86
80.93
81.06
80.99
80.96
81.01
81.06
80.94
80.87
81.03
81.05
80.98
80.96
80.98
81.03
80.96
81.02
80.9
81.04
80.98
80.93
80.99
81.03
80.86
80.92
80.94
80.95
80.85
80.9
80.84
80.78
80.91
80.93
80.85
80.9
80.91
81.02
80.94
80.93
80.86
80.83
80.84
80.9
80.97
80.94
80.89
80.79
80.94
81.02
80.9
80.74
80.88
80.95
80.92

80.93
80.94
80.94
80.9
80.97
80.89
80.86
80.85
80.94
80.91
80.91
80.9
80.95
80.94
80.96
80.92
80.85
80.93
80.98
80.91
80.91
80.93
80.95
80.9
80.91
80.94
80.95
80.88
80.82
80.97
80.94
80.86
80.86
80.84
80.99
80.89
80.82
80.9
80.86
80.94
80.9
80.88
80.94
80.96
80.86
80.95
80.93
80.92
80.86
80.91
80.92
80.97
80.82
80.9
80.94
80.94
80.69
80.79
80.88

80.94
80.82
80.94
80.94
80.87
80.8
80.86
80.95
80.84
80.82
80.85
80.94
80.74
80.79
80.87
81.1
80.87
80.75
80.86
80.82
80.84
80.83
80.84
80.83
80.85
80.82
80.86
80.9
80.78
80.87
80.82
80.84
80.9
80.86
80.85
80.81
80.86
80.94
80.81
80.85
80.98
80.89
80.91
80.9
80.88
80.81
80.96
80.86
80.99
80.9
80.8
80.82
80.85
80.88
80.84
80.87
80.85
80.9
80.93

80.91
81.02
81.03
80.85
81.03
80.94
80.99
80.75
80.86
80.91
80.85
80.9
80.83
80.87
80.95
80.87
80.82
80.82
80.92
80.79
80.8
80.94
80.87
80.82
80.82
80.87
80.92
80.83
80.81
80.86
80.9
80.9
80.89
80.82
80.84
80.78
80.82
80.81
80.82
80.83
80.82
80.74
80.86
80.8
80.83
80.82
80.88
80.86
80.9
80.86
80.98
80.86
80.86
80.82
80.87
80.83
80.84
80.76
80.77

80.88
80.82
80.85
80.8
80.88
80.78
80.78
80.81
80.83
80.87
80.83
80.86
80.86
80.81
80.83
80.9
80.86
80.87
80.69
80.82
80.82
80.78
80.75
80.72
80.78
80.94
80.81
80.86
80.86
80.82
80.81
80.73
80.87
80.82
80.7
80.8
80.81
80.83
80.7
80.81
80.71
80.75
80.78
80.69
80.81
80.94
80.68
80.88
80.86
80.8
80.86
80.77
80.9
80.85
80.84
80.83
80.86
80.78
80.81

80.88
80.86
80.86
80.84
80.74
80.78
80.77
80.81
80.83
80.78
80.81
80.79
80.78
80.79
80.76
80.76
80.79
80.79
80.78
80.79
80.7
80.68
80.73
80.72
80.74
80.7
80.72
80.77
80.73
80.84
80.83
80.8
80.78
80.73
80.78
80.9
80.7
80.79
80.76
80.77
80.66
80.67
80.8
80.83
80.77
80.81
80.76
80.87
80.87
80.77
80.81
80.8
80.76
80.73
80.72
80.77
80.85
80.7
80.77

80.78
80.75
80.71
80.83
80.84
80.7
80.8
80.87
80.74
80.71
80.78
80.81
80.83
80.75
80.73
80.81
80.89
80.78
80.69
80.65
80.79
80.77
80.75
80.66
80.75
80.8
80.74
80.68
80.76
80.74
80.59
80.68
80.73
80.75
80.7
80.77
80.71
80.8
80.78
80.64
80.7
80.77
80.7
80.66
80.7
80.73
80.7
80.59
80.74
80.7
80.7
80.64
80.69
80.72
80.66
80.62
80.71
80.77
80.71

80.7
80.7
80.74
80.63
80.64
80.71
80.69
80.62
80.71
80.67
80.76
80.74
80.74
80.76
80.7
80.69
80.69
80.78
80.81
80.78
80.58
80.66
80.72
80.66
80.71
80.69
80.7
80.66
80.61
80.6
80.64
80.72
80.65
80.61
80.7
80.71
80.74
80.73
80.7
80.67
80.64
80.62
80.73
80.66
80.66
80.66
80.62
80.56
80.54
80.54
80.69
80.7
80.56
80.66
80.8
80.51
80.58
80.62
80.71

80.75
80.66
80.77
80.7
80.65
80.78
80.74
80.78
80.66
80.77
80.72
80.81
80.75
80.73
80.7
80.74
80.74
80.74
80.74
80.72
80.81
80.64
80.78
80.74
80.7
80.62
80.83
80.81
80.7
80.78
80.71
80.74
80.68
80.79
80.85
80.84
80.76
80.7
80.74
80.74
80.81
80.7
80.65
80.74
80.92
80.81
80.7
80.77
80.8
80.73
80.76
80.77
80.74
80.75
80.78
80.79
80.83
80.86
80.79

80.73
80.72
80.8
80.83
80.82
80.78
80.86
80.88
80.76
80.87
80.83
80.87
80.92
80.82
80.84
80.8
80.85
80.86
80.78
80.76
80.84
80.76
80.87
80.8
80.95
80.89
80.84
80.84
80.99
80.9
80.81
80.9
80.84
80.9
80.87
80.86
80.94
80.88
80.81
80.8
80.83
80.94
80.82
80.73
80.91
80.86
80.86
80.78
80.78
80.88
80.83
80.85
80.78
80.84
80.77
80.78
80.9
80.86
80.86

80.81
80.82
80.86
80.97
80.99
80.98
80.96
81.03
80.91
80.78
80.97
81.05
81.01
80.98
81.14
80.99
81.02
81.06
81.13
80.95
81.03
81.1
81.01
80.98
81
81.01
81.05
80.98
80.99
80.91
81.04
81.05
80.98
80.97
80.96
81.06
81
81.04
81.11
81.06
81.02
81.06
81.06
81.03
81.04
81
81.08
81.1
81.09
81.05
81.11
81.14
81.01
81.1
81.1
81.09
80.98
81.09
80.98

81.01
81.04
81.03
81.02
81.01
81
80.99
81
81.14
81.02
81.03
81.13
81.02
80.9
81.11
81.11
81.03
80.98
81.13
81.16
81.11
81.1
81.09
81.07
81.15
81.06
81.12
81.18
81.05
80.93
81.07
81.06
81.09
81.09
81.02
81.05
81.1
81.07
81.08
81.05
81.09
81.06
81.08
81.18
81.08
81.2
81.1
81.12
81.23
81.18
81.13
81.18
81.16
81.2
81.16
81.19
81.06
81.13
81.22

81.19
81.23
81.14
81.13
81.34
81.22
81.14
81.22
81.16
81.14
81.18
81.22
81.16
81.16
81.19
81.13
81.11
81.14
81.22
81.15
81.22
81.27
81.17
81.18
81.12
81.11
81.19
81.2
81.23
81.19
81.18
81.21
81.2
81.15
81.21
81.12
81.12
81.34
81.21
81.17
81.1
81.14
81.3
81.3
81.18
81.31
81.33
81.3
81.25
81.27
81.31
81.2
81.2
81.42
81.24
81.32
81.35
81.34
81.37

81.31
81.3
81.2
81.21
81.18
81.36
81.24
81.38
81.3
81.3
81.4
81.31
81.22
81.3
81.36
81.34
81.25
81.33
81.45
81.2
81.27
81.25
81.51
81.32
81.19
81.32
81.34
81.32
81.29
81.41
81.29
81.34
81.3
81.3
81.35
81.34
81.32
81.26
81.38
81.4
81.3
81.17
81.34
81.35
81.18
81.36
81.34
81.34
81.36
81.26
81.35
81.39
81.31
81.28
81.36
81.36
81.37
81.34
81.39

81.37
81.19
81.26
81.5
81.41
81.27
81.23
81.51
81.49
81.35
81.32
81.4
81.31
81.36
81.29
81.42
81.38
81.3
81.38
81.3
81.39
81.38
81.36
81.38
81.39
81.36
81.34
81.32
81.4
81.39
81.25
81.33
81.35
81.34
81.34
81.31
81.29
81.3
81.31
81.26
81.35
81.1
81.34
81.21
81.2
81.29
81.2
81.25
81.21
81.13
81.2
81.15
81.26
81.27
81.2
81.21
81.2
81.2
81.22

81.36
81.28
81.2
81.2
81.38
81.24
80.91
81.3
81.22
81.18
81.08
81.19
81.08
81.21
81.17
81.2
81.23
81.24
81.17
81.25
81.23
81.14
81.12
81.2
81.08
81.29
81.19
81.19
81.05
81.18
81.13
81.06
81.15
81.24
81.18
81.3
81.18
81.15
81.22
81.14
81.14
81.26
81.15
81.14
81.18
81.23
81.18
81.02
81.13
81.17
81.17
81.24
81.27
81.25
81.29
81.1
81.22
81.19
81.03

81.1
81.26
81.15
81.18
81.15
81.14
81.2
81.08
81.13
81.15
81.26
81.22
81.13
81.13
81.29
81.17
81.18
81.16
81.2
81.1
81.06
81.23
81.18
81.2
81.18
81.23
81.18
81.14
81.21
81.26
81.25
81.36
81.25
81.11
81.17
81.18
81.24
81.32
81.24
81.22
81.11
81.2
81.25
81.18
81.21
81.22
81.19
81.25
81.14
81.19
81.23
81.26
81.22
81.14
81.22
81.29
81.1
81.22
81.16

81.22
81.1
81.32
81.26
81.27
81.12
81.24
81.16
81.17
81.12
81.3
81.24
81.16
81.12
81.26
81.17
81.19
81.21
81.22
81.22
81.15
81.08
81.23
81.16
81.13
81.22
81.35
81.15
81.1
81.1
81.16
81.1
81.22
81.11
81.2
81.26
81.14
81.17
81.13
81.18
81.13
81.15
81.22
81.21
81.18
81.07
81.18
81.19
81.18
81.14
81.3
81.37
81.09
81.15
81.26
81.18
81.06
81.2
81.3

81.11
81.2
81.27
81.13
81.18
81.02
81.12
81.18
81.16
81.14
81.28
81.16
81.08
81.18
81.11
81.18
81.1
81.06
81.13
81.18
81.1
81.17
81.26
81.08
81.14
81.02
81.14
81.14
81.26
81.06
81.1
81.28
81.13
81.02
81.22
81.26
81.18
81.11
81.12
81.22
81.18
81
81.19
81.29
81.18
81.14
81.18
81.23
81.29
81.36
81.23
81.34
81.1
81.12
81.15
81.14
81.22
81.23
81.1

81.14
81.16
81.15
81.17
81.25
81.18
81.14
81.2
81.18
81.16
81.06
81.16
81.15
81.12
81.06
81.27
81.07
81.06
81.07
81.25
81.13
81.16
81.27
81.1
81.1
81.11
81.22
81.17
81.08
81.21
81.17
81.12
81.14
81.11
81.13
81.08
81.14
81.19
81.14
81.16
81.12
81.16
81.13
81.08
81.17
81.1
81.09
81.14
81.12
81.09
81.05
81.19
81.1
80.98
81.07
81.22
81.14
80.97
81.09

81.09
81.12
81.15
81.17
81.14
81.15
81.14
81.12
81.14
81.26
80.93
81.09
81.11
81.05
81.14
81.14
81.16
81.11
81.16
81.13
81.01
81.16
81.14
81.2
81.02
81.03
81.09
81.08
81.13
81.02
81.04
81.16
81.12
81.18
80.96
81.14
81.22
81.06
81.06
81.07
81.13
81
81.04
81.14
81.14
81.09
80.95
81.02
81.14
81
81.1
81.04
81.14
81.05
81.05
80.99
81.09
81.12
80.96

81.14
81.08
81.03
81.03
81.12
80.95
81.08
81.09
81.02
81.06
81.18
81.14
81.12
81.14
81.2
81.12
81.13
81.05
81.09
81.14
81.14
81.02
81.1
81.12
81.24
81
81.03
81.18
81.18
81.06
81.03
81.2
81.18
81.17
81.12
81.18
81.16
81.11
81.03
81.11
81.11
81.1
81.22
81.22
81.14
81.12
81.22
81.11
81.3
81.13
81.25
81.19
81.27
81.16
81.18
81.21
81.1
81.13
81.09

81.13
81.07
81.24
81.2
81.17
81.14
81.17
81.02
81.22
81.15
81.12
81.22
81.27
81.22
81.14
81.14
81.3
81.14
81.06
81.32
81.26
81.09
81.21
81.18
81.1
81.26
81.06
81.19
81.31
80.97
81.2
81.2
81.26
81.02
81.02
81.24
81.19
81.05
81.24
81.3
81.16
81.17
81.11
81.26
81.23
81.18
81.14
81.23
81.18
81.25
81.11
81.15
81.26
81.17
81.2
81.19
81.21
81.19
81.14

81.17
81.1
81.17
81.13
81.24
81.15
81.07
81.15
81.22
81.19
81.07
81.09
81.22
81.08
81.1
81.18
81.25
81.18
81.09
81.26
81.23
81.06
81.11
81.18
81.25
81.26
81.15
81.15
81.19
81.21
81.3
81.24
81.2
81.14
81.17
81.22
81.18
81.2
81.14
81.19
81.34
81.22
81.12
81.14
81.2
81.16
81.17
81.16
81.22
81.19
81.07
81.16
81.23
81.13
81.16
81.26
81.29
81.24
81.18

81.18
81.2
81.09
81.11
81.19
81.22
81.05
81.17
81.08
81.08
81.12
81.1
81.25
81.24
81.16
81.19
81.23
81.21
81.1
81.11
81.13
81.07
81.06
81.1
81.23
81
81.03
81.33
81
81.1
81.13
81.11
81.16
81.09
81.26
81.13
81.13
81.17
81.1
81.07
81.07
81.09
81.09
81.1
81.09
81.12
81
81.13
81.1
81.18
81.15
81.12
81.22
81.11
81.08
81.18
81.22
81.19
81.18

81.11
81.12
81.1
81.16
81.13
81.06
81.07
81.09
81.11
81.18
81.14
81.14
80.96
81.05
81.17
81.1
81.08
81.16
81.11
81.11
81.17
81.24
81.17
81.17
81.38
81.27
81.09
81.22
81.23
81.22
81.12
81.03
81.23
81.2
81.12
81.16
81.24
81.13
81.16
81.18
81.22
81.23
81.12
81.19
81.2
81.24
81.1
81.19
81.22
81.25
81.3
81.22
81.31
81.23
81.17
81.16
81.2
81.22
81.25

81.11
81.1
81.2
81.1
81.24
81.27
81.34
81.25
81.17
81.17
81.19
81.14
81.19
81.3
81.22
81.16
81.18
81.3
81.28
81.14
81.25
81.34
81.2
81.2
81.24
81.37
81.25
81.09
81.29
81.17
81.23
81.21
81.23
81.22
81.26
81.12
81.35
81.3
81.23
81.18
81.29
81.16
81.14
81.17
81.23
81.26
81.25
81.26
81.31
81.27
81.2
81.16
81.26
81.26
81.34
81.22
81.14
81.29
81.22

81.26
81.28
81.22
81.15
81.22
81.23
81.2
81.13
81.19
81.38
81.27
81.22
81.32
81.24
81.2
81.16
81.17
81.28
81.18
81.23
81.19
81.23
81.18
81.21
81.37
81.31
81.2
81.29
81.19
81.27
81.32
81.26
81.17
81.16
81.29
81.15
81.13
81.18
81.22
81.19
81.16
81.27
81.19
81.24
81.21
81.21
81.22
81.19
81.22
81.21
81.18
81.15
81.18
81.1
81.23
81.23
81.19
81.23
81.22

81.14
81.3
81.25
81.26
81.23
81.06
81.21
81.04
81.09
81.44
81.11
81.24
81.01
81.12
81.3
81
81.12
81.14
81.18
81.15
81.04
81.18
81.07
81.14
81.18
81.15
81.12
81.09
81.1
81.17
81.1
81.19
81.1
81.03
81.17
81.14
81.18
81.14
81.18
81.11
81.18
81.06
81.22
81.14
81.11
81.16
81.22
81.22
81.05
81.21
81.26
81.14
81.15
81.16
81.18
81.11
81.12
81.23
81.15

81.21
81.06
81.14
81.14
81.14
81.13
81.1
81.1
81.15
81.16
81.14
81.18
81.16
81.15
81.08
81.13
81.18
81.08
81.09
81.17
81.09
81.04
81.1
81.11
81.1
81.15
81.06
81.1
81.15
81.15
81.1
81.09
81.11
81.1
81.12
81.25
81.2
81.11
81.1
81.16
81.18
81.02
81.1
81.1
81.22
81.02
81.01
81.32
81.2
81.05
81.03
81.21
81.15
81.02
81.07
81.1
81.09
80.98
81.02

81.06
81.14
81.06
81.1
81.1
81.1
81.15
81.23
81.08
81.05
81.19
81.01
81.1
81.14
81.06
81.17
81.19
81.09
81.1
81.16
81.23
81.16
81.13
81.21
81.18
81.13
81.03
81.13
81.15
81.12
81.18
81.04
81.14
81.1
81.01
81.02
81.06
81.11
80.98
80.95
81.14
81.15
81.05
81.09
81.26
81.12
81.12
81.21
81.14
81.19
81.07
81.14
81.14
81.12
81.1
81.18
81.11
81.1
81.08

81.05
81.18
81.12
81.09
81.12
81.3
81.15
81.08
81.11
81.14
81.15
81.09
81.1
81.12
81.17
81.1
81.14
81.18
81.1
81.17
81.18
81.2
81.28
81.16
81.18
81.13
81.28
81.17
81.16
81.18
81.25
81.19
81.17
81.2
81.24
81.18
81.2
81.27
81.18
81.26
81.25
81.22
81.24
81.22
81.34
81.22
81.26
81.21
81.29
81.27
81.31
81.29
81.24
81.14
81.29
81.33
81.26
81.28
81.3

81.26
81.18
81.25
81.23
81.2
81.19
81.3
81.29
81.05
81.21
81.34
81.37
81.23
81.29
81.31
81.34
81.22
81.28
81.39
81.29
81.33
81.29
81.32
81.4
81.29
81.29
81.34
81.41
81.34
81.26
81.34
81.29
81.35
81.44
81.3
81.4
81.38
81.21
81.3
81.23
81.31
81.36
81.3
81.46
81.34
81.32
81.39
81.5
81.38
81.27
81.33
81.48
81.35
81.3
81.34
81.34
81.45
81.38
81.35

81.37
81.41
81.45
81.38
81.42
81.47
81.38
81.37
81.42
81.38
81.37
81.39
81.41
81.39
81.41
81.5
81.52
81.42
81.47
81.39
81.33
81.59
81.32
81.37
81.51
81.47
81.68
81.39
81.42
81.54
81.48
81.51
81.46
81.5
81.3
81.38
81.46
81.51
81.34
81.34
81.59
81.44
81.49
81.46
81.48
81.47
81.47
81.43
81.51
81.48
81.31
81.46
81.43
81.51
81.53
81.41
81.47
81.4
81.51

81.46
81.54
81.55
81.63
81.55
81.52
81.59
81.55
81.5
81.47
81.73
81.64
81.42
81.55
81.47
81.61
81.47
81.65
81.6
81.58
81.44
81.5
81.58
81.57
81.5
81.52
81.54
81.55
81.64
81.54
81.56
81.54
81.47
81.69
81.53
81.67
81.59
81.57
81.55
81.63
81.55
81.46
81.52
81.68
81.59
81.56
81.54
81.55
81.66
81.64
81.55
81.75
81.71
81.48
81.69
81.8
81.6
81.75
81.57

81.68
81.55
81.63
81.62
81.57
81.55
81.59
81.58
81.64
81.67
81.63
81.6
81.61
81.71
81.75
81.6
81.64
81.71
81.62
81.58
81.53
81.76
81.6
81.54
81.72
81.63
81.6
81.57
81.67
81.75
81.64
81.66
81.66
81.75
81.59
81.6
81.74
81.69
81.67
81.59
81.63
81.74
81.65
81.63
81.63
81.71
81.68
81.67
81.67
81.71
81.76
81.7
81.63
81.63
81.71
81.71
81.56
81.73
81.73

81.7
81.71
81.67
81.68
81.6
81.72
81.71
81.55
81.63
81.63
81.69
81.68
81.68
81.7
81.68
81.79
81.63
81.67
81.63
81.66
81.72
81.67
81.69
81.79
81.63
81.61
81.65
81.68
81.62
81.47
81.67
81.59
81.48
81.64
81.62
81.71
81.67
81.67
81.63
81.76
81.68
81.59
81.64
81.7
81.63
81.67
81.74
81.71
81.76
81.71
81.69
81.77
81.8
81.68
81.71
81.79
81.83
81.79
81.72

81.86
81.59
81.61
81.88
81.67
81.67
81.71
81.92
81.92
81.72
81.6
81.76
81.79
81.6
81.6
81.79
81.87
81.69
81.79
81.74
81.73
81.71
81.68
81.72
81.69
81.75
81.64
81.71
81.8
81.76
81.76
81.64
81.7
81.88
81.64
81.75
81.77
81.75
81.73
81.81
81.79
81.71
81.59
81.75
81.89
81.68
81.71
81.72
81.83
81.8
81.76
81.72
81.83
81.71
81.78
81.82
81.64
81.83
81.86

81.86
81.75
81.83
81.81
81.79
81.93
81.8
81.91
81.83
81.91
81.79
81.75
81.81
81.91
81.87
81.75
81.81
81.82
81.74
81.72
81.83
81.89
81.75
81.67
81.9
81.75
81.73
81.75
81.95
81.82
81.62
81.75
81.78
81.88
81.75
81.84
81.84
81.83
81.71
81.73
81.82
81.99
81.84
81.82
81.85
81.84
81.83
81.8
81.79
81.81
81.73
81.78
81.75
81.75
81.74
81.67
81.8
81.83
81.73

81.83
81.91
81.77
81.84
81.88
81.91
81.74
81.79
81.94
81.83
81.73
81.83
81.83
81.78
81.82
81.77
81.81
82.04
81.83
81.81
81.83
81.9
81.8
81.85
81.83
81.87
81.98
81.83
81.95
81.95
81.95
81.83
81.7
81.9
81.87
81.79
81.85
81.93
81.87
81.86
81.85
81.83
81.79
81.87
81.83
81.85
81.87
81.87
81.75
81.87
81.8
81.84
81.72
81.91
81.77
81.83
81.78
81.84
81.87

81.9
81.77
81.87
81.81
81.79
81.84
81.8
81.79
81.75
81.83
81.87
81.7
81.75
81.77
81.91
81.78
81.83
81.74
81.79
81.77
81.7
81.72
81.84
81.74
81.72
81.71
81.8
81.63
81.68
81.73
81.71
81.72
81.7
81.63
81.71
81.65
81.68
81.84
81.8
81.69
81.67
81.73
81.79
81.69
81.71
81.68
81.59
81.71
81.77
81.62
81.68
81.79
81.7
81.6
81.61
81.71
81.63
81.55
81.68

81.64
81.46
81.67
81.68
81.57
81.66
81.78
81.74
81.59
81.58
81.49
81.62
81.58
81.61
81.55
81.71
81.59
81.59
81.67
81.72
81.59
81.7
81.67
81.67
81.63
81.6
81.56
81.59
81.47
81.57
81.55
81.53
81.61
81.57
81.47
81.66
81.45
81.62
81.55
81.49
81.51
81.61
81.6
81.62
81.59
81.55
81.55
81.52
81.49
81.46
81.5
81.51
81.63
81.54
81.58
81.59
81.64
81.62
81.52

81.67
81.52
81.37
81.42
81.57
81.46
81.34
81.49
81.53
81.51
81.39
81.39
81.54
81.23
81.47
81.59
81.38
81.39
81.34
81.38
81.44
81.47
81.46
81.39
81.42
81.44
81.34
81.38
81.35
81.47
81.4
81.3
81.26
81.49
81.42
81.34
81.38
81.51
81.36
81.25
81.32
81.4
81.59
81.33
81.33
81.47
81.26
81.41
81.45
81.38
81.36
81.22
81.25
81.19
81.24
81.23
81.3
81.21
81.27

81.17
81.2
81.26
81.22
81.18
81.06
81.33
81.14
81.15
81.2
81.26
81.47
81.06
81.13
81.18
81.15
81.07
81.24
81.26
81.19
81.15
81.17
81.31
81.26
81.07
81.12
81.22
81.21
81.03
81.1
81.14
81.14
81.15
81.21
81.2
81.1
81.04
80.98
81.02
81.08
80.94
80.99
80.98
81.06
81.06
81.02
81.16
81.12
80.89
81.03
81.07
81.12
80.96
81.04
81.13
81.02
81
80.88
80.97

80.92
81.02
80.96
80.98
80.97
80.96
80.86
80.86
81.03
80.71
80.96
80.97
80.87
80.92
80.93
80.93
80.92
80.89
80.85
80.91
81.02
80.89
80.83
80.94
80.89
80.89
80.93
80.88
80.85
81.02
80.92
80.86
80.86
80.86
80.85
80.7
80.89
80.8
80.82
80.85
80.83
80.96
80.68
80.77
80.71
80.84
80.68
80.65
80.85
80.85
80.7
80.79
80.85
80.82
80.7
80.86
80.9
80.61
80.81

80.77
80.9
80.7
80.73
80.81
80.8
80.82
80.71
80.78
80.74
80.64
80.58
80.75
80.74
80.66
80.6
80.58
80.53
80.52
80.55
80.7
80.59
80.67
80.62
80.8
80.58
80.55
80.66
80.59
80.55
80.53
80.65
80.66
80.56
80.59
80.62
80.61
80.62
80.64
80.51
80.46
80.62
80.8
80.58
80.57
80.56
80.64
80.52
80.61
80.7
80.66
80.65
80.53
80.66
80.63
80.5
80.5
80.46
80.5

80.44
80.58
80.66
80.49
80.57
80.55
80.62
80.45
80.32
80.36
80.41
80.46
80.42
80.4
80.5
80.42
80.42
80.55
80.5
80.42
80.5
80.32
80.54
80.42
80.44
80.44
80.46
80.41
80.41
80.39
80.43
80.48
80.41
80.3
80.41
80.35
80.53
80.37
80.42
80.49
80.41
80.34
80.3
80.48
80.39
80.42
80.41
80.55
80.35
80.39
80.41
80.39
80.37
80.37
80.4
80.42
80.27
79.7
80.59

80.31
80.31
80.33
80.5
80.41
80.15
80.35
80.46
80.28
80.35
80.34
80.36
80.43
80.17
80.47
80.39
80.33
80.3
80.29
80.29
80.28
80.25
80.31
80.27
80.21
80.25
80.21
80.18
80.24
80.21
80.13
80.09
80.37
80.15
80.15
80.27
80.31
80.15
80.14
80.19
80.31
80.13
80.19
80.21
80.25
80.13
80.18
80.17
80.24
80.24
80.11
80.22
80.38
80.02
80.15
80.21
80.2
80.14
80.19

80.17
80.26
80.22
80.18
80.13
80.16
80.19
80.1
80.23
80.26
80.17
80.14
80.06
80.13
80.09
80.11
80.21
80.23
80.12
80.05
80.24
80.13
80.05
80.05
80.14
80.1
80.09
80.03
80.15
80.29
79.97
80.09
80.21
80.17
80.17
80.08
80.25
80.23
80.17
80.01
80.12
80.13
80.12
80.09
80.12
80.15
80.05
79.99
80.07
80.14
80.03
80.13
80.14
80.12
80.17
80.15
80.09
80.05
80.04

80.12
80.12
80.14
80.1
80.09
80.17
80.24
80.15
80.11
80.22
80.13
80.19
80.09
80.21
80.26
80.05
80.03
80.31
80.17
80.21
80.09
80.22
80.26
80
80.18
80.21
80.18
80.11
80.19
80.27
80.21
80.14
80.18
80.19
80.17
80.27
80.21
80.25
80.21
80.25
80.2
80.17
80.26
80.13
80.1
80.2
80.11
80.06
80.18
80.2
80.17
80.12
80.29
80.25
80.25
80.07
80.14
80.21
80.15

80.26
80.05
80.14
80.13
80.08
80.08
80.07
80.13
80.09
80.05
80.19
80.06
80.14
79.97
80.12
80.35
80.02
80.08
80.21
80.24
80.21
80.09
80.21
80.17
80.09
80.15
80.17
80.21
80.15
80.24
80.25
80.2
80.21
80.17
80.26
80.17
80.13
80.13
80.17
80.17
80.1
80.12
80.31
80.17
80.09
80.11
80.18
80.13
80.11
80.09
80.16
80.17
80.06
80.03
80.21
79.98
80.1
80.13
80.08

80.06
80.04
80.07
79.99
80.21
80.07
80.12
80.09
80.06
80.09
80.01
80.07
80.17
80.1
80.03
80.12
80.06
80.01
80.09
80.09
80.06
80.06
80.09
80.09
80.01
80.09
79.98
80.05
80.08
80.02
80.07
80.14
80.03
79.99
80.06
80.28
80.06
80
80.13
80.11
79.99
79.93
80.09
80.09
79.92
80.04
80
80.05
80.11
79.94
80.23
80.16
80.02
80.08
80.05
80.1
80.03
80.05
80.09

80.05
79.96
80.02
80.05
79.96
80.02
79.88
79.98
80.09
80.01
80.01
80.1
80.05
79.98
80.03
80.13
80.06
80
79.97
80.06
80.01
79.97
79.93
80.05
80.09
80.01
79.97
79.93
80.11
80.01
79.98
80.1
80.12
79.8
79.98
79.97
80.06
79.93
79.92
79.96
80.05
79.97
80.09
80.09
80.04
79.92
80.05
80.02
80.01
80.01
79.97
80.05
79.93
80.09
79.9
79.98
80.07
80.03
79.97

79.98
80
80.05
79.99
80.09
80.05
79.97
79.96
80.01
80.13
79.95
79.88
79.99
80
79.97
79.87
79.95
79.99
80.03
79.94
79.99
79.98
79.94
79.9
79.94
79.96
80.03
79.89
80.01
79.99
79.89
79.93
80.03
79.97
80.03
79.94
79.95
79.92
79.97
79.97
80.07
79.93
79.92
79.91
79.95
80.01
79.95
79.86
79.92
79.86
79.93
79.85
79.91
79.93
79.89
79.82
79.75
79.98
79.87

79.89
79.97
79.88
79.89
79.91
79.93
79.9
79.83
79.97
80.01
79.93
79.89
79.96
80.05
79.94
79.93
79.94
79.95
79.88
79.85
79.81
79.86
79.97
79.88
79.93
79.93
79.87
79.83
79.89
79.89
79.95
79.88
79.78
80.04
79.93
79.73
79.88
79.93
79.87
79.8
79.88
79.91
79.89
79.79
79.97
79.96
79.93
79.81
79.97
79.92
79.83
79.79
79.86
79.89
79.8
79.85
79.93
79.79
79.87

79.79
79.85
80.03
79.97
79.82
79.83
79.97
79.86
79.87
79.82
79.89
79.89
79.87
79.87
79.84
79.73
79.83
79.88
79.89
79.82
79.77
79.93
79.9
79.87
79.84
79.82
79.89
79.78
79.87
79.79
79.8
79.78
79.81
79.77
79.73
79.87
79.83
79.79
79.85
79.91
79.81
79.59
79.96
79.85
79.76
79.59
79.83
79.64
79.75
79.67
79.76
79.8
79.73
79.72
79.89
79.81
79.69
79.71
79.85

79.81
79.69
79.78
79.75
79.76
79.73
79.74
79.79
79.7
79.69
79.62
79.69
79.75
79.72
79.65
79.67
79.69
79.63
79.69
79.66
79.71
79.71
79.76
79.69
79.76
79.77
79.69
79.75
79.63
79.68
79.75
79.64
79.78
79.71
79.81
79.72
79.76
79.72
79.65
79.69
79.79
79.84
79.77
79.8
79.74
79.72
79.69
79.59
79.81
79.81
79.6
79.71
79.73
79.77
79.68
79.65
79.8
79.7
79.69

79.72
79.78
79.67
79.73
79.73
79.71
79.67
79.69
79.81
79.71
79.69
79.69
79.76
79.73
79.78
79.8
79.81
79.74
79.67
79.62
79.85
79.81
79.65
79.61
79.88
79.74
79.72
79.73
79.73
79.69
79.7
79.71
79.76
79.68
79.65
79.68
79.69
79.65
79.71
79.62
79.57
79.64
79.77
79.71
79.73
79.77
79.65
79.66
79.54
79.69
79.67
79.67
79.75
79.7
79.64
79.6
79.7
79.82
79.66

79.65
79.67
79.7
79.61
79.74
79.74
79.63
79.61
79.65
79.69
79.68
79.53
79.65
79.73
79.65
79.64
79.69
79.71
79.73
79.72
79.68
79.73
79.81
79.58
79.58
79.73
79.71
79.61
79.7
79.73
79.73
79.61
79.77
79.88
79.65
79.7
79.66
79.79
79.69
79.67
79.73
79.73
79.76
79.54
79.65
79.81
79.64
79.67
79.76
79.81
79.79
79.77
79.73
79.81
79.79
79.83
79.79
79.72
79.77

79.75
79.78
79.81
79.75
79.77
79.83
79.82
79.76
79.62
79.81
79.81
79.69
79.77
79.82
79.91
79.71
79.71
79.85
79.76
79.81
79.81
79.87
79.84
79.71
79.72
79.84
79.87
79.92
79.84
79.86
79.85
79.93
79.88
79.78
79.81
79.84
79.87
79.85
79.87
79.94
79.85
79.85
80.05
79.97
79.95
79.97
79.89
79.81
79.85
79.89
79.84
79.89
79.89
79.85
79.71
79.97
79.95
80.07
79.93

79.97
79.94
80.01
79.88
79.93
79.92
79.94
79.97
79.97
79.97
79.88
79.97
80.05
79.81
79.9
80.01
79.94
79.91
79.92
80.09
79.93
79.92
80
80.02
80.1
79.94
79.97
80.09
80.01
79.93
79.93
80.05
79.94
80.05
80.16
80.03
80.03
79.92
80
80.14
80.05
80.04
80.06
80.09
80
79.99
80.09
80.06
80.09
80.07
80.02
80.05
80.06
80
80.01
80
80.12
80.05
80.03

80.13
80.06
80.09
80.27
80.17
80.09
80.12
80.17
80.09
80.07
80.13
80.18
80.13
80.09
80.21
80.14
80.14
80.13
80.14
80.25
80.19
80.27
80.19
80.13
80.23
80.13
80.13
79.96
80.18
80.11
80.07
80.17
80.21
80.21
80.12
80.25
80.28
80.09
80.09
80.22
80.21
80.17
80.15
80.21
80.14
80.18
80.15
80.13
80.17
80.33
80.27
80.2
80.21
80.3
80.22
80.19
80.16
80.25
80.21

80.32
80.27
80.24
80.13
80.16
80.2
80.19
80.2
80.29
80.33
80.25
80.2
80.31
80.29
80.26
80.21
80.21
80.3
80.12
80.19
80.18
80.23
80.25
80.21
80.26
80.21
80.27
80.26
80.25
80.22
80.36
80.25
80.28
80.32
80.27
80.21
80.28
80.33
80.24
80.21
80.3
80.27
80.27
80.29
80.21
80.36
80.29
80.25
80.24
80.25
80.25
80.26
80.29
80.21
80.36
80.33
80.29
80.34
80.41

80.22
80.29
80.41
80.31
80.21
80.37
80.35
80.24
80.32
80.34
80.39
80.26
80.25
80.35
80.41
80.37
80.37
80.43
80.48
80.41
80.41
80.5
80.46
80.46
80.54
80.47
80.42
80.48
80.5
80.41
80.33
80.42
80.39
80.37
80.4
80.35
80.37
80.42
80.38
80.46
80.43
80.41
80.38
80.5
80.39
80.4
80.36
80.35
80.37
80.22
80.43
80.37
80.37
80.21
80.33
80.54
80.44
80.33
80.43

80.46
80.35
80.41
80.5
80.48
80.48
80.39
80.44
80.6
80.41
80.36
80.37
80.48
80.42
80.31
80.33
80.43
80.39
80.37
80.35
80.4
80.39
80.46
80.52
80.48
80.43
80.35
80.49
80.5
80.46
80.42
80.4
80.66
80.64
80.45
80.41
80.46
80.5
80.52
80.47
80.58
80.4
80.44
80.41
80.5
80.49
80.34
80.41
80.62
80.44
80.5
80.53
80.41
80.48
80.52
80.46
80.42
80.33
80.54

80.45
80.41
80.56
80.45
80.41
80.47
80.54
80.45
80.41
80.54
80.54
80.43
80.49
80.52
80.37
80.41
80.37
80.46
80.48
80.41
80.5
80.48
80.52
80.46
80.46
80.46
80.61
80.53
80.51
80.49
80.5
80.54
80.46
80.45
80.52
80.48
80.47
80.52
80.58
80.43
80.4
80.51
80.57
80.47
80.53
80.55
80.54
80.5
80.54
80.5
80.42
80.5
80.52
80.5
80.55
80.52
80.41
80.4
80.47

80.62
80.56
80.53
80.62
80.62
80.49
80.51
80.64
80.53
80.48
80.51
80.48
80.62
80.5
80.49
80.6
80.58
80.47
80.54
80.62
80.58
80.55
80.58
80.48
80.62
80.58
80.57
80.59
80.64
80.59
80.62
80.63
80.58
80.66
80.59
80.6
80.71
80.6
80.6
80.63
80.77
80.75
80.62
80.67
80.62
80.5
80.58
80.6
80.67
80.59
80.51
80.55
80.51
80.56
80.53
80.52
80.53
80.51
80.47

80.48
80.68
80.56
80.56
80.43
80.56
80.44
80.46
80.49
80.58
80.7
80.41
80.49
80.64
80.52
80.42
80.43
80.44
80.48
80.53
80.47
80.5
80.52
80.37
80.49
80.54
80.46
80.39
80.41
80.37
80.45
80.31
80.56
80.53
80.58
80.45
80.45
80.52
80.55
80.5
80.55
80.44
80.55
80.48
80.56
80.49
80.39
80.57
80.53
80.52
80.5
80.44
80.49
80.4
80.48
80.55
80.41
80.46
80.54

80.41
80.43
80.58
80.62
80.54
80.53
80.59
80.51
80.46
80.56
80.54
80.56
80.44
80.5
80.54
80.51
80.5
80.48
80.43
80.49
80.66
80.51
80.44
80.5
80.53
80.41
80.41
80.46
80.5
80.44
80.53
80.62
80.51
80.44
80.46
80.57
80.49
80.41
80.37
80.5
80.52
80.48
80.42
80.48
80.5
80.46
80.54
80.42
80.49
80.51
80.38
80.46
80.46
80.47
80.45
80.41
80.49
80.48
80.44

80.48
80.42
80.38
80.44
80.51
80.34
80.3
80.36
80.5
80.51
80.5
80.5
80.5
80.33
80.44
80.4
80.39
80.42
80.4
80.41
80.45
80.42
80.45
80.34
80.53
80.55
80.37
80.41
80.54
80.59
80.39
80.46
80.57
80.54
80.48
80.41
80.46
80.48
80.36
80.35
80.44
80.45
80.37
80.34
80.47
80.48
80.39
80.35
80.35
80.46
80.39
80.34
80.41
80.33
80.33
80.24
80.41
80.41
80.31

80.35
80.54
80.41
80.35
80.42
80.41
80.35
80.35
80.39
80.37
80.38
80.38
80.37
80.42
80.33
80.37
80.38
80.32
80.38
80.4
80.34
80.44
80.36
80.42
80.4
80.29
80.43
80.43
80.31
80.32
80.35
80.38
80.3
80.33
80.41
80.36
80.29
80.45
80.52
80.39
80.27
80.39
80.41
80.41
80.33
80.39
80.43
80.46
80.41
80.38
80.39
80.4
80.37
80.36
80.32
80.33
80.41
80.36
80.38

80.41
80.39
80.41
80.48
80.49
80.31
80.32
80.48
80.34
80.29
80.33
80.4
80.44
80.34
80.41
80.41
80.35
80.34
80.29
80.38
80.37
80.35
80.47
80.46
80.43
80.43
80.39
80.41
80.32
80.38
80.32
80.35
80.42
80.4
80.32
80.35
80.44
80.41
80.39
80.39
80.41
80.36
80.36
80.46
80.43
80.44
80.33
80.35
80.47
80.4
80.42
80.46
80.44
80.43
80.37
80.46
80.5
80.54
80.45

80.46
80.38
80.44
80.44
80.4
80.43
80.46
80.51
80.45
80.49
80.47
80.4
80.46
80.6
80.49
80.49
80.41
80.45
80.5
80.41
80.46
80.62
80.52
80.38
80.44
80.58
80.6
80.52
80.5
80.5
80.5
80.47
80.48
80.51
80.54
80.52
80.57
80.63
80.62
80.62
80.61
80.46
80.66
80.6
80.59
80.56
80.6
80.7
80.58
80.67
80.73
80.63
80.58
80.6
80.58
80.53
80.49
80.62
80.58

80.54
80.62
80.63
80.59
80.51
80.65
80.58
80.55
80.58
80.6
80.51
80.58
80.58
80.54
80.56
80.6
80.6
80.53
80.63
80.63
80.69
80.65
80.7
80.63
80.68
80.59
80.62
80.62
80.63
80.63
80.66
80.63
80.58
80.58
80.58
80.7
80.71
80.67
80.49
80.58
80.57
80.61
80.58
80.62
80.74
80.64
80.6
80.59
80.83
80.66
80.54
80.72
80.74
80.58
80.7
80.73
80.66
80.65
80.68

80.7
80.66
80.68
80.62
80.77
80.73
80.62
80.7
80.64
80.7
80.64
80.68
80.68
80.63
80.68
80.62
80.72
80.69
80.66
80.59
80.69
80.75
80.66
80.67
80.66
80.77
80.7
80.69
80.82
80.8
80.67
80.76
80.79
80.77
80.75
80.71
80.71
80.69
80.7
80.74
80.64
80.72
80.82
80.74
80.7
80.76
80.83
80.8
80.69
80.71
80.74
80.7
80.74
80.78
80.78
80.86
80.75
80.83
80.82

80.69
80.85
80.78
80.75
80.72
80.89
80.86
80.65
80.77
80.74
80.76
80.74
80.74
80.79
80.64
80.81
80.67
80.66
80.76
80.76
80.77
80.72
80.74
80.75
80.7
80.78
80.73
80.7
80.68
80.75
80.85
80.63
80.7
80.71
80.79
80.75
80.69
80.77
80.77
80.7
80.66
80.71
80.74
80.81
80.82
80.73
80.78
80.78
80.7
80.67
80.77
80.87
80.71
80.73
80.85
80.74
80.7
80.66
80.72

80.7
80.65
80.73
80.84
80.64
80.69
80.78
80.71
80.83
80.83
80.74
80.78
80.84
80.77
80.72
80.78
80.82
80.75
80.72
80.76
80.74
80.66
80.64
80.76
80.77
80.65
80.63
80.7
80.72
80.74
80.67
80.65
80.78
80.66
80.7
80.77
80.74
80.71
80.74
80.87
80.92
80.78
80.74
80.71
80.82
80.74
80.78
80.8
80.87
80.68
80.67
80.73
80.8
80.76
80.71
80.8
80.73
80.72
80.7

80.74
80.72
80.87
80.83
80.78
80.77
80.68
80.77
80.8
80.7
80.77
80.72
80.76
80.67
80.69
80.78
80.84
80.8
80.72
80.77
80.76
80.75
80.86
80.66
80.7
80.71
80.78
80.74
80.78
80.74
80.76
80.78
80.76
80.79
80.79
80.71
80.74
80.78
80.81
80.68
80.67
80.85
80.74
80.77
80.77
80.79
80.93
80.92
80.74
80.79
80.83
80.8
80.7
80.7
80.69
80.65
80.69
80.86
80.91

