91.32
91.32
91.33
91.33
91.33
91.33
91.33
91.34
91.34
91.35
91.36
91.36
91.37
91.37
91.38
91.38
91.38
91.38
91.38
91.38
91.39
91.39
91.4
91.4
91.4
91.41
91.4
91.4
91.41
91.41
91.41
91.41
91.41
91.4
91.4
91.39
91.39
91.4
91.4
91.39
91.39
91.39
91.39
91.39
91.39
91.39
91.4
91.41
91.41
91.42
91.43
91.43
91.44
91.44
91.45
91.45
91.45
91.45
91.45
91.45
91.45
91.45
91.45
91.46
91.46
91.47
91.47
91.47
91.47
91.46
91.46
91.46
91.46
91.46
91.46
91.46
91.46
91.47
91.47
91.47
91.48
91.48
91.48
91.5
91.48
91.48
91.48
91.47
91.47
91.47
91.47
91.48
91.48
91.5
91.5
91.5
91.5
91.5
91.51
91.5
91.5
91.5
91.5
91.5
91.5
91.5
91.5
91.5
91.51
91.51
91.51
91.51
91.51
91.51
91.51
91.51
91.5
91.5
91.5
91.47
91.47
91.46
91.46
91.45
91.44
91.44
91.44
91.45
91.45
91.45
91.45
91.45
91.45
91.45
91.45
91.46
91.46
91.47
91.47
91.47
91.47
91.48
91.47
91.47
91.47
91.46
91.47
91.47
91.47
91.47
91.47
91.47
91.46
91.45
91.45
91.44
91.44
91.44
91.43
91.42
91.42
91.42
91.42
91.42
91.42
91.42
91.42
91.42
91.42
91.42
91.42
91.41
91.41
91.4
91.4
91.4
91.4
91.4
91.4
91.4
91.4
91.39
91.39
91.39
91.39
91.39
91.38
91.39
91.39
91.39
91.4
91.4
91.4
91.4
91.41
91.4
91.4
91.4
91.4
91.41
91.41
91.41
91.41
91.41
91.41
91.4
91.39
91.38
91.38
91.38
91.37
91.37
91.36
91.36
91.36
91.36
91.36
91.37
91.37
91.37
91.37
91.38
91.38
91.38
91.38
91.39
91.39
91.39
91.39
91.39
91.39
91.39
91.39
91.39
91.39
91.39
91.39
91.38
91.38
91.38
91.38
91.37
91.37
91.37
91.37
91.38
91.38
91.38
91.38
91.38
91.38
91.38
91.38
91.38
91.39
91.39
91.39
91.38
91.38
91.37
91.37
91.36
91.36
91.37
91.35
91.35
91.34
91.33
91.32
91.32
91.32
91.31
91.31
91.31
91.3
91.3
91.3
91.3
91.3
91.3
91.3
91.3
91.3
91.29
91.28
91.28
91.27
91.26
91.26
91.26
91.25
91.25
91.24
91.24
91.24
91.22
91.22
91.21
91.21
91.2
91.2
91.2
91.2
91.2
91.2
91.21
91.2
91.2
91.2
91.2
91.19
91.19
91.19
91.19
91.19
91.19
91.19
91.19
91.19
91.19
91.19
91.19
91.18
91.18
91.17
91.17
91.17
91.16
91.15
91.15
91.15
91.15
91.15
91.14
91.15
91.14
91.15
91.14
91.14
91.13
91.12
91.12
91.11
91.11
91.1
91.1
91.1
91.1
91.09
91.08
91.08
91.08
91.06
91.05
91.05
91.05
91.05
91.05
91.06
91.06
91.05
91.05
91.05
91.05
91.05
91.04
91.04
91.03
91.02
91.02
91.01
91.01
91.01
91
91
91
91
91
90.99
90.99
90.98
90.98
90.98
90.96
90.96
90.95
90.94
90.94
90.94
90.93
90.93
90.92
90.93
90.93
90.92
90.93
90.92
90.92
90.92
90.91
90.9
90.9
90.91
90.9
90.9
90.89
90.89
90.88
90.88
90.88
90.88
90.88
90.87
90.87
90.87
90.86
90.86
90.86
90.86
90.87
90.86
90.86
90.85
90.85
90.85
90.85
90.84
90.83
90.82
90.81
90.8
90.8
90.79
90.78
90.78
90.78
90.77
90.77
90.77
90.77
90.77
90.77
90.76
90.75
90.75
90.75
90.75
90.76
90.76
90.76
90.75
90.75
90.75
90.75
90.75
90.75
90.74
90.73
90.73
90.73
90.73
90.73
90.73
90.73
90.73
90.72
90.7
90.69
90.68
90.68
90.68
90.67
90.67
90.68
90.67
90.67
90.66
90.66
90.65
90.65
90.65
90.65
90.66
90.67
90.66
90.66
90.66
90.66
90.65
90.65
90.64
90.64
90.64
90.64
90.64
90.64
90.64
90.65
90.65
90.65
90.65
90.64
90.64
90.63
90.63
90.63
90.62
90.62
90.62
90.62
90.61
90.6
90.6
90.59
90.59
90.59
90.58
90.58
90.58
90.58
90.58
90.58
90.57
90.57
90.58
90.58
90.58
90.58
90.58
90.58
90.59
90.59
90.59
90.59
90.59
90.6
90.6
90.6
90.6
90.6
90.61
90.61
90.61
90.61
90.62
90.62
90.62
90.64
90.64
90.64
90.64
90.64
90.63
90.63
90.62
90.61
90.61
90.61
90.61
90.61
90.62
90.62
90.62
90.64
90.64
90.64
90.64
90.63
90.63
90.62
90.62
90.63
90.63
90.63
90.62
90.62
90.62
90.62
90.63
90.64
90.65
90.65
90.65
90.65
90.65
90.65
90.65
90.64
90.64
90.64
90.64
90.64
90.64
90.64
90.64
90.64
90.63
90.62
90.61
90.6
90.6
90.59
90.58
90.58
90.58
90.58
90.58
90.58
90.58
90.58
90.58
90.58
90.58
90.57
90.57
90.57
90.56
90.55
90.55
90.54
90.54
90.54
90.54
90.54
90.55
90.55
90.55
90.55
90.55
90.55
90.55
90.55
90.55
90.56
90.56
90.56
90.56
90.56
90.57
90.56
90.57
90.56
90.56
90.57
90.57
90.56
90.55
90.55
90.54
90.53
90.53
90.53
90.52
90.52
90.52
90.52
90.52
90.52
90.52
90.52
90.51
90.5
90.49
90.49
90.49
90.49
90.49
90.49
90.49
90.49
90.49
90.49
90.49
90.49
90.49
90.5
90.51
90.51
90.51
90.51
90.51
90.52
90.52
90.52
90.52
90.53
90.53
90.53
90.53
90.53
90.53
90.53
90.53
90.54
90.55
90.55
90.56
90.56
90.56
90.56
90.55
90.55
90.55
90.55
90.54
90.55
90.55
90.55
90.56
90.56
90.56
90.55
90.55
90.55
90.55
90.56
90.56
90.56
90.57
90.58
90.59
90.59
90.6
90.6
90.6
90.6
90.6
90.6
90.6
90.6
90.6
90.61
90.61
90.61
90.61
90.61
90.61
90.61
90.61
90.62
90.62
90.63
90.63
90.64
90.65
90.64
90.64
90.64
90.63
90.64
90.64
90.64
90.64
90.64
90.64
90.65
90.65
90.67
90.68
90.67
90.67
90.68
90.69
90.7
90.72
90.73
90.74
90.75
90.74
90.73
90.73
90.72
90.72
90.72
90.72
90.72
90.7
90.69
90.69
90.69
90.68
90.68
90.68
90.68
90.68
90.68
90.67
90.68
90.67
90.67
90.66
90.66
90.65
90.65
90.64
90.65
90.65
90.64
90.64
90.64
90.64
90.64
90.62
90.62
90.62
90.61
90.62
90.62
90.62
90.62
90.62
90.61
90.62
90.61
90.61
90.61
90.61
90.6
90.61
90.6
90.6
90.59
90.59
90.59
90.59
90.59
90.59
90.6
90.6
90.6
90.61
90.6
90.6
90.6
90.59
90.59
90.58
90.57
90.57
90.57
90.57
90.56
90.57
90.57
90.57
90.56
90.57
90.58
90.58
90.58
90.58
90.58
90.58
90.58
90.57
90.56
90.56
90.56
90.56
90.55
90.55
90.54
90.53
90.53
90.53
90.53
90.53
90.53
90.54
90.54
90.56
90.57
90.57
90.59
90.59
90.6
90.6
90.61
90.61
90.61
90.61
90.61
90.61
90.61
90.61
90.62
90.61
90.62
90.62
90.61
90.61
90.61
90.62
90.62
90.62
90.62
90.63
90.63
90.64
90.64
90.64
90.64
90.64
90.64
90.64
90.64
90.65
90.64
90.65
90.65
90.65
90.65
90.66
90.66
90.66
90.66
90.66
90.67
90.66
90.66
90.66
90.66
90.66
90.66
90.66
90.67
90.67
90.68
90.69
90.69
90.69
90.69
90.69
90.69
90.69
90.68
90.68
90.68
90.67
90.66
90.66
90.66
90.66
90.66
90.67
90.68
90.68
90.68
90.68
90.67
90.68
90.68
90.68
90.68
90.68
90.68
90.68
90.68
90.68
90.68
90.67
90.67
90.67
90.66
90.66
90.66
90.66
90.66
90.65
90.64
90.65
90.65
90.65
90.65
90.65
90.66
90.66
90.66
90.66
90.67
90.66
90.66
90.66
90.66
90.66
90.66
90.65
90.65
90.65
90.65
90.65
90.65
90.65
90.65
90.66
90.66
90.66
90.66
90.66
90.66
90.65
90.65
90.66
90.66
90.67
90.66
90.67
90.66
90.66
90.66
90.66
90.66
90.66
90.66
90.67
90.66
90.66
90.66
90.66
90.67
90.66
90.66
90.66
90.67
90.67
90.67
90.68
90.67
90.66
90.67
90.66
90.66
90.66
90.67
90.67
90.68
90.68
90.68
90.68
90.67
90.66
90.66
90.66
90.67
90.68
90.68
90.68
90.68
90.69
90.69
90.68
90.69
90.69
90.68
90.68
90.68
90.69
90.69
90.69
90.69
90.69
90.69
90.69
90.7
90.7
90.72
90.72
90.73
90.73
90.74
90.75
90.76
90.76
90.76
90.77
90.77
90.77
90.77
90.77
90.77
90.78
90.79
90.79
90.8
90.81
90.81
90.81
90.81
90.81
90.82
90.82
90.83
90.85
90.85
90.85
90.86
90.86
90.86
90.87
90.88
90.88
90.88
90.89
90.89
90.89
90.9
90.9
90.9
90.9
90.9
90.91
90.91
90.92
90.92
90.92
90.93
90.93
90.94
90.95
90.94
90.95
90.95
90.95
90.95
90.95
90.96
90.96
90.98
90.99
90.99
90.99
90.99
90.99
90.99
91
90.99
90.99
91
91
91
91
91.01
91.01
91.02
91.03
91.03
91.04
91.04
91.04
91.04
91.03
91.03
91.02
91.02
91.02
91.02
91.01
91.01
91.02
91.02
91.02
91.03
91.03
91.04
91.04
91.04
91.05
91.05
91.06
91.06
91.07
91.07
91.07
91.07
91.07
91.07
91.07
91.08
91.08
91.07
91.07
91.07
91.07
91.06
91.06
91.06
91.06
91.07
91.07
91.07
91.07
91.07
91.07
91.07
91.08
91.08
91.08
91.08
91.08
91.08
91.08
91.08
91.08
91.08
91.09
91.09
91.1
91.1
91.09
91.1
91.1
91.1
91.11
91.11
91.11
91.12
91.12
91.12
91.12
91.11
91.12
91.12
91.12
91.12
91.12
91.12
91.13
91.13
91.14
91.14
91.14
91.14
91.14
91.15
91.15
91.16
91.17
91.18
91.18
91.18
91.19
91.19
91.2
91.2
91.2
91.21
91.22
91.22
91.24
91.24
91.24
91.24
91.24
91.24
91.24
91.25
91.25
91.25
91.25
91.26
91.27
91.28
91.28
91.3
91.3
91.31
91.32
91.32
91.32
91.32
91.32
91.32
91.32
91.32
91.33
91.32
91.32
91.33
91.33
91.34
91.34
91.33
91.33
91.35
91.35
91.35
91.35
91.36
91.36
91.37
91.37
91.37
91.37
91.37
91.37
91.37
91.37
91.37
91.37
91.37
91.38
91.38
91.39
91.39
91.39
91.39
91.39
91.4
91.4
91.4
91.4
91.4
91.4
91.4
91.39
91.39
91.39
91.39
91.4
91.39
91.38
91.38
91.38
91.38
91.38
91.39
91.39
91.39
91.4
91.41
91.41
91.41
91.41
91.41
91.41
91.41
91.41
91.41
91.41
91.4
91.4
91.4
91.41
91.41
91.42
91.43
91.43
91.44
91.44
91.44
91.44
91.43
91.43
91.42
91.41
91.41
91.41
91.41
91.41
91.42
91.43
91.43
91.44
91.44
91.44
91.44
91.44
91.44
91.44
91.44
91.43
91.44
91.44
91.44
91.44
91.44
91.44
91.44
91.44
91.44
91.44
91.43
91.43
91.44
91.43
91.44
91.44
91.44
91.44
91.44
91.44
91.45
91.45
91.45
91.46
91.46
91.47
91.47
91.47
91.47
91.47
91.47
91.47
91.47
91.46
91.45
91.45
91.44
91.45
91.44
91.45
91.45
91.45
91.46
91.47
91.48
91.5
91.51
91.51
91.51
91.52
91.52
91.52
91.53
91.53
91.54
91.54
91.55
91.55
91.56
91.56
91.58
91.58
91.58
91.58
91.59
91.58
91.58
91.58
91.58
91.57
91.57
91.58
91.58
91.59
91.6
91.61
91.62
91.62
91.62
91.62
91.61
91.61
91.6
91.6
91.6
91.6
91.6
91.6
91.61
91.61
91.62
91.62
91.63
91.64
91.64
91.64
91.64
91.64
91.64
91.64
91.64
91.64
91.65
91.65
91.65
91.66
91.67
91.67
91.67
91.68
91.68
91.68
91.68
91.68
91.68
91.68
91.68
91.68
91.67
91.67
91.67
91.67
91.67
91.67
91.68
91.68
91.68
91.68
91.67
91.67
91.67
91.67
91.68
91.68
91.68
91.68
91.69
91.69
91.7
91.7
91.7
91.7
91.71
91.71
91.71
91.71
91.71
91.72
91.71
91.71
91.71
91.71
91.71
91.71
91.71
91.71
91.72
91.72
91.74
91.74
91.76
91.76
91.76
91.74
91.76
91.74
91.76
91.76
91.76
91.76
91.77
91.77
91.77
91.77
91.77
91.77
91.77
91.77
91.78
91.78
91.79
91.8
91.8
91.81
91.81
91.81
91.81
91.81
91.8
91.8
91.8
91.81
91.81
91.81
91.81
91.81
91.82
91.82
91.82
91.82
91.82
91.82
91.82
91.81
91.82
91.82
91.82
91.83
91.83
91.84
91.84
91.83
91.83
91.84
91.84
91.83
91.85
91.86
91.86
91.86
91.86
91.86
91.86
91.86
91.86
91.86
91.86
91.86
91.85
91.85
91.84
91.84
91.83
91.83
91.83
91.82
91.83
91.83
91.83
91.83
91.83
91.83
91.82
91.82
91.82
91.82
91.82
91.83
91.83
91.82
91.82
91.82
91.82
91.82
91.81
91.81
91.81
91.81
91.81
91.81
91.8
91.81
91.81
91.81
91.8
91.79
91.78
91.78
91.77
91.76
91.76
91.73
91.73
91.72
91.71
91.71
91.71
91.71
91.71
91.71
91.71
91.7
91.71
91.71
91.71
91.71
91.71
91.7
91.7
91.7
91.7
91.7
91.7
91.69
91.68
91.68
91.69
91.69
91.68
91.68
91.68
91.68
91.68
91.68
91.68
91.68
91.68
91.67
91.67
91.67
91.66
91.66
91.66
91.65
91.64
91.63
91.63
91.62
91.62
91.61
91.62
91.62
91.62
91.62
91.62
91.62
91.61
91.61
91.61
91.61
91.61
91.61
91.6
91.6
91.6
91.6
91.61
91.61
91.61
91.61
91.6
91.6
91.6
91.6
91.6
91.58
91.58
91.58
91.57
91.57
91.57
91.56
91.56
91.57
91.57
91.57
91.57
91.57
91.58
91.57
91.57
91.57
91.57
91.57
91.56
91.57
91.57
91.58
91.58
91.59
91.59
91.6
91.61
91.61
91.61
91.62
91.62
91.63
91.63
91.62
91.62
91.62
91.63
91.64
91.64
91.64
91.64
91.64
91.64
91.63
91.63
91.63
91.63
91.62
91.62
91.62
91.61
91.61
91.62
91.62
91.63
91.62
91.62
91.62
91.61
91.61
91.61
91.61
91.61
91.61
91.61
91.62
91.63
91.64
91.64
91.65
91.64
91.64
91.64
91.64
91.64
91.65
91.64
91.65
91.63
91.63
91.62
91.62
91.62
91.61
91.61
91.61
91.61
91.61
91.61
91.61
91.6
91.59
91.58
91.58
91.57
91.58
91.57
91.56
91.56
91.56
91.56
91.56
91.55
91.55
91.55
91.55
91.55
91.55
91.56
91.56
91.56
91.56
91.55
91.55
91.54
91.54
91.53
91.52
91.52
91.53
91.53
91.54
91.54
91.54
91.54
91.54
91.54
91.54
91.54
91.54
91.54
91.53
91.53
91.53
91.52
91.52
91.51
91.52
91.51
91.5
91.48
91.47
91.47
91.47
91.47
91.46
91.46
91.46
91.46
91.45
91.46
91.46
91.46
91.46
91.45
91.45
91.45
91.45
91.45
91.45
91.45
91.44
91.45
91.45
91.45
91.45
91.45
91.45
91.45
91.45
91.45
91.45
91.44
91.44
91.44
91.44
91.45
91.44
91.44
91.43
91.43
91.42
91.41
91.4
91.39
91.39
91.38
91.38
91.38
91.38
91.38
91.38
91.38
91.38
91.38
91.37
91.36
91.35
91.34
91.33
91.33
91.33
91.33
91.33
91.33
91.33
91.33
91.33
91.33
91.33
91.33
91.32
91.32
91.32
91.32
91.32
91.33
91.32
91.32
91.33
91.32
91.33
91.33
91.33
91.32
91.32
91.32
91.31
91.32
91.31
91.3
91.3
91.3
91.3
91.3
91.31
91.3
91.3
91.3
91.29
91.29
91.29
91.29
91.29
91.29
91.28
91.28
91.28
91.29
91.29
91.29
91.29
91.29
91.28
91.28
91.28
91.28
91.27
91.26
91.26
91.27
91.26
91.25
91.25
91.25
91.24
91.24
91.24
91.24
91.24
91.25
91.24
91.24
91.24
91.22
91.21
91.2
91.2
91.2
91.21
91.2
91.2
91.19
91.18
91.17
91.16
91.16
91.16
91.16
91.17
91.17
91.17
91.17
91.16
91.16
91.16
91.16
91.16
91.16
91.16
91.16
91.16
91.15
91.16
91.16
91.17
91.17
91.18
91.17
91.17
91.17
91.17
91.17
91.17
91.16
91.15
91.15
91.15
91.15
91.15
91.15
91.15
91.15
91.16
91.15
91.15
91.15
91.15
91.16
91.16
91.17
91.17
91.17
91.16
91.16
91.15
91.15
91.14
91.14
91.14
91.14
91.14
91.14
91.14
91.13
91.13
91.12
91.13
91.12
91.12
91.12
91.12
91.11
91.11
91.11
91.11
91.11
91.11
91.11
91.11
91.1
91.1
91.1
91.1
91.09
91.09
91.09
91.09
91.09
91.09
91.09
91.09
91.08
91.08
91.09
91.09
91.1
91.1
91.11
91.11
91.12
91.12
91.12
91.12
91.12
91.12
91.12
91.12
91.12
91.13
91.13
91.13
91.14
91.14
91.14
91.14
91.14
91.14
91.14
91.14
91.14
91.13
91.12
91.12
91.12
91.12
91.12
91.12
91.12
91.12
91.12
91.12
91.12
91.13
91.13
91.14
91.14
91.14
91.14
91.14
91.14
91.14
91.15
91.15
91.15
91.15
91.15
91.15
91.16
91.16
91.17
91.17
91.17
91.17
91.17
91.16
91.17
91.17
91.17
91.17
91.17
91.17
91.17
91.18
91.18
91.18
91.19
91.2
91.2
91.21
91.21
91.21
91.21
91.21
91.21
91.21
91.22
91.22
91.24
91.24
91.24
91.24
91.22
91.22
91.22
91.24
91.24
91.25
91.25
91.26
91.26
91.26
91.27
91.26
91.26
91.26
91.25
91.26
91.26
91.25
91.26
91.26
91.26
91.26
91.26
91.26
91.27
91.28
91.29
91.29
91.29
91.3
91.31
91.32
91.32
91.33
91.33
91.33
91.33
91.34
91.34
91.34
91.34
91.34
91.34
91.33
91.33
91.33
91.33
91.33
91.33
91.32
91.31
91.31
91.31
91.31
91.31
91.32
91.33
91.33
91.33
91.33
91.33
91.33
91.33
91.33
91.35
91.35
91.36
91.37
91.37
91.38
91.39
91.39
91.39
91.39
91.38
91.38
91.38
91.38
91.38
91.39
91.39
91.39
91.39
91.39
91.39
91.38
91.38
91.38
91.38
91.37
91.37
91.37
91.37
91.37
91.37
91.37
91.37
91.37
91.37
91.37
91.37
91.37
91.37
91.37
91.37
91.38
91.38
91.39
91.39
91.39
91.39
91.39
91.4
91.4
91.4
91.4
91.4
91.41
91.41
91.4
91.39
91.39
91.38
91.38
91.37
91.37
91.37
91.36
91.35
91.34
91.33
91.33
91.33
91.33
91.33
91.33
91.33
91.32
91.32
91.32
91.32
91.32
91.32
91.31
91.31
91.3
91.3
91.29
91.28
91.28
91.28
91.28
91.29
91.3
91.31
91.31
91.31
91.3
91.3
91.3
91.3
91.3
91.3
91.29
91.29
91.29
91.28
91.28
91.28
91.28
91.28
91.28
91.27
91.26
91.26
91.27
91.28
91.28
91.29
91.3
91.31
91.31
91.31
91.31
91.31
91.31
91.31
91.31
91.31
91.31
91.31
91.3
91.3
91.3
91.3
91.3
91.3
91.3
91.31
91.31
91.31
91.31
91.32
91.32
91.31
91.31
91.31
91.32
91.31
91.32
91.32
91.32
91.33
91.33
91.32
91.32
91.32
91.31
91.31
91.31
91.31
91.31
91.3
91.3
91.3
91.3
91.31
91.3
91.3
91.3
91.3
91.3
91.3
91.3
91.3
91.3
91.3
91.3
91.29
91.3
91.3
91.3
91.3
91.3
91.3
91.3
91.29
91.3
91.3
91.3
91.3
91.3
91.31
91.31
91.31
91.31
91.31
91.31
91.3
91.3
91.3
91.3
91.3
91.3
91.3
91.3
91.3
91.3
91.3
91.29
91.29
91.29
91.29
91.28
91.28
91.28
91.28
91.28
91.28
91.28
91.28
91.27
91.27
91.27
91.28
91.28
91.28
91.27
91.26
91.25
91.25
91.25
91.24
91.24
91.22
91.21
91.21
91.21
91.21
91.21
91.2
91.2
91.19
91.18
91.18
91.18
91.17
91.17
91.17
91.16
91.17
91.17
91.18
91.18
91.17
91.17
91.17
91.16
91.16
91.16
91.15
91.15
91.15
91.14
91.15
91.15
91.15
91.16
91.15
91.15
91.16
91.15
91.15
91.15
91.15
91.15
91.15
91.14
91.14
91.14
91.12
91.12
91.12
91.12
91.12
91.12
91.12
91.12
91.12
91.12
91.12
91.11
91.1
91.09
91.09
91.09
91.08
91.08
91.07
91.07
91.07
91.06
91.07
91.07
91.08
91.07
91.07
91.08
91.07
91.07
91.07
91.06
91.05
91.04
91.03
91.04
91.04
91.04
91.04
91.04
91.04
91.04
91.04
91.04
91.03
91.04
91.04
91.05
91.06
91.06
91.07
91.07
91.07
91.07
91.07
91.08
91.08
91.08
91.08
91.08
91.08
91.08
91.09
91.09
91.1
91.11
91.11
91.11
91.12
91.12
91.13
91.13
91.13
91.13
91.13
91.13
91.13
91.14
91.14
91.14
91.15
91.15
91.15
91.15
91.15
91.15
91.16
91.16
91.16
91.16
91.15
91.15
91.16
91.15
91.15
91.15
91.16
91.16
91.16
91.16
91.16
91.15
91.14
91.13
91.13
91.13
91.13
91.13
91.13
91.13
91.13
91.12
91.12
91.13
91.12
91.12
91.12
91.12
91.13
91.13
91.12
91.13
91.13
91.13
91.13
91.13
91.14
91.14
91.14
91.14
91.14
91.14
91.15
91.16
91.16
91.16
91.16
91.15
91.16
91.15
91.15
91.16
91.16
91.16
91.16
91.17
91.17
91.17
91.18
91.18
91.18
91.17
91.17
91.17
91.16
91.16
91.15
91.15
91.15
91.15
91.15
91.15
91.15
91.15
91.15
91.15
91.15
91.15
91.15
91.15
91.15
91.15
91.15
91.16
91.16
91.16
91.16
91.16
91.17
91.17
91.17
91.17
91.17
91.17
91.17
91.18
91.18
91.18
91.19
91.2
91.2
91.2
91.2
91.21
91.21
91.22
91.22
91.24
91.24
91.24
91.24
91.24
91.25
91.24
91.24
91.22
91.22
91.24
91.24
91.24
91.24
91.22
91.24
91.22
91.24
91.24
91.24
91.24
91.24
91.24
91.24
91.24
91.24
91.24
91.24
91.24
91.24
91.25
91.24
91.25
91.25
91.24
91.25
91.25
91.25
91.25
91.25
91.25
91.25
91.25
91.25
91.24
91.24
91.25
91.25
91.25
91.25
91.25
91.25
91.25
91.25
91.25
91.25
91.25
91.25
91.24
91.24
91.24
91.24
91.24
91.25
91.26
91.26
91.26
91.27
91.27
91.27
91.26
91.26
91.26
91.26
91.26
91.26
91.27
91.28
91.28
91.29
91.29
91.31
91.31
91.32
91.33
91.33
91.33
91.33
91.33
91.33
91.33
91.33
91.34
91.35
91.35
91.35
91.35
91.35
91.35
91.35
91.35
91.35
91.33
91.33
91.33
91.33
91.33
91.33
91.33
91.33
91.33
91.33
91.33
91.33
91.33
91.33
91.33
91.33
91.33
91.34
91.34
91.35
91.35
91.35
91.35
91.36
91.35
91.35
91.36
91.37
91.36
91.36
91.36
91.36
91.35
91.36
91.37
91.37
91.35
91.36
91.36
91.35
91.35
91.34
91.33
91.33
91.33
91.32
91.32
91.31
91.31
91.32
91.31
91.31
91.31
91.31
91.31
91.31
91.31
91.31
91.31
91.32
91.32
91.32
91.32
91.32
91.32
91.32
91.33
91.33
91.33
91.33
91.33
91.32
91.32
91.32
91.3
91.3
91.3
91.29
91.28
91.28
91.27
91.27
91.26
91.26
91.26
91.26
91.26
91.26
91.26
91.26
91.26
91.26
91.26
91.27
91.26
91.26
91.25
91.25
91.25
91.25
91.25
91.26
91.26
91.26
91.26
91.27
91.28
91.27
91.26
91.26
91.26
91.26
91.26
91.26
91.26
91.27
91.27
91.26
91.27
91.27
91.28
91.28
91.28
91.28
91.28
91.28
91.29
91.29
91.29
91.29
91.28
91.29
91.29
91.29
91.3
91.3
91.3
91.32
91.32
91.32
91.32
91.32
91.32
91.32
91.32
91.32
91.33
91.33
91.33
91.32
91.31
91.3
91.3
91.29
91.3
91.3
91.29
91.29
91.29
91.28
91.28
91.26
91.26
91.25
91.25
91.24
91.24
91.24
91.24
91.22
91.21
91.21
91.21
91.2
91.2
91.19
91.19
91.19
91.18
91.19
91.19
91.19
91.19
91.2
91.19
91.18
91.18
91.18
91.17
91.17
91.17
91.17
91.16
91.17
91.16
91.15
91.15
91.15
91.15
91.15
91.15
91.15
91.14
91.15
91.15
91.15
91.16
91.16
91.17
91.17
91.17
91.16
91.15
91.15
91.15
91.16
91.15
91.16
91.17
91.17
91.17
91.17
91.18
91.18
91.19
91.18
91.19
91.19
91.18
91.18
91.18
91.19
91.18
91.18
91.18
91.18
91.18
91.18
91.18
91.19
91.18
91.18
91.18
91.18
91.18
91.18
91.17
91.17
91.17
91.17
91.17
91.17
91.17
91.17
91.18
91.18
91.18
91.19
91.2
91.2
91.2
91.2
91.21
91.21
91.21
91.21
91.21
91.21
91.21
91.22
91.22
91.22
91.22
91.24
91.24
91.24
91.24
91.22
91.21
91.21
91.21
91.21
91.21
91.21
91.22
91.22
91.21
91.21
91.2
91.2
91.2
91.2
91.2
91.2
91.2
91.2
91.2
91.21
91.21
91.21
91.21
91.21
91.22
91.22
91.22
91.24
91.24
91.24
91.24
91.24
91.22
91.22
91.22
91.21
91.22
91.22
91.21
91.21
91.21
91.21
91.2
91.2
91.19
91.18
91.18
91.18
91.18
91.17
91.17
91.18
91.17
91.17
91.16
91.16
91.16
91.16
91.15
91.15
91.15
91.15
91.15
91.15
91.15
91.16
91.16
91.16
91.15
91.15
91.15
91.14
91.14
91.14
91.14
91.14
91.15
91.15
91.14
91.14
91.14
91.13
91.14
91.13
91.13
91.13
91.12
91.13
91.13
91.13
91.13
91.13
91.13
91.13
91.14
91.14
91.14
91.15
91.14
91.13
91.13
91.13
91.12
91.13
91.13
91.13
91.14
91.15
91.15
91.15
91.16
91.16
91.17
91.16
91.16
91.16
91.17
91.18
91.18
91.18
91.18
91.17
91.18
91.18
91.18
91.18
91.18
91.17
91.17
91.18
91.17
91.17
91.17
91.17
91.17
91.18
91.18
91.19
91.19
91.19
91.18
91.18
91.18
91.18
91.18
91.18
91.18
91.18
91.18
91.18
91.17
91.17
91.17
91.17
91.17
91.17
91.17
91.18
91.19
91.2
91.19
91.19
91.18
91.18
91.18
91.18
91.17
91.17
91.17
91.17
91.18
91.18
91.18
91.18
91.18
91.18
91.18
91.18
91.18
91.18
91.18
91.19
91.2
91.2
91.2
91.21
91.21
91.21
91.22
91.22
91.24
91.24
91.24
91.24
91.22
91.22
91.21
91.21
91.21
91.21
91.21
91.22
91.22
91.22
91.24
91.25
91.24
91.24
91.24
91.24
91.22
91.22
91.22
91.22
91.22
91.22
91.22
91.22
91.22
91.24
91.25
91.26
91.26
91.28
91.28
91.28
91.28
91.28
91.28
91.27
91.27
91.28
91.28
91.28
91.28
91.28
91.28
91.26
91.25
91.25
91.25
91.24
91.24
91.24
91.25
91.26
91.26
91.25
91.25
91.25
91.25
91.24
91.24
91.24
91.24
91.25
91.25
91.26
91.26
91.26
91.26
91.25
91.26
91.26
91.27
91.28
91.29
91.28
91.29
91.29
91.29
91.29
91.29
91.28
91.28
91.29
91.28
91.29
91.3
91.3
91.3
91.3
91.3
91.3
91.29
91.28
91.28
91.28
91.28
91.28
91.28
91.28
91.28
91.28
91.27
91.27
91.27
91.27
91.28
91.27
91.27
91.28
91.28
91.28
91.28
91.28
91.28
91.28
91.28
91.28
91.28
91.29
91.29
91.3
91.3
91.3
91.3
91.31
91.31
91.3
91.3
91.3
91.31
91.31
91.31
91.32
91.32
91.32
91.33
91.34
91.35
91.35
91.34
91.33
91.33
91.33
91.34
91.34
91.34
91.33
91.33
91.33
91.32
91.32
91.33
91.33
91.34
91.35
91.36
91.36
91.36
91.36
91.36
91.37
91.37
91.38
91.38
91.38
91.38
91.39
91.39
91.39
91.39
91.4
91.4
91.4
91.4
91.4
91.4
91.4
91.39
91.39
91.39
91.39
91.38
91.38
91.38
91.38
91.39
91.39
91.39
91.4
91.41
91.41
91.42
91.42
91.43
91.43
91.44
91.44
91.44
91.45
91.45
91.44
91.44
91.44
91.44
91.45
91.44
91.44
91.44
91.43
91.43
91.43
91.43
91.44
91.44
91.44
91.45
91.45
91.45
91.45
91.46
91.45
91.45
91.45
91.45
91.46
91.46
91.47
91.47
91.47
91.47
91.47
91.47
91.48
91.5
91.5
91.51
91.52
91.52
91.53
91.54
91.54
91.54
91.54
91.54
91.55
91.55
91.55
91.55
91.55
91.54
91.55
91.55
91.55
91.56
91.57
91.57
91.58
91.58
91.58
91.59
91.6
91.6
91.6
91.6
91.6
91.6
91.6
91.6
91.59
91.59
91.59
91.6
91.6
91.6
91.6
91.6
91.6
91.61
91.61
91.61
91.61
91.61
91.61
91.61
91.62
91.62
91.62
91.62
91.62
91.62
91.63
91.64
91.64
91.64
91.65
91.66
91.66
91.67
91.68
91.69
91.69
91.7
91.7
91.69
91.69
91.68
91.68
91.68
91.68
91.68
91.68
91.68
91.69
91.7
91.7
91.7
91.7
91.71
91.71
91.72
91.73
91.76
91.76
91.77
91.78
91.78
91.79
91.79
91.79
91.79
91.79
91.8
91.8
91.8
91.8
91.81
91.81
91.81
91.81
91.81
91.81
91.81
91.81
91.81
91.81
91.81
91.81
91.81
91.81
91.81
91.81
91.81
91.81
91.81
91.81
91.82
91.82
91.83
91.83
91.85
91.85
91.86
91.86
91.87
91.87
91.87
91.87
91.87
91.87
91.88
91.88
91.87
91.87
91.88
91.88
91.88
91.88
91.89
91.88
91.88
91.88
91.88
91.89
91.88
91.89
91.89
91.89
91.89
91.88
91.88
91.88
91.89
91.89
91.89
91.9
91.9
91.9
91.89
91.9
91.9
91.91
91.91
91.92
91.93
91.92
91.93
91.93
91.93
91.93
91.93
91.93
91.93
91.93
91.94
91.94
91.94
91.94
91.95
91.96
91.96
91.96
91.96
91.97
91.97
91.97
91.98
91.98
91.99
91.99
91.99
91.99
91.99
92
92
91.99
91.99
91.99
91.99
91.99
91.98
91.98
91.99
91.98
91.98
91.98
91.98
91.98
91.98
91.99
92
92
92
92.02
92.02
92.02
92.02
92.02
92.02
92.02
92.02
92.02
92.02
92.02
92.02
92
92
92
92.02
92.02
92.02
92.03
92.04
92.04
92.04
92.05
92.05
92.05
92.05
92.05
92.05
92.05
92.05
92.05
92.05
92.04
92.04
92.04
92.04
92.04
92.04
92.04
92.04
92.04
92.04
92.04
92.04
92.04
92.04
92.04
92.05
92.06
92.06
92.06
92.05
92.05
92.05
92.05
92.04
92.04
92.04
92.03
92.02
92.02
92.02
92.02
92.02
92.02
92.02
92
92
91.99
91.98
91.97
91.97
91.97
91.97
91.96
91.96
91.95
91.94
91.93
91.93
91.93
91.92
91.93
91.93
91.93
91.93
91.93
91.93
91.93
91.93
91.92
91.91
91.91
91.9
91.9
91.89
91.88
91.89
91.88
91.88
91.87
91.86
91.86
91.86
91.86
91.86
91.86
91.86
91.86
91.86
91.87
91.87
91.87
91.87
91.88
91.88
91.88
91.88
91.88
91.88
91.89
91.89
91.89
91.9
91.91
91.91
91.92
91.92
91.92
91.92
91.92
91.92
91.92
91.91
91.9
91.89
91.89
91.88
91.88
91.88
91.88
91.88
91.88
91.88
91.88
91.88
91.88
91.88
91.88
91.87
91.86
91.86
91.86
91.85
91.85
91.85
91.85
91.85
91.84
91.83
91.82
91.81
91.81
91.81
91.81
91.8
91.8
91.81
91.8
91.8
91.8
91.8
91.81
91.8
91.8
91.8
91.8
91.8
91.8
91.8
91.8
91.8
91.8
91.79
91.78
91.78
91.77
91.77
91.77
91.77
91.78
91.78
91.78
91.77
91.77
91.76
91.76
91.76
91.76
91.77
91.76
91.77
91.78
91.78
91.79
91.8
91.81
91.81
91.82
91.82
91.83
91.83
91.83
91.83
91.82
91.82
91.82
91.82
91.82
91.81
91.8
91.79
91.78
91.76
91.74
91.74
91.74
91.74
91.74
91.76
91.76
91.76
91.76
91.76
91.76
91.74
91.74
91.74
91.74
91.74
91.74
91.74
91.74
91.73
91.73
91.73
91.73
91.73
91.71
91.71
91.71
91.71
91.71
91.7
91.7
91.7
91.7
91.7
91.7
91.71
91.71
91.7
91.71
91.7
91.69
91.68
91.68
91.67
91.67
91.67
91.66
91.66
91.66
91.66
91.66
91.66
91.65
91.64
91.65
91.64
91.64
91.64
91.63
91.62
91.62
91.62
91.62
91.62
91.62
91.62
91.62
91.62
91.62
91.62
91.62
91.62
91.62
91.61
91.61
91.61
91.6
91.61
91.6
91.61
91.61
91.61
91.61
91.61
91.61
91.61
91.6
91.6
91.6
91.6
91.6
91.61
91.61
91.6
91.61
91.61
91.61
91.61
91.61
91.61
91.61
91.61
91.61
91.61
91.61
91.62
91.62
91.61
91.62
91.62
91.62
91.63
91.64
91.64
91.64
91.64
91.64
91.64
91.64
91.63
91.63
91.63
91.63
91.62
91.62
91.62
91.62
91.62
91.62
91.62
91.62
91.62
91.61
91.61
91.61
91.61
91.6
91.6
91.6
91.6
91.6
91.6
91.6
91.6
91.61
91.61
91.62
91.62
91.62
91.63
91.63
91.63
91.64
91.64
91.64
91.65
91.65
91.65
91.65
91.65
91.64
91.64
91.65
91.65
91.65
91.64
91.64
91.64
91.64
91.64
91.65
91.65
91.65
91.65
91.65
91.65
91.65
91.65
91.65
91.66
91.66
91.66
91.66
91.66
91.66
91.66
91.65
91.64
91.64
91.63
91.62
91.63
91.63
91.63
91.64
91.65
91.65
91.65
91.64
91.64
91.64
91.64
91.63
91.63
91.62
91.63
91.63
91.63
91.63
91.63
91.63
91.63
91.63
91.64
91.64
91.64
91.65
91.65
91.65
91.65
91.66
91.66
91.66
91.66
91.67
91.67
91.67
91.67
91.67
91.67
91.66
91.66
91.66
91.66
91.66
91.66
91.66
91.65
91.65
91.65
91.66
91.67
91.67
91.67
91.68
91.68
91.68
91.68
91.69
91.69
91.69
91.69
91.68
91.68
91.68
91.67
91.67
91.67
91.67
91.67
91.67
91.67
91.68
91.68
91.69
91.69
91.7
91.7
91.7
91.7
91.7
91.7
91.7
91.7
91.71
91.7
91.71
91.71
91.7
91.7
91.7
91.7
91.7
91.71
91.71
91.72
91.73
91.74
91.76
91.76
91.76
91.74
91.73
91.73
91.73
91.74
91.74
91.73
91.73
91.74
91.74
91.76
91.76
91.77
91.78
91.78
91.77
91.77
91.77
91.78
91.78
91.78
91.78
91.79
91.8
91.8
91.8
91.8
91.8
91.79
91.79
91.79
91.79
91.78
91.78
91.78
91.77
91.77
91.77
91.77
91.78
91.78
91.78
91.79
91.78
91.78
91.78
91.78
91.78
91.78
91.79
91.79
91.79
91.78
91.79
91.8
91.8
91.8
91.8
91.8
91.8
91.8
91.81
91.81
91.81
91.81
91.81
91.82
91.81
91.81
91.81
91.82
91.82
91.81
91.81
91.81
91.8
91.79
91.8
91.79
91.8
91.8
91.8
91.8
91.81
91.81
91.8
91.8
91.79
91.79
91.78
91.78
91.78
91.78
91.78
91.77
91.78
91.78
91.78
91.77
91.77
91.76
91.76
91.74
91.74
91.74
91.73
91.73
91.72
91.72
91.72
91.72
91.72
91.72
91.72
91.72
91.72
91.72
91.71
91.71
91.72
91.73
91.73
91.73
91.72
91.73
91.73
91.72
91.72
91.72
91.72
91.71
91.71
91.71
91.71
91.72
91.72
91.73
91.74
91.76
91.76
91.76
91.76
91.74
91.73
91.73
91.72
91.72
91.72
91.71
91.71
91.71
91.71
91.71
91.71
91.71
91.71
91.72
91.72
91.71
91.71
91.71
91.71
91.71
91.71
91.71
91.71
91.71
91.71
91.71
91.71
91.72
91.72
91.71
91.71
91.71
91.7
91.7
91.7
91.7
91.7
91.7
91.7
91.71
91.7
91.7
91.7
91.7
91.68
91.68
91.67
91.67
91.67
91.67
91.67
91.67
91.67
91.67
91.68
91.68
91.68
91.67
91.68
91.68
91.69
91.7
91.71
91.71
91.72
91.72
91.72
91.72
91.71
91.72
91.71
91.71
91.71
91.72
91.72
91.73
91.73
91.74
91.74
91.73
91.73
91.73
91.73
91.73
91.74
91.76
91.76
91.77
91.77
91.77
91.76
91.77
91.76
91.77
91.78
91.78
91.78
91.78
91.77
91.77
91.76
91.76
91.76
91.76
91.76
91.77
91.77
91.76
91.76
91.76
91.76
91.76
91.76
91.76
91.74
91.73
91.74
91.73
91.74
91.73
91.73
91.73
91.73
91.72
91.72
91.72
91.73
91.73
91.73
91.73
91.73
91.73
91.72
91.72
91.73
91.73
91.72
91.72
91.71
91.72
91.72
91.72
91.73
91.73
91.73
91.73
91.73
91.73
91.74
91.74
91.74
91.73
91.73
91.73
91.73
91.72
91.71
91.71
91.72
91.71
91.71
91.7
91.71
91.71
91.71
91.71
91.71
91.72
91.73
91.73
91.73
91.73
91.73
91.73
91.73
91.73
91.72
91.72
91.72
91.72
91.73
91.73
91.73
91.74
91.74
91.74
91.74
91.76
91.76
91.76
91.76
91.76
91.76
91.76
91.76
91.77
91.77
91.76
91.76
91.76
91.76
91.76
91.76
91.76
91.76
91.76
91.76
91.76
91.76
91.77
91.77
91.77
91.77
91.77
91.76
91.77
91.76
91.77
91.78
91.78
91.78
91.78
91.78
91.78
91.78
91.77
91.76
91.76
91.74
91.74
91.74
91.74
91.74
91.74
91.73
91.73
91.73
91.72
91.72
91.71
91.71
91.72
91.72
91.73
91.73
91.73
91.74
91.74
91.74
91.74
91.73
91.73
91.73
91.74
91.73
91.74
91.74
91.74
91.76
91.76
91.76
91.76
91.77
91.78
91.78
91.78
91.78
91.79
91.79
91.79
91.8
91.8
91.8
91.8
91.8
91.8
91.8
91.8
91.79
91.78
91.78
91.77
91.76
91.76
91.74
91.76
91.76
91.74
91.74
91.73
91.73
91.73
91.72
91.72
91.72
91.72
91.72
91.71
91.7
91.68
91.68
91.68
91.67
91.66
91.66
91.65
91.66
91.66
91.66
91.66
91.65
91.64
91.64
91.64
91.64
91.64
91.64
91.64
91.64
91.65
91.64
91.64
91.65
91.65
91.65
91.65
91.64
91.64
91.63
91.62
91.62
91.62
91.62
91.62
91.62
91.63
91.64
91.64
91.64
91.64
91.65
91.65
91.65
91.65
91.65
91.66
91.65
91.65
91.66
91.66
91.66
91.67
91.68
91.68
91.68
91.68
91.67
91.67
91.66
91.66
91.65
91.65
91.65
91.64
91.64
91.64
91.63
91.63
91.63
91.64
91.63
91.63
91.62
91.63
91.64
91.64
91.64
91.64
91.64
91.65
91.65
91.65
91.64
91.63
91.62
91.61
91.61
91.6
91.6
91.6
91.6
91.6
91.6
91.6
91.6
91.61
91.61
91.61
91.61
91.61
91.62
91.62
91.62
91.62
91.62
91.62
91.63
91.63
91.64
91.64
91.64
91.64
91.64
91.63
91.64
91.64
91.64
91.64
91.64
91.64
91.64
91.64
91.64
91.63
91.63
91.64
91.64
91.64
91.64
91.64
91.64
91.64
91.64
91.64
91.64
91.65
91.65
91.65
91.64
91.65
91.65
91.66
91.66
91.67
91.67
91.68
91.68
91.68
91.69
91.7
91.71
91.71
91.72
91.72
91.72
91.72
91.72
91.73
91.73
91.73
91.74
91.74
91.74
91.74
91.74
91.74
91.74
91.74
91.76
91.76
91.76
91.77
91.77
91.77
91.77
91.77
91.78
91.78
91.78
91.77
91.78
91.78
91.78
91.78
91.78
91.78
91.79
91.79
91.79
91.78
91.79
91.78
91.78
91.77
91.77
91.77
91.77
91.76
91.76
91.76
91.76
91.76
91.76
91.76
91.74
91.74
91.73
91.73
91.73
91.73
91.73
91.74
91.74
91.74
91.76
91.76
91.76
91.77
91.78
91.79
91.8
91.8
91.8
91.81
91.81
91.82
91.83
91.84
91.84
91.84
91.84
91.85
91.85
91.86
91.86
91.86
91.86
91.86
91.86
91.86
91.86
91.85
91.84
91.84
91.84
91.84
91.85
91.85
91.85
91.84
91.84
91.84
91.84
91.84
91.84
91.84
91.84
91.84
91.84
91.85
91.85
91.85
91.85
91.85
91.85
91.85
91.85
91.85
91.84
91.83
91.83
91.83
91.83
91.83
91.83
91.83
91.82
91.83
91.82
91.82
91.83
91.82
91.82
91.82
91.82
91.83
91.82
91.82
91.82
91.82
91.83
91.85
91.85
91.86
91.86
91.86
91.86
91.86
91.86
91.86
91.86
91.87
91.87
91.87
91.87
91.87
91.87
91.87
91.87
91.87
91.87
91.87
91.87
91.88
91.88
91.88
91.89
91.9
91.9
91.9
91.9
91.91
91.91
91.92
91.92
91.93
91.93
91.94
91.94
91.94
91.94
91.94
91.95
91.95
91.95
91.95
91.95
91.94
91.94
91.94
91.94
91.94
91.94
91.94
91.94
91.94
91.94
91.94
91.94
91.94
91.94
91.95
91.96
91.96
91.96
91.96
91.96
91.96
91.96
91.96
91.97
91.97
91.96
91.97
91.97
91.98
91.98
91.98
91.99
91.99
91.99
91.99
92
92
92.02
92.02
92.03
92.03
92.04
92.04
92.04
92.05
92.05
92.05
92.05
92.05
92.06
92.06
92.06
92.07
92.08
92.08
92.08
92.09
92.09
92.1
92.1
92.1
92.11
92.11
92.11
92.12
92.12
92.12
92.13
92.13
92.13
92.13
92.13
92.13
92.13
92.13
92.13
92.13
92.13
92.13
92.14
92.14
92.13
92.13
92.13
92.13
92.13
92.13
92.13
92.12
92.13
92.13
92.13
92.14
92.14
92.14
92.14
92.14
92.14
92.13
92.13
92.13
92.13
92.12
92.12
92.13
92.13
92.13
92.13
92.14
92.14
92.15
92.15
92.16
92.16
92.16
92.17
92.17
92.17
92.17
92.16
92.16
92.16
92.16
92.16
92.17
92.17
92.18
92.18
92.18
92.18
92.18
92.18
92.18
92.18
92.18
92.18
92.18
92.18
92.19
92.19
92.18
92.18
92.18
92.18
92.17
92.18
92.18
92.18
92.19
92.18
92.18
92.18
92.17
92.17
92.16
92.16
92.15
92.15
92.14
92.14
92.13
92.13
92.13
92.13
92.13
92.13
92.13
92.13
92.13
92.12
92.12
92.12
92.13
92.14
92.14
92.14
92.13
92.13
92.12
92.12
92.12
92.12
92.11
92.11
92.11
92.11
92.1
92.1
92.1
92.1
92.1
92.1
92.1
92.1
92.1
92.1
92.1
92.1
92.1
92.1
92.1
92.09
92.09
92.08
92.08
92.08
92.08
92.07
92.06
92.07
92.07
92.07
92.08
92.09
92.1
92.1
92.1
92.1
92.1
92.1
92.1
92.1
92.09
92.08
92.08
92.08
92.09
92.09
92.09
92.1
92.1
92.1
92.1
92.11
92.11
92.1
92.11
92.11
92.11
92.11
92.1
92.1
92.11
92.1
92.1
92.11
92.11
92.11
92.11
92.11
92.11
92.11
92.11
92.11
92.12
92.12
92.13
92.12
92.13
92.13
92.13
92.13
92.13
92.13
92.14
92.14
92.14
92.14
92.14
92.14
92.14
92.14
92.15
92.15
92.15
92.14
92.14
92.13
92.13
92.12
92.11
92.11
92.11
92.11
92.11
92.11
92.11
92.11
92.12
92.12
92.12
92.13
92.13
92.13
92.13
92.13
92.13
92.13
92.13
92.12
92.12
92.12
92.12
92.11
92.11
92.11
92.1
92.1
92.1
92.1
92.1
92.1
92.1
92.1
92.1
92.1
92.1
92.09
92.08
92.08
92.08
92.07
92.08
92.07
92.07
92.07
92.08
92.08
92.08
92.08
92.09
92.1
92.1
92.1
92.1
92.1
92.1
92.09
92.09
92.1
92.11
92.11
92.11
92.11
92.1
92.1
92.1
92.1
92.1
92.1
92.1
92.09
92.08
92.08
92.07
92.05
92.05
92.04
92.04
92.04
92.04
92.05
92.05
92.05
92.05
92.05
92.05
92.05
92.04
92.04
92.04
92.03
92.03
92.03
92.04
92.04
92.04
92.04
92.03
92.04
92.03
92.03
92.03
92.04
92.05
92.05
92.05
92.05
92.04
92.04
92.04
92.04
92.04
92.04
92.04
92.03
92.03
92.02
92.02
92.02
92.02
92.02
92.02
92.02
92.02
92.02
92.02
92.02
92.03
92.03
92.03
92.03
92.03
92.03
92.02
92.02
92.02
92.02
92.02
92.02
92.03
92.03
92.03
92.03
92.03
92.02
92.02
92
92
92
92
92
92
92
92
92
91.99
92
91.99
91.99
91.99
91.99
92
92
92
92
92
92.02
92.02
92.02
92
92.02
92
92
92
91.99
91.99
91.98
91.97
91.98
91.97
91.96
91.96
91.96
91.97
91.97
91.97
91.97
91.97
91.97
91.97
91.97
91.98
91.98
91.99
91.99
92
92
92
92
91.99
91.99
92
92
92
92
92
91.99
91.99
91.99
91.99
91.99
91.99
91.98
91.98
91.98
91.98
91.97
91.97
91.96
91.96
91.95
91.96
91.95
91.95
91.95
91.95
91.95
91.95
91.94
91.94
91.95
91.95
91.95
91.95
91.95
91.95
91.95
91.94
91.94
91.94
91.94
91.94
91.93
91.93
91.92
91.93
91.92
91.92
91.92
91.91
91.91
91.91
91.91
91.92
91.92
91.92
91.92
91.93
91.93
91.93
91.93
91.92
91.92
91.91
91.9
91.9
91.9
91.9
91.91
91.91
91.92
91.92
91.92
91.92
91.92
91.92
91.92
91.92
91.91
91.9
91.89
91.89
91.88
91.88
91.88
91.89
91.89
91.9
91.9
91.91
91.91
91.92
91.91
91.91
91.91
91.92
91.92
91.93
91.93
91.93
91.93
91.93
91.93
91.93
91.93
91.94
91.94
91.95
91.96
91.97
91.98
91.98
91.97
91.98
91.97
91.97
91.98
91.97
91.97
91.97
91.97
91.98
91.98
91.98
91.98
91.98
91.99
91.99
91.98
91.98
91.98
91.97
91.97
91.97
91.98
91.98
91.99
91.99
91.99
91.99
92
92.02
92.02
92.02
92.03
92.03
92.04
92.04
92.04
92.04
92.05
92.05
92.04
92.03
92.02
92
91.99
91.99
91.99
92
92.02
92.02
92.02
92.02
92
92
92
92
92
92
92
92
92
91.99
91.98
91.98
91.98
91.98
91.98
91.99
91.99
91.99
92
92.02
92.02
92.02
92.02
92
92
92
91.99
91.98
91.97
91.97
91.97
91.98
91.98
91.99
91.99
91.99
91.99
91.99
91.99
91.99
92
92.02
92.02
92.02
92.02
92.02
92
92
92.02
92
92
92
92
92
91.99
92
92
92
92
92
92.02
92.02
92.02
92.02
92.02
92.03
92.03
92.03
92.03
92.03
92.03
92.03
92.02
92
92
91.99
91.99
91.99
91.98
91.98
91.98
91.98
91.97
91.98
91.97
91.97
91.97
91.97
91.97
91.97
91.97
91.97
91.96
91.97
91.97
91.96
91.96
91.96
91.96
91.95
91.96
91.96
91.96
91.95
91.95
91.95
91.94
91.95
91.95
91.95
91.95
91.95
91.95
91.95
91.95
91.95
91.94
91.95
91.95
91.94
91.94
91.94
91.94
91.94
91.95
91.96
91.96
91.97
91.96
91.96
91.96
91.96
91.97
91.97
91.97
91.97
91.98
91.99
91.98
91.97
91.97
91.97
91.97
91.97
91.98
91.98
91.99
92
92
92
92
92.02
92.02
92.02
92.02
92.02
92.03
92.04
92.04
92.04
92.04
92.04
92.05
92.06
92.07
92.07
92.07
92.07
92.07
92.07
92.07
92.06
92.06
92.06
92.06
92.06
92.06
92.06
92.06
92.05
92.05
92.05
92.06
92.07
92.08
92.1
92.11
92.12
92.12
92.13
92.14
92.14
92.14
92.14
92.14
92.13
92.12
92.12
92.11
92.11
92.11
92.11
92.11
92.11
92.11
92.12
92.12
92.13
92.13
92.13
92.12
92.12
92.13
92.13
92.13
92.13
92.14
92.14
92.14
92.13
92.13
92.13
92.13
92.14
92.14
92.14
92.13
92.13
92.13
92.13
92.13
92.13
92.13
92.13
92.13
92.12
92.12
92.13
92.11
92.11
92.11
92.11
92.12
92.12
92.12
92.12
92.12
92.13
92.13
92.13
92.13
92.13
92.13
92.13
92.13
92.12
92.13
92.13
92.13
92.13
92.13
92.13
92.12
92.12
92.12
92.12
92.13
92.13
92.14
92.13
92.13
92.13
92.14
92.14
92.14
92.14
92.14
92.14
92.14
92.14
92.14
92.14
92.14
92.14
92.14
92.14
92.14
92.14
92.14
92.14
92.14
92.14
92.14
92.14
92.14
92.14
92.14
92.14
92.14
92.15
92.15
92.14
92.14
92.14
92.14
92.14
92.14
92.14
92.15
92.15
92.15
92.16
92.16
92.16
92.16
92.16
92.16
92.16
92.16
92.16
92.15
92.14
92.14
92.13
92.13
92.14
92.14
92.13
92.13
92.13
92.14
92.14
92.15
92.15
92.15
92.16
92.16
92.16
92.16
92.16
92.17
92.17
92.17
92.16
92.16
92.16
92.17
92.17
92.17
92.17
92.16
92.16
92.17
92.17
92.16
92.16
92.15
92.16
92.16
92.17
92.17
92.17
92.17
92.17
92.17
92.17
92.17
92.17
92.17
92.17
92.16
92.16
92.16
92.16
92.16
92.16
92.16
92.16
92.16
92.16
92.16
92.16
92.16
92.16
92.16
92.16
92.16
92.16
92.16
92.16
92.16
92.16
92.15
92.14
92.15
92.15
92.15
92.14
92.14
92.14
92.14
92.13
92.13
92.13
92.13
92.13
92.13
92.13
92.13
92.13
92.13
92.14
92.14
92.14
92.14
92.14
92.13
92.12
92.12
92.11
92.11
92.11
92.11
92.11
92.11
92.12
92.11
92.1
92.1
92.1
92.1
92.1
92.1
92.1
92.1
92.11
92.11
92.1
92.11
92.1
92.1
92.1
92.1
92.1
92.1
92.1
92.09
92.09
92.09
92.09
92.09
92.09
92.09
92.1
92.1
92.11
92.11
92.11
92.11
92.11
92.1
92.08
92.08
92.08
92.08
92.08
92.07
92.07
92.07
92.06
92.06
92.06
92.07
92.08
92.06
92.05
92.05
92.04
92.04
92.04
92.04
92.04
92.04
92.04
92.05
92.05
92.05
92.05
92.05
92.06
92.07
92.08
92.08
92.08
92.08
92.08
92.07
92.06
92.06
92.06
92.07
92.08
92.08
92.09
92.09
92.1
92.11
92.11
92.12
92.12
92.12
92.12
92.12
92.12
92.11
92.11
92.11
92.11
92.11
92.11
92.11
92.11
92.11
92.12
92.13
92.13
92.13
92.13
92.13
92.13
92.14
92.14
92.14
92.15
92.15
92.15
92.15
92.16
92.17
92.18
92.18
92.18
92.17
92.17
92.17
92.17
92.17
92.16
92.16
92.16
92.16
92.16
92.16
92.16
92.15
92.15
92.15
92.16
92.16
92.16
92.17
92.17
92.17
92.17
92.18
92.18
92.18
92.18
92.18
92.18
92.18
92.19
92.19
92.19
92.19
92.2
92.2
92.21
92.21
92.21
92.21
92.22
92.21
92.21
92.2
92.2
92.2
92.2
92.2
92.21
92.21
92.21
92.21
92.21
92.21
92.22
92.21
92.22
92.22
92.23
92.23
92.23
92.24
92.24
92.24
92.24
92.23
92.23
92.23
92.22
92.22
92.21
92.21
92.22
92.21
92.21
92.22
92.23
92.23
92.24
92.24
92.24
92.24
92.24
92.25
92.25
92.27
92.27
92.27
92.28
92.28
92.28
92.28
92.28
92.28
92.28
92.28
92.28
92.28
92.28
92.28
92.28
92.29
92.3
92.3
92.31
92.32
92.32
92.32
92.32
92.32
92.31
92.31
92.31
92.32
92.32
92.32
92.32
92.32
92.32
92.31
92.31
92.32
92.32
92.32
92.32
92.33
92.33
92.33
92.32
92.33
92.33
92.32
92.33
92.34
92.35
92.36
92.36
92.37
92.37
92.37
92.38
92.38
92.38
92.38
92.38
92.38
92.37
92.37
92.37
92.37
92.37
92.37
92.37
92.37
92.36
92.36
92.36
92.36
92.36
92.36
92.36
92.37
92.37
92.37
92.37
92.37
92.37
92.38
92.38
92.39
92.4
92.4
92.4
92.4
92.4
92.4
92.41
92.41
92.42
92.43
92.43
92.43
92.43
92.44
92.44
92.44
92.43
92.43
92.43
92.43
92.44
92.45
92.46
92.46
92.45
92.45
92.44
92.43
92.42
92.42
92.41
92.41
92.41
92.41
92.42
92.43
92.43
92.44
92.44
92.45
92.46
92.46
92.46
92.47
92.47
92.47
92.47
92.48
92.48
92.47
92.47
92.47
92.47
92.47
92.47
92.47
92.47
92.47
92.47
92.47
92.47
92.47
92.47
92.47
92.47
92.48
92.49
92.5
92.5
92.51
92.5
92.5
92.5
92.5
92.5
92.49
92.49
92.49
92.49
92.49
92.49
92.5
92.49
92.49
92.5
92.5
92.49
92.49
92.49
92.49
92.49
92.49
92.49
92.49
92.49
92.49
92.49
92.48
92.49
92.49
92.49
92.49
92.49
92.5
92.51
92.53
92.51
92.5
92.5
92.5
92.5
92.5
92.49
92.5
92.5
92.51
92.51
92.51
92.5
92.5
92.5
92.5
92.51
92.51
92.51
92.53
92.53
92.51
92.53
92.53
92.53
92.53
92.53
92.53
92.53
92.53
92.53
92.54
92.54
92.54
92.54
92.55
92.56
92.57
92.57
92.57
92.58
92.58
92.58
92.59
92.58
92.59
92.58
92.58
92.58
92.57
92.57
92.56
92.56
92.56
92.56
92.56
92.56
92.55
92.55
92.55
92.55
92.55
92.56
92.56
92.56
92.57
92.57
92.57
92.57
92.58
92.59
92.59
92.6
92.6
92.61
92.61
92.61
92.61
92.61
92.61
92.61
92.6
92.6
92.6
92.61
92.61
92.62
92.62
92.62
92.62
92.63
92.63
92.64
92.64
92.65
92.65
92.65
92.65
92.66
92.67
92.68
92.68
92.68
92.7
92.7
92.71
92.72
92.72
92.72
92.71
92.7
92.7
92.7
92.7
92.7
92.69
92.7
92.69
92.7
92.69
92.68
92.68
92.68
92.68
92.69
92.69
92.69
92.7
92.7
92.7
92.7
92.7
92.7
92.69
92.69
92.68
92.67
92.66
92.66
92.65
92.65
92.65
92.66
92.67
92.67
92.67
92.67
92.68
92.67
92.67
92.67
92.67
92.67
92.67
92.67
92.67
92.67
92.67
92.68
92.68
92.68
92.69
92.69
92.7
92.71
92.71
92.71
92.71
92.72
92.71
92.72
92.72
92.7
92.71
92.71
92.71
92.72
92.72
92.72
92.73
92.72
92.72
92.72
92.72
92.72
92.72
92.72
92.73
92.73
92.73
92.73
92.73
92.73
92.74
92.74
92.74
92.73
92.73
92.73
92.73
92.73
92.73
92.73
92.74
92.73
92.74
92.74
92.74
92.74
92.73
92.73
92.73
92.73
92.73
92.72
92.72
92.72
92.72
92.72
92.71
92.7
92.7
92.7
92.69
92.69
92.68
92.68
92.68
92.68
92.68
92.67
92.67
92.67
92.67
92.67
92.67
92.67
92.67
92.68
92.68
92.68
92.69
92.68
92.68
92.69
92.69
92.7
92.7
92.69
92.69
92.68
92.67
92.66
92.64
92.64
92.63
92.63
92.64
92.63
92.63
92.64
92.64
92.64
92.64
92.63
92.63
92.64
92.63
92.63
92.62
92.61
92.61
92.6
92.6
92.6
92.6
92.6
92.6
92.6
92.6
92.6
92.6
92.59
92.59
92.58
92.57
92.57
92.56
92.56
92.55
92.55
92.55
92.55
92.54
92.55
92.55
92.54
92.54
92.55
92.56
92.57
92.57
92.57
92.57
92.56
92.56
92.55
92.54
92.54
92.54
92.53
92.53
92.53
92.51
92.53
92.51
92.53
92.53
92.53
92.53
92.51
92.53
92.54
92.53
92.53
92.51
92.5
92.5
92.49
92.49
92.48
92.48
92.48
92.48
92.48
92.49
92.49
92.49
92.5
92.49
92.5
92.5
92.5
92.5
92.5
92.5
92.49
92.49
92.49
92.48
92.46
92.46
92.46
92.45
92.45
92.46
92.45
92.45
92.45
92.46
92.45
92.45
92.44
92.44
92.43
92.42
92.41
92.4
92.4
92.39
92.38
92.37
92.37
92.37
92.37
92.37
92.37
92.38
92.37
92.37
92.37
92.36
92.34
92.34
92.33
92.32
92.31
92.31
92.3
92.3
92.3
92.29
92.28
92.28
92.27
92.25
92.25
92.24
92.24
92.23
92.22
92.21
92.2
92.19
92.18
92.18
92.17
92.17
92.16
92.16
92.15
92.16
92.16
92.15
92.14
92.14
92.13
92.13
92.13
92.13
92.13
92.13
92.12
92.12
92.12
92.11
92.11
92.1
92.09
92.09
92.1
92.1
92.1
92.1
92.1
92.09
92.09
92.1
92.1
92.1
92.1
92.1
92.09
92.08
92.07
92.06
92.06
92.05
92.05
92.05
92.04
92.04
92.03
92.02
92.02
92
92
91.99
91.99
91.98
91.97
91.97
91.96
91.95
91.94
91.93
91.93
91.93
91.92
91.92
91.91
91.9
91.9
91.9
91.9
91.9
91.89
91.88
91.88
91.87
91.86
91.86
91.86
91.85
91.84
91.84
91.83
91.83
91.83
91.83
91.83
91.82
91.83
91.83
91.83
91.83
91.82
91.82
91.82
91.81
91.79
91.78
91.78
91.77
91.77
91.77
91.77
91.76
91.74
91.74
91.74
91.74
91.73
91.73
91.73
91.72
91.71
91.71
91.69
91.68
91.67
91.67
91.67
91.67
91.67
91.67
91.68
91.68
91.68
91.67
91.67
91.66
91.66
91.64
91.63
91.62
91.62
91.61
91.6
91.6
91.58
91.58
91.58
91.58
91.58
91.58
91.59
91.59
91.6
91.6
91.6
91.6
91.6
91.59
91.58
91.57
91.56
91.55
91.54
91.54
91.54
91.53
91.53
91.52
91.52
91.53
91.53
91.52
91.52
91.52
91.51
91.51
91.5
91.5
91.47
91.46
91.45
91.44
91.44
91.43
91.43
91.43
91.43
91.43
91.44
91.43
91.43
91.43
91.43
91.42
91.41
91.4
91.39
91.39
91.38
91.37
91.38
91.38
91.37
91.36
91.36
91.36
91.36
91.35
91.34
91.34
91.33
91.33
91.33
91.32
91.31
91.31
91.32
91.32
91.31
91.31
91.31
91.3
91.3
91.3
91.3
91.3
91.29
91.28
91.28
91.28
91.28
91.27
91.26
91.26
91.25
91.25
91.24
91.24
91.22
91.22
91.21
91.21
91.19
91.18
91.18
91.18
91.18
91.17
91.17
91.17
91.16
91.16
91.15
91.15
91.15
91.15
91.15
91.15
91.14
91.13
91.12
91.12
91.12
91.12
91.11
91.1
91.09
91.09
91.08
91.07
91.07
91.06
91.05
91.05
91.05
91.04
91.04
91.03
91.03
91.02
91.01
91.01
91
91
91
90.99
90.99
90.99
91
91
91.01
91.01
91.01
91.01
91.01
91
91
91
91
91
91.01
91.01
91.01
91.01
91.01
91.01
91.01
91.01
91.01
91
91
91
90.99
90.98
90.98
90.98
90.96
90.96
90.96
90.96
90.96
90.98
90.96
90.96
90.96
90.96
90.96
90.96
90.96
90.98
90.96
90.95
90.95
90.95
90.95
90.95
90.94
90.94
90.95
90.94
90.93
90.93
90.92
90.92
90.92
90.92
90.92
90.92
90.92
90.92
90.91
90.92
90.92
90.93
90.93
90.94
90.94
90.94
90.95
90.95
90.95
90.95
90.95
90.94
90.95
90.94
90.94
90.94
90.94
90.94
90.94
90.94
90.93
90.93
90.94
90.94
90.95
90.95
90.95
90.96
90.96
90.99
90.99
90.99
91
91
91.01
91.01
91.01
91
91
91
91
91
91
91
91
91.01
91.01
91.01
91.01
91.01
91.02
91.01
91.01
91.01
91.01
91.01
91.01
91
91
91.01
91.01
91
91.01
91.01
91.01
91
90.99
90.99
90.98
90.96
90.96
90.98
90.98
90.96
90.98
90.98
90.98
90.98
90.98
90.98
90.98
90.98
90.96
90.96
90.96
90.96
90.96
90.96
90.96
90.96
90.98
90.96
90.98
90.96
90.95
90.95
90.96
90.95
90.95
90.95
90.96
90.98
90.96
90.98
90.96
90.95
90.95
90.95
90.94
90.94
90.94
90.94
90.94
90.94
90.94
90.94
90.94
90.93
90.93
90.93
90.94
90.94
90.94
90.94
90.94
90.94
90.94
90.95
90.95
90.95
90.94
90.94
90.94
90.94
90.94
90.94
90.93
90.92
90.94
90.94
90.93
90.93
90.92
90.92
90.93
90.92
90.93
90.93
90.93
90.93
90.93
90.93
90.93
90.93
90.92
90.92
90.92
90.92
90.92
90.92
90.91
90.91
90.92
90.92
90.92
90.92
90.92
90.93
90.92
90.92
90.91
90.91
90.91
90.91
90.91
90.9
90.91
90.92
90.93
90.93
90.95
90.95
90.95
90.94
90.94
90.94
90.94
90.93
90.92
90.92
90.91
90.91
90.9
90.89
90.9
90.9
90.91
90.91
90.92
90.92
90.92
90.93
90.93
90.93
90.94
90.94
90.94
90.93
90.93
90.92
90.93
90.94
90.94
90.94
90.94
90.94
90.95
90.95
90.95
90.94
90.94
90.95
90.95
90.95
90.95
90.94
90.94
90.94
90.94
90.94
90.94
90.94
90.94
90.94
90.94
90.95
90.95
90.95
90.95
90.95
90.95
90.96
90.96
90.96
90.95
90.94
90.94
90.94
90.94
90.94
90.94
90.93
90.94
90.94
90.94
90.94
90.94
90.94
90.94
90.94
90.93
90.92
90.92
90.92
90.91
90.9
90.89
90.9
90.89
90.89
90.89
90.89
90.89
90.9
90.9
90.9
90.91
90.91
90.91
90.92
90.92
90.92
90.92
90.91
90.9
90.9
90.9
90.9
90.9
90.9
90.9
90.89
90.89
90.89
90.89
90.89
90.89
90.89
90.89
90.89
90.89
90.88
90.88
90.88
90.88
90.88
90.87
90.87
90.87
90.86
90.86
90.86
90.86
90.85
90.85
90.85
90.85
90.85
90.85
90.85
90.85
90.85
90.85
90.85
90.86
90.86
90.86
90.86
90.86
90.86
90.87
90.86
90.86
90.86
90.85
90.85
90.85
90.85
90.85
90.85
90.85
90.85
90.85
90.85
90.85
90.85
90.85
90.86
90.86
90.86
90.86
90.86
90.86
90.86
90.86
90.85
90.85
90.84
90.83
90.81
90.8
90.79
90.8
90.8
90.8
90.8
90.81
90.81
90.82
90.82
90.81
90.82
90.82
90.82
90.82
90.83
90.83
90.83
90.83
90.83
90.82
90.8
90.79
90.77
90.77
90.77
90.77
90.77
90.77
90.77
90.77
90.77
90.77
90.77
90.77
90.78
90.77
90.77
90.76
90.76
90.75
90.75
90.75
90.75
90.74
90.75
90.75
90.75
90.75
90.75
90.74
90.74
90.73
90.73
90.73
90.73
90.73
90.73
90.72
90.72
90.7
90.7
90.72
90.72
90.72
90.72
90.72
90.72
90.72
90.69
90.69
90.69
90.7
90.7
90.69
90.68
90.68
90.67
90.66
90.66
90.66
90.66
90.66
90.66
90.67
90.67
90.66
90.66
90.66
90.66
90.67
90.67
90.67
90.67
90.66
90.67
90.67
90.66
90.66
90.66
90.65
90.65
90.65
90.64
90.64
90.65
90.65
90.66
90.66
90.67
90.68
90.67
90.67
90.67
90.68
90.68
90.68
90.68
90.68
90.68
90.67
90.68
90.68
90.68
90.68
90.67
90.67
90.66
90.66
90.66
90.66
90.64
90.64
90.63
90.62
90.62
90.62
90.61
90.61
90.6
90.6
90.6
90.6
90.6
90.6
90.6
90.6
90.6
90.6
90.59
90.58
90.57
90.57
90.56
90.56
90.56
90.56
90.56
90.56
90.57
90.57
90.57
90.56
90.56
90.56
90.56
90.56
90.57
90.57
90.56
90.56
90.54
90.53
90.53
90.52
90.52
90.53
90.53
90.54
90.54
90.54
90.54
90.54
90.53
90.53
90.54
90.53
90.52
90.51
90.5
90.5
90.51
90.51
90.51
90.51
90.51
90.52
90.52
90.52
90.52
90.52
90.52
90.52
90.52
90.52
90.53
90.52
90.52
90.52
90.52
90.52
90.52
90.52
90.51
90.52
90.52
90.52
90.52
90.52
90.52
90.54
90.54
90.54
90.55
90.56
90.56
90.56
90.56
90.56
90.55
90.54
90.54
90.55
90.55
90.56
90.56
90.56
90.56
90.56
90.56
90.56
90.56
90.56
90.56
90.56
90.56
90.56
90.56
90.56
90.56
90.55
90.54
90.54
90.54
90.55
90.56
90.55
90.56
90.57
90.57
90.58
90.58
90.59
90.6
90.59
90.59
90.59
90.58
90.58
90.58
90.59
90.58
90.59
90.59
90.59
90.59
90.6
90.6
90.61
90.61
90.62
90.62
90.62
90.6
90.6
90.6
90.6
90.6
90.6
90.61
90.61
90.61
90.61
90.62
90.62
90.63
90.63
90.63
90.64
90.64
90.64
90.64
90.64
90.64
90.64
90.64
90.64
90.64
90.65
90.65
90.66
90.66
90.66
90.67
90.67
90.68
90.68
90.68
90.68
90.69
90.69
90.68
90.68
90.67
90.67
90.66
90.66
90.66
90.66
90.66
90.67
90.67
90.67
90.67
90.67
90.66
90.66
90.66
90.66
90.67
90.66
90.67
90.67
90.68
90.68
90.67
90.67
90.68
90.68
90.68
90.69
90.68
90.68
90.68
90.68
90.68
90.68
90.68
90.68
90.69
90.69
90.69
90.69
90.69
90.69
90.69
90.7
90.72
90.72
90.73
90.73
90.73
90.74
90.74
90.74
90.75
90.75
90.75
90.75
90.76
90.76
90.76
90.76
90.76
90.77
90.78
90.78
90.78
90.78
90.79
90.8
90.81
90.81
90.81
90.82
90.82
90.81
90.8
90.8
90.81
90.8
90.81
90.81
90.82
90.83
90.84
90.85
90.85
90.85
90.85
90.84
90.84
90.83
90.84
90.84
90.83
90.83
90.83
90.84
90.85
90.86
90.87
90.87
90.88
90.88
90.88
90.88
90.88
90.88
90.88
90.89
90.88
90.88
90.87
90.86
90.85
90.85
90.85
90.85
90.84
90.84
90.84
90.84
90.85
90.86
90.86
90.87
90.87
90.88
90.88
90.88
90.87
90.87
90.86
90.86
90.87
90.87
90.88
90.88
90.88
90.88
90.89
90.89
90.9
90.9
90.9
90.89
90.89
90.89
90.89
90.89
90.89
90.89
90.88
90.88
90.88
90.88
90.87
90.87
90.87
90.88
90.89
90.89
90.9
90.9
90.91
90.92
90.93
90.94
90.94
90.94
90.93
90.92
90.92
90.91
90.91
90.91
90.9
90.91
90.92
90.92
90.94
90.95
90.96
90.96
90.99
91
91.01
91.01
91.02
91.02
91.03
91.03
91.03
91.03
91.03
91.03
91.03
91.03
91.04
91.03
91.03
91.02
91.02
91.02
91.02
91.02
91.02
91.02
91.02
91.02
91.02
91.02
91.02
91.03
91.02
91.03
91.03
91.03
91.03
91.03
91.03
91.03
91.03
91.02
91.02
91.02
91.01
91.01
91.01
91.01
91.01
91.01
91.01
91.01
91.01
91.02
91.02
91.03
91.03
91.03
91.04
91.03
91.04
91.05
91.05
91.05
91.05
91.05
91.05
91.04
91.04
91.04
91.04
91.04
91.05
91.05
91.05
91.06
91.06
91.07
91.07
91.08
91.08
91.09
91.08
91.08
91.08
91.08
91.08
91.08
91.08
91.08
91.09
91.09
91.1
91.1
91.09
91.09
91.1
91.1
91.1
91.09
91.09
91.09
91.09
91.09
91.09
91.08
91.08
91.08
91.08
91.09
91.1
91.1
91.11
91.12
91.12
91.12
91.12
91.13
91.14
91.14
91.14
91.13
91.13
91.13
91.12
91.12
91.13
91.12
91.13
91.14
91.15
91.15
91.15
91.15
91.16
91.17
91.18
91.18
91.18
91.18
91.18
91.17
91.17
91.18
91.19
91.18
91.18
91.19
91.19
91.2
91.2
91.21
91.21
91.22
91.22
91.22
91.24
91.22
91.24
91.22
91.22
91.24
91.22
91.22
91.21
91.21
91.21
91.21
91.22
91.22
91.22
91.24
91.25
91.25
91.25
91.25
91.25
91.26
91.26
91.26
91.26
91.26
91.25
91.25
91.24
91.24
91.24
91.22
91.24
91.24
91.25
91.25
91.25
91.26
91.26
91.27
91.27
91.28
91.28
91.28
91.28
91.28
91.28
91.28
91.28
91.29
91.29
91.29
91.3
91.3
91.3
91.3
91.3
91.3
91.29
91.29
91.29
91.29
91.29
91.29
91.28
91.29
91.29
91.29
91.29
91.29
91.29
91.29
91.28
91.28
91.28
91.28
91.28
91.28
91.28
91.26
91.26
91.26
91.26
91.26
91.26
91.26
91.26
91.27
91.28
91.28
91.28
91.28
91.28
91.28
91.28
91.28
91.28
91.27
91.27
91.27
91.26
91.26
91.25
91.25
91.25
91.25
91.25
91.26
91.26
91.26
91.26
91.26
91.26
91.26
91.26
91.26
91.26
91.25
91.26
91.25
91.25
91.25
91.25
91.25
91.26
91.27
91.28
91.28
91.28
91.28
91.29
91.29
91.29
91.29
91.3
91.3
91.3
91.3
91.31
91.3
91.31
91.31
91.31
91.31
91.3
91.3
91.3
91.31
91.3
91.3
91.3
91.31
91.3
91.3
91.3
91.3
91.28
91.28
91.28
91.29
91.29
91.28
91.29
91.29
91.3
91.31
91.31
91.31
91.32
91.32
91.32
91.32
91.31
91.3
91.3
91.29
91.3
91.31
91.3
91.3
91.3
91.3
91.29
91.28
91.28
91.27
91.27
91.27
91.27
91.27
91.28
91.28
91.28
91.28
91.28
91.28
91.28
91.28
91.28
91.28
91.29
91.29
91.3
91.3
91.29
91.3
91.3
91.29
91.28
91.27
91.27
91.26
91.26
91.26
91.26
91.26
91.26
91.26
91.26
91.26
91.26
91.26
91.26
91.27
91.26
91.26
91.25
91.25
91.24
91.22
91.21
91.2
91.2
91.19
91.18
91.19
91.18
91.18
91.19
91.19
91.19
91.18
91.18
91.18
91.18
91.17
91.17
91.16
91.16
91.15
91.14
91.14
91.14
91.14
91.14
91.14
91.14
91.15
91.15
91.16
91.16
91.16
91.16
91.15
91.15
91.15
91.15
91.15
91.14
91.16
91.16
91.17
91.16
91.16
91.15
91.15
91.15
91.15
91.15
91.15
91.15
91.15
91.15
91.15
91.16
91.16
91.16
91.15
91.15
91.15
91.15
91.14
91.14
91.14
91.15
91.15
91.16
91.17
91.17
91.17
91.17
91.17
91.17
91.17
91.18
91.18
91.17
91.17
91.16
91.18
91.18
91.17
91.16
91.17
91.16
91.17
91.17
91.17
91.16
91.15
91.16
91.16
91.16
91.16
91.16
91.15
91.15
91.15
91.15
91.15
91.15
91.15
91.16
91.17
91.17
91.17
91.17
91.16
91.16
91.16
91.16
91.15
91.16
91.16
91.15
91.16
91.15
91.16
91.16
91.16
91.16
91.17
91.17
91.17
91.18
91.19
91.19
91.2
91.2
91.2
91.19
91.18
91.18
91.18
91.18
91.17
91.17
91.17
91.17
91.17
91.18
91.18
91.18
91.18
91.18
91.19
91.19
91.19
91.18
91.18
91.18
91.18
91.18
91.18
91.18
91.18
91.19
91.19
91.19
91.2
91.2
91.21
91.2
91.2
91.2
91.2
91.2
91.21
91.22
91.24
91.24
91.24
91.24
91.24
91.24
91.24
91.24
91.22
91.22
91.24
91.25
91.25
91.25
91.24
91.24
91.25
91.25
91.26
91.26
91.27
91.26
91.25
91.25
91.25
91.25
91.25
91.25
91.25
91.26
91.27
91.28
91.28
91.28
91.28
91.28
91.27
91.26
91.26
91.25
91.24
91.24
91.22
91.21
91.22
91.22
91.22
91.22
91.24
91.24
91.24
91.24
91.25
91.25
91.25
91.25
91.24
91.24
91.24
91.24
91.24
91.24
91.24
91.22
91.24
91.24
91.24
91.24
91.22
91.24
91.24
91.24
91.24
91.24
91.25
91.25
91.25
91.25
91.25
91.25
91.25
91.24
91.25
91.25
91.25
91.26
91.26
91.26
91.26
91.26
91.28
91.28
91.3
91.31
91.31
91.31
91.31
91.31
91.31
91.31
91.32
91.32
91.32
91.33
91.32
91.32
91.33
91.33
91.32
91.33
91.32
91.33
91.33
91.33
91.33
91.34
91.34
91.33
91.34
91.33
91.33
91.34
91.35
91.35
91.36
91.37
91.37
91.38
91.38
91.38
91.38
91.38
91.38
91.38
91.38
91.38
91.38
91.37
91.37
91.36
91.35
91.35
91.35
91.35
91.36
91.36
91.36
91.37
91.38
91.38
91.39
91.4
91.4
91.4
91.39
91.39
91.39
91.39
91.39
91.39
91.39
91.39
91.4
91.4
91.4
91.4
91.39
91.39
91.39
91.39
91.39
91.39
91.39
91.39
91.39
91.38
91.38
91.38
91.38
91.38
91.39
91.4
91.41
91.41
91.42
91.41
91.42
91.42
91.41
91.41
91.42
91.42
91.42
91.42
91.42
91.42
91.42
91.42
91.42
91.42
91.42
91.43
91.43
91.44
91.44
91.44
91.45
91.45
91.45
91.45
91.44
91.44
91.44
91.43
91.43
91.42
91.43
91.43
91.43
91.44
91.44
91.44
91.44
91.44
91.43
91.43
91.43
91.43
91.44
91.44
91.44
91.43
91.43
91.43
91.43
91.43
91.43
91.43
91.43
91.43
91.42
91.42
91.43
91.42
91.42
91.43
91.43
91.44
91.44
91.44
91.44
91.44
91.45
91.46
91.46
91.47
91.47
91.46
91.46
91.46
91.46
91.46
91.46
91.46
91.47
91.48
91.5
91.51
91.51
91.51
91.51
91.52
91.52
91.52
91.52
91.53
91.53
91.53
91.54
91.54
91.54
91.54
91.53
91.53
91.52
91.53
91.53
91.53
91.53
91.53
91.54
91.55
91.55
91.55
91.55
91.56
91.56
91.56
91.56
91.56
91.56
91.56
91.56
91.56
91.57
91.57
91.56
91.56
91.56
91.57
91.57
91.57
91.58
91.58
91.59
91.59
91.6
91.6
91.6
91.61
91.61
91.61
91.6
91.6
91.6
91.6
91.58
91.58
91.58
91.58
91.58
91.59
91.59
91.6
91.6
91.6
